Nameplate,Technology,Latitude,Longitude,PLNTCODE,State
45,Hydroelectric,33.458665,-87.356823,2,AL
153.1,Coal,31.0069,-88.0103,3,AL
153.1,Coal,31.0069,-88.0103,3,AL
272,Coal,31.0069,-88.0103,3,AL
403.7,Coal,31.0069,-88.0103,3,AL
788.8,Coal,31.0069,-88.0103,3,AL
170.1,Natural Gas,31.0069,-88.0103,3,AL
191.8,Natural Gas,31.0069,-88.0103,3,AL
170.1,Natural Gas,31.0069,-88.0103,3,AL
170.1,Natural Gas,31.0069,-88.0103,3,AL
191.8,Natural Gas,31.0069,-88.0103,3,AL
75,Hydroelectric,32.583889,-86.283056,4,AL
75,Hydroelectric,32.583889,-86.283056,4,AL
75,Hydroelectric,32.583889,-86.283056,4,AL
69,Coal,34.0128,-85.9708,7,AL
69,Coal,34.0128,-85.9708,7,AL
125,Coal,33.644344,-87.196486,8,AL
125,Coal,33.644344,-87.196486,8,AL
187.5,Coal,33.644344,-87.196486,8,AL
190.4,Coal,33.644344,-87.196486,8,AL
788.8,Coal,33.644344,-87.196486,8,AL
80.5,Natural Gas,31.7569,-106.375,9,TX
299.2,Coal,32.6017,-87.7811,10,AL
269.2,Natural Gas,32.6017,-87.7811,10,AL
80,Natural Gas,32.6017,-87.7811,10,AL
80,Natural Gas,32.6017,-87.7811,10,AL
80,Natural Gas,32.6017,-87.7811,10,AL
80,Natural Gas,32.6017,-87.7811,10,AL
80,Natural Gas,32.6017,-87.7811,10,AL
80,Natural Gas,32.6017,-87.7811,10,AL
80,Natural Gas,32.6017,-87.7811,10,AL
80,Natural Gas,32.6017,-87.7811,10,AL
80,Natural Gas,32.6017,-87.7811,10,AL
24.3,Hydroelectric,33.7845,-86.0524,11,AL
24.3,Hydroelectric,33.7845,-86.0524,11,AL
24.3,Hydroelectric,33.7845,-86.0524,11,AL
40,Hydroelectric,33.2553,-87.4495,12,AL
25,Hydroelectric,32.6189,-86.2548,13,AL
25,Hydroelectric,32.6189,-86.2548,13,AL
25,Hydroelectric,32.6189,-86.2548,13,AL
25,Hydroelectric,32.6189,-86.2548,13,AL
42.7,Hydroelectric,33.425878,-86.337547,14,AL
42.7,Hydroelectric,33.425878,-86.337547,14,AL
42.7,Hydroelectric,33.425878,-86.337547,14,AL
29.5,Hydroelectric,32.9633,-86.5187,15,AL
29.5,Hydroelectric,32.9633,-86.5187,15,AL
29.5,Hydroelectric,32.9633,-86.5187,15,AL
29.5,Hydroelectric,32.9633,-86.5187,15,AL
29.5,Hydroelectric,32.9633,-86.5187,15,AL
29.5,Hydroelectric,32.9633,-86.5187,15,AL
50.2,Hydroelectric,32.680394,-85.911442,16,AL
50.2,Hydroelectric,32.680394,-85.911442,16,AL
50.2,Hydroelectric,32.680394,-85.911442,16,AL
60,Hydroelectric,32.680394,-85.911442,16,AL
20,Hydroelectric,32.806025,-86.444892,17,AL
50,Hydroelectric,32.806025,-86.444892,17,AL
50,Hydroelectric,32.806025,-86.444892,17,AL
50,Hydroelectric,32.806025,-86.444892,17,AL
78.7,Hydroelectric,33.9406,-87.1077,18,AL
78.7,Hydroelectric,33.9406,-87.1077,18,AL
40.5,Hydroelectric,32.535436,-85.887614,19,AL
40.5,Hydroelectric,32.535436,-85.887614,19,AL
10,Hydroelectric,32.535436,-85.887614,19,AL
29.2,Hydroelectric,34.172142,-85.753806,20,AL
29.2,Hydroelectric,34.172142,-85.753806,20,AL
29.2,Hydroelectric,34.172142,-85.753806,20,AL
25.5,Hydroelectric,32.5743,-85.8901,21,AL
25,Hydroelectric,32.5743,-85.8901,21,AL
272,Coal,33.244211,-86.458056,26,AL
272,Coal,33.244211,-86.458056,26,AL
272,Coal,33.244211,-86.458056,26,AL
952,Coal,33.244211,-86.458056,26,AL
21.2,Other,33.244211,-86.458056,26,AL
244.8,Coal,33.244211,-86.458056,26,AL
3.1,Natural Gas,44.0525,-94.4153,30,MN
2,Natural Gas,44.0525,-94.4153,30,MN
1.1,Natural Gas,44.0525,-94.4153,30,MN
4.3,Natural Gas,44.0525,-94.4153,30,MN
1.3,Natural Gas,44.0525,-94.4153,30,MN
12.1,Hydroelectric,39.134259,-120.953341,34,CA
33.7,Hydroelectric,32.100881,-87.399767,38,AL
33.7,Hydroelectric,32.100881,-87.399767,38,AL
33.7,Hydroelectric,32.100881,-87.399767,38,AL
1152,Nuclear,34.7042,-87.1189,46,AL
1152,Nuclear,34.7042,-87.1189,46,AL
1190,Nuclear,34.7042,-87.1189,46,AL
200,Coal,34.7439,-87.8486,47,AL
200,Coal,34.7439,-87.8486,47,AL
200,Coal,34.7439,-87.8486,47,AL
200,Coal,34.7439,-87.8486,47,AL
550,Coal,34.7439,-87.8486,47,AL
59.5,Natural Gas,34.7439,-87.8486,47,AL
59.5,Natural Gas,34.7439,-87.8486,47,AL
59.5,Natural Gas,34.7439,-87.8486,47,AL
59.5,Natural Gas,34.7439,-87.8486,47,AL
59.5,Natural Gas,34.7439,-87.8486,47,AL
59.5,Natural Gas,34.7439,-87.8486,47,AL
59.5,Natural Gas,34.7439,-87.8486,47,AL
59.5,Natural Gas,34.7439,-87.8486,47,AL
28.8,Hydroelectric,34.421272,-86.393931,48,AL
28.8,Hydroelectric,34.421272,-86.393931,48,AL
28.8,Hydroelectric,34.421272,-86.393931,48,AL
28.8,Hydroelectric,34.421272,-86.393931,48,AL
35.1,Hydroelectric,34.8069,-87.3819,49,AL
35.1,Hydroelectric,34.8069,-87.3819,49,AL
35.1,Hydroelectric,34.8069,-87.3819,49,AL
35.1,Hydroelectric,34.8069,-87.3819,49,AL
35.1,Hydroelectric,34.8069,-87.3819,49,AL
35.1,Hydroelectric,34.8069,-87.3819,49,AL
35.1,Hydroelectric,34.8069,-87.3819,49,AL
35.1,Hydroelectric,34.8069,-87.3819,49,AL
43.6,Hydroelectric,34.8069,-87.3819,49,AL
36,Hydroelectric,34.8069,-87.3819,49,AL
43.6,Hydroelectric,34.8069,-87.3819,49,AL
140.6,Coal,34.883022,-85.755253,50,AL
140.6,Coal,34.883022,-85.755253,50,AL
140.6,Coal,34.883022,-85.755253,50,AL
140.6,Coal,34.883022,-85.755253,50,AL
140.6,Coal,34.883022,-85.755253,50,AL
140.6,Coal,34.883022,-85.755253,50,AL
575,Coal,34.883022,-85.755253,50,AL
550,Coal,34.883022,-85.755253,50,AL
720.7,Coal,32.030556,-93.569167,51,LA
1.2,Hydroelectric,31.4033,-86.479469,53,AL
1.8,Hydroelectric,31.4033,-86.479469,53,AL
149,Natural Gas,37.8833,-84.1017,54,KY
149,Natural Gas,37.8833,-84.1017,54,KY
149,Natural Gas,37.8833,-84.1017,54,KY
108,Natural Gas,37.8833,-84.1017,54,KY
108,Natural Gas,37.8833,-84.1017,54,KY
1.6,Hydroelectric,31.361146,-86.518307,55,AL
1.6,Hydroelectric,31.361146,-86.518307,55,AL
2,Hydroelectric,31.361146,-86.518307,55,AL
66,Coal,31.488019,-87.910747,56,AL
236,Coal,31.488019,-87.910747,56,AL
236,Coal,31.488019,-87.910747,56,AL
109.8,Coal,40.854765,-98.348222,59,NE
76.3,Coal,40.580872,-98.312437,60,NE
1.8,Hydroelectric,58.3176,-134.101,62,AK
1.8,Hydroelectric,58.3176,-134.101,62,AK
0.8,Hydroelectric,58.3107,-134.4174,63,AK
0.4,Hydroelectric,58.3107,-134.4174,63,AK
0.4,Hydroelectric,58.3107,-134.4174,63,AK
1.3,Other,58.3107,-134.4174,63,AK
1.3,Other,58.3107,-134.4174,63,AK
1.2,Other,58.3107,-134.4174,63,AK
1.2,Other,58.3107,-134.4174,63,AK
3.5,Other,58.3107,-134.4174,63,AK
2.5,Other,58.3536,-134.4953,64,AK
2.5,Other,58.3536,-134.4953,64,AK
2.5,Other,58.3536,-134.4953,64,AK
17.5,Other,58.3536,-134.4953,64,AK
17.5,Other,58.3536,-134.4953,64,AK
2.5,Other,58.3536,-134.4953,64,AK
2.5,Other,58.3536,-134.4953,64,AK
2.5,Other,58.3536,-134.4953,64,AK
2.5,Other,58.3536,-134.4953,64,AK
2.5,Other,58.3536,-134.4953,64,AK
2.5,Other,58.3536,-134.4953,64,AK
6.7,Hydroelectric,58.3269,-134.4631,65,AK
0.4,Hydroelectric,59.4545,-135.3131,66,AK
0.1,Hydroelectric,59.4545,-135.3131,66,AK
0.3,Hydroelectric,59.4545,-135.3131,66,AK
0.2,Hydroelectric,59.4545,-135.3131,66,AK
0.8,Other,59.4545,-135.3131,66,AK
1.1,Other,59.4545,-135.3131,66,AK
0.5,Other,59.4545,-135.3131,66,AK
0.6,Other,59.2358,-135.445,69,AK
1.1,Other,59.2358,-135.445,69,AK
1.2,Other,59.2358,-135.445,69,AK
2.8,Other,59.2358,-135.445,69,AK
1.6,Other,59.2358,-135.445,69,AK
11.2,Hydroelectric,55.613892,-131.35417,70,AK
11.2,Hydroelectric,55.613892,-131.35417,70,AK
11.2,Hydroelectric,57.6861,-152.895,71,AK
11.2,Hydroelectric,57.6861,-152.895,71,AK
10.1,Hydroelectric,34.01135,-118.4168,72,CA
12.5,Natural Gas,61.2221,-149.8661,75,AK
12.5,Natural Gas,61.2221,-149.8661,75,AK
16.3,Natural Gas,61.2221,-149.8661,75,AK
27,Natural Gas,61.2221,-149.8661,75,AK
1.1,Other,61.2221,-149.8661,75,AK
1.1,Other,61.2221,-149.8661,75,AK
22.2,Hydroelectric,61.475211,-149.15009,77,AK
22.2,Hydroelectric,61.475211,-149.15009,77,AK
23.5,Hydroelectric,58.1415,-133.737,78,AK
23.5,Hydroelectric,58.1415,-133.737,78,AK
31,Hydroelectric,58.1415,-133.737,78,AK
5,Coal,64.847743,-147.735063,79,AK
2.5,Coal,64.847743,-147.735063,79,AK
1.5,Coal,64.847743,-147.735063,79,AK
20,Coal,64.847743,-147.735063,79,AK
1.4,Hydroelectric,55.344641,-131.633425,84,AK
1.4,Hydroelectric,55.344641,-131.633425,84,AK
1.4,Hydroelectric,55.344641,-131.633425,84,AK
4.5,Other,55.3633,-131.6778,85,AK
4.5,Other,55.3633,-131.6778,85,AK
6.4,Other,55.3633,-131.6778,85,AK
10.5,Other,55.3633,-131.6778,85,AK
257,Coal,35.4159,-108.082,87,NM
2.3,Hydroelectric,41.949,-74.2063,88,NY
2.3,Hydroelectric,41.949,-74.2063,88,NY
1.2,Other,64.505924,-165.429384,90,AK
1,Other,64.505924,-165.429384,90,AK
2.8,Other,64.505924,-165.429384,90,AK
1.5,Other,64.505924,-165.429384,90,AK
3.8,Other,64.505924,-165.429384,90,AK
2,Other,64.505924,-165.429384,90,AK
1.6,Hydroelectric,56.81104,-132.957091,91,AK
2.6,Other,56.81104,-132.957091,91,AK
0.3,Other,56.81104,-132.957091,91,AK
1.2,Other,56.81104,-132.957091,91,AK
0.6,Other,56.81104,-132.957091,91,AK
0.8,Other,56.81104,-132.957091,91,AK
2.6,Other,56.81104,-132.957091,91,AK
2.6,Other,56.81104,-132.957091,91,AK
1.5,Other,60.1083,-149.4417,92,AK
1.5,Other,60.1083,-149.4417,92,AK
2.5,Other,60.1083,-149.4417,92,AK
2.5,Other,60.1083,-149.4417,92,AK
2.5,Other,60.1083,-149.4417,92,AK
2.8,Other,60.1083,-149.4417,92,AK
3,Hydroelectric,57.0516,-135.2297,93,AK
3,Hydroelectric,57.0516,-135.2297,93,AK
1.3,Other,56.4522,-132.3683,95,AK
1.3,Other,56.4522,-132.3683,95,AK
1.3,Other,56.4522,-132.3683,95,AK
1.3,Other,56.4522,-132.3683,95,AK
0.5,Other,56.4522,-132.3683,95,AK
0.5,Other,56.4522,-132.3683,95,AK
2.5,Other,56.4522,-132.3683,95,AK
2,Other,56.4522,-132.3683,95,AK
2,Other,56.4522,-132.3683,95,AK
2,Other,56.4522,-132.3683,95,AK
16,Natural Gas,61.1861,-151.0356,96,AK
16,Natural Gas,61.1861,-151.0356,96,AK
59.1,Natural Gas,61.1861,-151.0356,96,AK
68.3,Natural Gas,61.1861,-151.0356,96,AK
76.5,Natural Gas,61.1861,-151.0356,96,AK
76.5,Natural Gas,61.1861,-151.0356,96,AK
62,Natural Gas,61.1861,-151.0356,96,AK
84.6,Natural Gas,48.4553,-122.435,99,WA
84.6,Natural Gas,48.4553,-122.435,99,WA
1.4,Hydroelectric,33.466477,-111.781064,100,AZ
199.8,Hydroelectric,37.147926,-119.2567,104,CA
348.7,Coal,37.9308,-100.9725,108,KS
0.3,Other,59.6708,-157.89,109,AK
0.5,Other,59.6708,-157.89,109,AK
0.7,Other,59.6708,-157.89,109,AK
1,Other,59.6708,-157.89,109,AK
0.8,Other,59.6708,-157.89,109,AK
1.1,Other,59.6708,-157.89,109,AK
1,Other,59.6708,-157.89,109,AK
0.8,Other,59.6708,-157.89,109,AK
1.8,Hydroelectric,34.3480541,-111.6974256,112,AZ
1.8,Hydroelectric,34.3480541,-111.6974256,112,AZ
1.8,Hydroelectric,34.3480541,-111.6974256,112,AZ
113.6,Coal,34.9394,-110.3033,113,AZ
288.9,Coal,34.9394,-110.3033,113,AZ
312.3,Coal,34.9394,-110.3033,113,AZ
414,Coal,34.9394,-110.3033,113,AZ
21.4,Other,31.364122,-109.5538,114,AZ
1.6,Hydroelectric,34.4029,-111.617341,115,AZ
113.6,Natural Gas,33.4225,-111.9122,116,AZ
113.6,Natural Gas,33.4225,-111.9122,116,AZ
53.1,Natural Gas,33.4225,-111.9122,116,AZ
53.1,Natural Gas,33.4225,-111.9122,116,AZ
0.1,Solar,33.4225,-111.9122,116,AZ
0.1,Solar,33.4225,-111.9122,116,AZ
0.4,Solar,33.4225,-111.9122,116,AZ
34.5,Natural Gas,33.4417,-112.1583,117,AZ
16,Natural Gas,33.4417,-112.1583,117,AZ
69,Natural Gas,33.4417,-112.1583,117,AZ
132,Natural Gas,33.4417,-112.1583,117,AZ
132,Natural Gas,33.4417,-112.1583,117,AZ
132,Natural Gas,33.4417,-112.1583,117,AZ
91,Natural Gas,33.4417,-112.1583,117,AZ
44.6,Natural Gas,33.4417,-112.1583,117,AZ
184,Natural Gas,33.4417,-112.1583,117,AZ
184,Natural Gas,33.4417,-112.1583,117,AZ
201,Natural Gas,33.4417,-112.1583,117,AZ
53.1,Natural Gas,33.4417,-112.1583,117,AZ
53.1,Natural Gas,33.4417,-112.1583,117,AZ
125,Natural Gas,32.5517,-111.3,118,AZ
125,Natural Gas,32.5517,-111.3,118,AZ
78.3,Natural Gas,32.5517,-111.3,118,AZ
53.1,Natural Gas,32.5517,-111.3,118,AZ
53.1,Natural Gas,32.5517,-111.3,118,AZ
19.6,Natural Gas,32.7214,-114.7106,120,AZ
19.6,Natural Gas,32.7214,-114.7106,120,AZ
26,Other,32.7214,-114.7106,120,AZ
56.3,Natural Gas,32.7214,-114.7106,120,AZ
56.3,Other,32.7214,-114.7106,120,AZ
86.7,Natural Gas,32.7214,-114.7106,120,AZ
85,Natural Gas,32.252273,-110.992148,124,AZ
173.3,Coal,32.16,-110.9047,126,AZ
27,Natural Gas,32.16,-110.9047,126,AZ
27,Natural Gas,32.16,-110.9047,126,AZ
108.8,Natural Gas,32.16,-110.9047,126,AZ
108.8,Natural Gas,32.16,-110.9047,126,AZ
113.6,Natural Gas,32.16,-110.9047,126,AZ
720,Coal,34.0825,-99.1753,127,TX
590.9,Coal,33.3692,-80.1119,130,SC
556.2,Coal,33.3692,-80.1119,130,SC
714.6,Coal,29.733056,-81.632778,136,FL
714.6,Coal,29.733056,-81.632778,136,FL
113.6,Natural Gas,33.5561,-112.2153,141,AZ
113.6,Natural Gas,33.5561,-112.2153,141,AZ
163.2,Natural Gas,33.5561,-112.2153,141,AZ
80.5,Natural Gas,33.5561,-112.2153,141,AZ
71.2,Natural Gas,33.5561,-112.2153,141,AZ
71.2,Natural Gas,33.5561,-112.2153,141,AZ
0.2,Solar,33.5561,-112.2153,141,AZ
7.5,Natural Gas,33.439375,-111.946052,143,AZ
7.5,Natural Gas,33.439375,-111.946052,143,AZ
7.5,Natural Gas,33.439375,-111.946052,143,AZ
7.5,Natural Gas,33.439375,-111.946052,143,AZ
3,Hydroelectric,33.439375,-111.946052,143,AZ
9.9,Hydroelectric,33.5907,-111.344,145,AZ
9.9,Hydroelectric,33.5907,-111.344,145,AZ
9.9,Hydroelectric,33.5907,-111.344,145,AZ
99.8,Hydroelectric,33.5907,-111.344,145,AZ
34.5,Natural Gas,33.3556,-111.9353,147,AZ
73.5,Natural Gas,33.3556,-111.9353,147,AZ
53.1,Natural Gas,33.3556,-111.9353,147,AZ
60.3,Natural Gas,33.3556,-111.9353,147,AZ
60.3,Natural Gas,33.3556,-111.9353,147,AZ
170,Natural Gas,33.3556,-111.9353,147,AZ
122,Natural Gas,33.3556,-111.9353,147,AZ
9.2,Hydroelectric,33.5536,-111.4431,148,AZ
54.3,Hydroelectric,33.5536,-111.4431,148,AZ
36,Hydroelectric,33.671104,-111.161786,149,AZ
13,Hydroelectric,33.5661,-111.536,150,AZ
71.2,Other,37.62936,-120.93139,151,CA
71.2,Other,37.62936,-120.93139,151,CA
51.7,Hydroelectric,35.197044,-114.570669,152,AZ
51.7,Hydroelectric,35.197044,-114.570669,152,AZ
48,Hydroelectric,35.197044,-114.570669,152,AZ
51.7,Hydroelectric,35.197044,-114.570669,152,AZ
51.7,Hydroelectric,35.197044,-114.570669,152,AZ
165,Hydroelectric,36.936614,-111.483872,153,AZ
157,Hydroelectric,36.936614,-111.483872,153,AZ
165,Hydroelectric,36.936614,-111.483872,153,AZ
157,Hydroelectric,36.936614,-111.483872,153,AZ
165,Hydroelectric,36.936614,-111.483872,153,AZ
165,Hydroelectric,36.936614,-111.483872,153,AZ
157,Hydroelectric,36.936614,-111.483872,153,AZ
165,Hydroelectric,36.936614,-111.483872,153,AZ
2.4,Hydroelectric,36.01551,-114.738006,154,NV
130,Hydroelectric,36.01551,-114.738006,154,NV
130,Hydroelectric,36.01551,-114.738006,154,NV
130,Hydroelectric,36.01551,-114.738006,154,NV
130,Hydroelectric,36.01551,-114.738006,154,NV
130,Hydroelectric,36.01551,-114.738006,154,NV
130,Hydroelectric,36.01551,-114.738006,154,NV
127,Hydroelectric,36.01551,-114.738006,154,NV
130,Hydroelectric,36.01551,-114.738006,154,NV
5,Hydroelectric,33.1747831,-110.5278775,155,AZ
5,Hydroelectric,33.1747831,-110.5278775,155,AZ
1.5,Hydroelectric,40.493631,-111.312506,159,UT
11.5,Natural Gas,32.0603,-109.8931,160,AZ
20.4,Natural Gas,32.0603,-109.8931,160,AZ
78.7,Natural Gas,32.0603,-109.8931,160,AZ
60.5,Natural Gas,32.0603,-109.8931,160,AZ
81.6,Natural Gas,32.0603,-109.8931,160,AZ
204,Coal,32.0603,-109.8931,160,AZ
204,Coal,32.0603,-109.8931,160,AZ
1.1,Hydroelectric,37.611461,-120.594678,161,CA
1.1,Hydroelectric,37.611461,-120.594678,161,CA
1.1,Hydroelectric,37.611461,-120.594678,161,CA
0.5,Hydroelectric,37.621536,-120.746247,162,CA
0.5,Hydroelectric,37.621536,-120.746247,162,CA
2.7,Other,24.7056097,-81.3758561,164,FL
490,Coal,36.190278,-95.2894,165,OK
520,Coal,36.190278,-95.2894,165,OK
28,Hydroelectric,34.4425,-93.0262,166,AR
28,Hydroelectric,34.4425,-93.0262,166,AR
69,Natural Gas,34.7535,-92.1987,167,AR
156.2,Natural Gas,34.7535,-92.1987,167,AR
5.8,Other,34.7535,-92.1987,167,AR
69,Natural Gas,34.9806,-90.8722,168,AR
69,Natural Gas,34.9806,-90.8722,168,AR
26.5,Natural Gas,33.3592,-93.4649,169,AR
156.2,Natural Gas,33.3592,-93.4649,169,AR
40,Natural Gas,34.4341,-92.9049,170,AR
40,Natural Gas,34.4341,-92.9049,170,AR
119.5,Natural Gas,34.4341,-92.9049,170,AR
552.5,Natural Gas,34.4341,-92.9049,170,AR
19.5,Natural Gas,34.635997,-92.409602,171,AR
19.5,Natural Gas,34.635997,-92.409602,171,AR
19.5,Natural Gas,34.635997,-92.409602,171,AR
19.5,Natural Gas,34.635997,-92.409602,171,AR
1.6,Other,35.6975,-90.0053,172,AR
1.6,Other,35.6975,-90.0053,172,AR
1.6,Other,35.6975,-90.0053,172,AR
1.6,Other,35.6975,-90.0053,172,AR
1.6,Other,35.6975,-90.0053,172,AR
1.6,Other,35.6975,-90.0053,172,AR
359,Natural Gas,34.4629,-90.5987,173,AR
544.6,Natural Gas,34.4629,-90.5987,173,AR
19.5,Natural Gas,34.4629,-90.5987,173,AR
3,Hydroelectric,34.4272,-92.8941,174,AR
3,Hydroelectric,34.4272,-92.8941,174,AR
3,Hydroelectric,34.4272,-92.8941,174,AR
1,Hydroelectric,40.45193,-121.86215,180,CA
1.2,Other,64.8377778,-147.7163888,181,AR
0.7,Other,64.8377778,-147.7163888,181,AR
0.3,Other,64.8377778,-147.7163888,181,AR
0.3,Other,64.8377778,-147.7163888,181,AR
0.1,Other,64.8377778,-147.7163888,181,AR
56,Hydroelectric,36.421507,-93.847373,182,AR
56,Hydroelectric,36.421507,-93.847373,182,AR
40,Hydroelectric,34.211913,-93.110963,187,AR
28,Hydroelectric,34.211913,-93.110963,187,AR
48,Hydroelectric,35.5207,-91.9953,188,AR
48,Hydroelectric,35.5207,-91.9953,188,AR
0.4,Other,36.0573444,-90.4803833,192,AR
1.1,Other,36.0573444,-90.4803833,192,AR
0.8,Other,36.0573444,-90.4803833,192,AR
0.8,Other,36.0573444,-90.4803833,192,AR
1,Other,36.0573444,-90.4803833,192,AR
2,Other,36.3858,-90.1867,193,AR
0.6,Other,36.3858,-90.1867,193,AR
2.2,Other,36.3858,-90.1867,193,AR
1.3,Other,36.3858,-90.1867,193,AR
1.1,Other,36.3858,-90.1867,193,AR
8.5,Hydroelectric,34.148427,-93.715168,195,AR
8.5,Hydroelectric,34.148427,-93.715168,195,AR
8.5,Hydroelectric,34.148427,-93.715168,195,AR
40.2,Hydroelectric,36.2491,-92.2401,196,AR
40.2,Hydroelectric,36.2491,-92.2401,196,AR
37.5,Hydroelectric,34.570984,-93.194425,197,AR
37.5,Hydroelectric,34.570984,-93.194425,197,AR
40,Hydroelectric,36.3635,-92.5763,198,AR
40,Hydroelectric,36.3635,-92.5763,198,AR
40,Hydroelectric,36.3635,-92.5763,198,AR
40,Hydroelectric,36.3635,-92.5763,198,AR
45,Hydroelectric,36.3635,-92.5763,198,AR
45,Hydroelectric,36.3635,-92.5763,198,AR
45,Hydroelectric,36.3635,-92.5763,198,AR
45,Hydroelectric,36.3635,-92.5763,198,AR
40.2,Hydroelectric,35.2503,-93.1686,199,AR
40.2,Hydroelectric,35.2503,-93.1686,199,AR
40.2,Hydroelectric,35.2503,-93.1686,199,AR
40.2,Hydroelectric,35.2503,-93.1686,199,AR
59,Natural Gas,35.462382,-93.804926,201,AR
126,Natural Gas,35.462382,-93.804926,201,AR
120,Natural Gas,35.260102,-91.363426,202,AR
136,Natural Gas,33.5648,-92.7917,203,AR
990,Nuclear,40.1719,-88.8339,204,IL
679,Coal,30.4308,-81.5508,207,FL
679,Coal,30.4308,-81.5508,207,FL
1235.7,Nuclear,38.23926,-95.68978,210,KS
1,Hydroelectric,39.215979,-120.80355,214,CA
1,Hydroelectric,39.215979,-120.80355,214,CA
1.4,Hydroelectric,38.071944,-120.539444,215,CA
31,Hydroelectric,36.909137,-119.087712,217,CA
48.6,Hydroelectric,36.908907,-119.087556,218,CA
48.6,Hydroelectric,36.908907,-119.087556,218,CA
117.9,Hydroelectric,40.007445,-121.249438,219,CA
33,Hydroelectric,39.91062,-121.327692,220,CA
33,Hydroelectric,39.91062,-121.327692,220,CA
40,Hydroelectric,40.175656,-121.190663,221,CA
23.8,Hydroelectric,40.085476,-121.148241,222,CA
25,Hydroelectric,40.085476,-121.148241,222,CA
25,Hydroelectric,40.085476,-121.148241,222,CA
60.3,Hydroelectric,40.085997,-121.149373,223,CA
57.6,Hydroelectric,40.085997,-121.149373,223,CA
5.5,Hydroelectric,39.788877,-121.657383,224,CA
0.9,Hydroelectric,39.788877,-121.657383,224,CA
7,Hydroelectric,38.771764,-120.813239,225,CA
1,Hydroelectric,39.605043,-121.600525,226,CA
12.1,Hydroelectric,40.404645,-122.121904,227,CA
345,Natural Gas,38.0192,-121.7642,228,CA
345,Natural Gas,38.0192,-121.7642,228,CA
0.7,Hydroelectric,40.570817,-122.02093,229,CA
0.7,Hydroelectric,40.570817,-122.02093,229,CA
36.9,Hydroelectric,39.825907,-121.409687,231,CA
36.9,Hydroelectric,39.825907,-121.409687,231,CA
18.4,Hydroelectric,39.869265,-121.631819,232,CA
5.5,Hydroelectric,39.29807,-120.8443,233,CA
12,Hydroelectric,39.256873,-120.767437,235,CA
12,Hydroelectric,39.256873,-120.767437,235,CA
12,Hydroelectric,39.256873,-120.767437,235,CA
13.2,Hydroelectric,39.256873,-120.767437,235,CA
53.1,Hydroelectric,39.257388,-120.767046,236,CA
22,Hydroelectric,39.216985,-120.835587,237,CA
10,Hydroelectric,38.793574,-120.619152,238,CA
10,Hydroelectric,38.793574,-120.619152,238,CA
32.3,Hydroelectric,38.330985,-120.669901,239,CA
35.1,Hydroelectric,38.330985,-120.669901,239,CA
35.1,Hydroelectric,38.330985,-120.669901,239,CA
67.5,Hydroelectric,36.927424,-119.02025,240,CA
67.5,Hydroelectric,36.927424,-119.02025,240,CA
13.6,Hydroelectric,38.956985,-121.041932,241,CA
2.6,Hydroelectric,40.268712,-121.089479,242,CA
2.7,Hydroelectric,40.268712,-121.089479,242,CA
10,Hydroelectric,40.929297,-121.544462,243,CA
10,Hydroelectric,40.960675,-121.548657,244,CA
51.2,Natural Gas,40.7415,-124.2103,246,CA
51.2,Natural Gas,40.7415,-124.2103,246,CA
107.5,Natural Gas,37.7361219,-122.3763657,247,CA
107.5,Natural Gas,37.7361219,-122.3763657,247,CA
156.2,Natural Gas,37.7361219,-122.3763657,247,CA
56.2,Other,37.7361219,-122.3763657,247,CA
7.6,Hydroelectric,40.400988,-121.965502,248,CA
85.1,Hydroelectric,40.992295,-121.975182,249,CA
83.5,Hydroelectric,40.992295,-121.975182,249,CA
11.3,Hydroelectric,37.092486,-119.552826,250,CA
11.3,Hydroelectric,37.092486,-119.552826,250,CA
11.3,Hydroelectric,37.092486,-119.552826,250,CA
1.5,Hydroelectric,40.677827,-121.873253,253,CA
1.5,Hydroelectric,40.677827,-121.873253,253,CA
48.6,Hydroelectric,36.888166,-119.158777,254,CA
1,Hydroelectric,39.698755,-121.57096,255,CA
1,Hydroelectric,39.698755,-121.57096,255,CA
3.4,Hydroelectric,37.52301,-120.329905,258,CA
169.1,Natural Gas,35.372167,-120.856562,259,CA
169.1,Natural Gas,35.372167,-120.856562,259,CA
359,Natural Gas,35.372167,-120.856562,259,CA
359,Natural Gas,35.372167,-120.856562,259,CA
702,Natural Gas,36.804837,-121.782241,260,CA
702,Natural Gas,36.804837,-121.782241,260,CA
233,Natural Gas,36.804837,-121.782241,260,CA
233,Natural Gas,36.804837,-121.782241,260,CA
233,Natural Gas,36.804837,-121.782241,260,CA
233,Natural Gas,36.804837,-121.782241,260,CA
233,Natural Gas,36.804837,-121.782241,260,CA
233,Natural Gas,36.804837,-121.782241,260,CA
4.5,Hydroelectric,38.147093,-120.446396,261,CA
10.2,Hydroelectric,39.2364,-121.271741,262,CA
1.6,Hydroelectric,38.032103,-120.326537,264,CA
34.6,Hydroelectric,40.99084,-121.498243,265,CA
34.6,Hydroelectric,40.99084,-121.498243,265,CA
26.7,Hydroelectric,40.997448,-121.748139,266,CA
26.7,Hydroelectric,40.997448,-121.748139,266,CA
26.7,Hydroelectric,40.997448,-121.748139,266,CA
51.7,Hydroelectric,40.986361,-121.84944,267,CA
51.7,Hydroelectric,40.986361,-121.84944,267,CA
38.2,Hydroelectric,40.986197,-121.977594,268,CA
38.2,Hydroelectric,40.986197,-121.977594,268,CA
33.2,Hydroelectric,40.986197,-121.977594,268,CA
32,Hydroelectric,40.986197,-121.977594,268,CA
39.6,Hydroelectric,40.922568,-121.992906,269,CA
39.6,Hydroelectric,40.922568,-121.992906,269,CA
57.6,Hydroelectric,40.847462,-121.990798,270,CA
52.2,Hydroelectric,40.847462,-121.990798,270,CA
170,Natural Gas,38.039168,-121.894469,271,CA
170,Natural Gas,38.039168,-121.894469,271,CA
170,Natural Gas,38.039168,-121.894469,271,CA
170,Natural Gas,38.039168,-121.894469,271,CA
326,Natural Gas,38.039168,-121.894469,271,CA
326,Natural Gas,38.039168,-121.894469,271,CA
740,Natural Gas,38.039168,-121.894469,271,CA
71.4,Hydroelectric,39.722892,-121.469814,272,CA
71.4,Hydroelectric,39.722892,-121.469814,272,CA
210,Natural Gas,37.7567704,-122.3871858,273,CA
52,Other,37.7567704,-122.3871858,273,CA
52,Other,37.7567704,-122.3871858,273,CA
52,Other,37.7567704,-122.3871858,273,CA
4.4,Hydroelectric,39.361786,-123.127934,274,CA
2,Hydroelectric,39.361786,-123.127934,274,CA
3,Hydroelectric,39.361786,-123.127934,274,CA
62.3,Hydroelectric,39.90521,-121.345226,275,CA
62.3,Hydroelectric,39.90521,-121.345226,275,CA
2.8,Hydroelectric,37.203233,-119.497508,276,CA
4,Hydroelectric,37.253718,-119.519352,277,CA
12.3,Hydroelectric,38.497914,-120.21811,279,CA
29.7,Hydroelectric,38.497914,-120.21811,279,CA
6.7,Hydroelectric,40.395396,-121.879186,280,CA
7,Hydroelectric,39.324613,-120.644807,281,CA
3.7,Hydroelectric,39.324592,-120.645375,282,CA
6.6,Hydroelectric,39.337679,-120.635467,283,CA
6,Hydroelectric,38.18653,-120.11168,284,CA
81.9,Hydroelectric,38.139048,-120.370325,285,CA
55,Other,38.777,-122.745,286,CA
110,Other,38.777,-122.745,286,CA
110,Other,38.777,-122.745,286,CA
138,Other,38.777,-122.745,286,CA
113,Other,38.777,-122.745,286,CA
118,Other,38.777,-122.745,286,CA
118,Other,38.777,-122.745,286,CA
118,Other,38.777,-122.745,286,CA
118,Other,38.777,-122.745,286,CA
55,Other,38.777,-122.745,286,CA
55,Other,38.777,-122.745,286,CA
55,Other,38.777,-122.745,286,CA
55,Other,38.777,-122.745,286,CA
55,Other,38.777,-122.745,286,CA
25.5,Hydroelectric,38.449291,-120.492645,287,CA
26.7,Hydroelectric,38.449291,-120.492645,287,CA
4.2,Hydroelectric,36.163076,-118.707104,289,CA
4.2,Hydroelectric,36.163076,-118.707104,289,CA
8.5,Hydroelectric,40.459111,-121.86708,290,CA
13.6,Hydroelectric,38.420898,-120.549572,291,CA
13.6,Hydroelectric,38.889862,-121.098525,292,CA
2.8,Hydroelectric,38.889862,-121.098525,292,CA
3.2,Hydroelectric,37.15105,-119.504724,293,CA
3.2,Hydroelectric,37.15105,-119.504724,293,CA
3.2,Hydroelectric,37.15105,-119.504724,293,CA
3.2,Hydroelectric,37.15105,-119.504724,293,CA
10,Hydroelectric,41.978914,-122.335317,294,CA
10,Hydroelectric,41.978914,-122.335317,294,CA
13.5,Hydroelectric,41.975716,-122.358127,295,CA
13.5,Hydroelectric,41.975716,-122.358127,295,CA
0.5,Hydroelectric,41.985605,-122.360455,296,CA
0.4,Hydroelectric,41.985605,-122.360455,296,CA
1.2,Hydroelectric,41.985605,-122.360455,296,CA
18,Hydroelectric,41.932981,-122.43678,297,CA
813.4,Coal,31.4219,-96.2525,298,TX
813.4,Coal,31.4219,-96.2525,298,TX
26,Other,38.4889,-112.8533,299,UT
16,Other,32.7285483,-117.194138,300,CA
16,Natural Gas,32.7958,-116.9722,301,CA
109,Natural Gas,33.1361,-117.3364,302,CA
115,Natural Gas,33.1361,-117.3364,302,CA
289,Natural Gas,33.1361,-117.3364,302,CA
341,Natural Gas,33.1361,-117.3364,302,CA
17,Natural Gas,33.1361,-117.3364,302,CA
110,Natural Gas,33.1361,-117.3364,302,CA
17,Natural Gas,32.834,-117.1338,303,CA
66,Natural Gas,32.834,-117.1338,303,CA
66,Natural Gas,32.834,-117.1338,303,CA
38,Natural Gas,32.8761,-117.1664,305,CA
26,Natural Gas,32.6848893,-117.1266924,306,CA
19,Other,32.6980513,-117.1988585,307,CA
18,Natural Gas,32.6980513,-117.1988585,307,CA
40,Other,32.7321181,-117.243912,309,CA
69,Other,32.7321181,-117.243912,309,CA
69,Other,32.7321181,-117.243912,309,CA
69,Other,32.7321181,-117.243912,309,CA
136,Natural Gas,32.611404,-117.0920351,310,CA
201.6,Natural Gas,32.611404,-117.0920351,310,CA
240.3,Natural Gas,32.611404,-117.0920351,310,CA
15,Other,32.611404,-117.0920351,310,CA
136,Natural Gas,32.611404,-117.0920351,310,CA
30,Other,39.548638,-84.315872,312,OH
30,Other,39.548638,-84.315872,312,OH
30,Other,39.548638,-84.315872,312,OH
9.3,Hydroelectric,56.986284,-135.12275,313,AK
9.3,Hydroelectric,56.986284,-135.12275,313,AK
2,Hydroelectric,32.7241102,-115.3825408,314,CA
2,Hydroelectric,32.7241102,-115.3825408,314,CA
156,Natural Gas,33.7688,-118.1009,315,CA
156,Natural Gas,33.7688,-118.1009,315,CA
310,Natural Gas,33.7688,-118.1009,315,CA
310,Natural Gas,33.7688,-118.1009,315,CA
480,Natural Gas,33.7688,-118.1009,315,CA
480,Natural Gas,33.7688,-118.1009,315,CA
133,Natural Gas,33.7688,-118.1009,315,CA
8.5,Hydroelectric,34.0969,-118.4795,316,CA
19.8,Hydroelectric,37.2042,-119.2396,317,CA
15.7,Hydroelectric,37.2042,-119.2396,317,CA
21.6,Hydroelectric,37.2042,-119.2396,317,CA
31.2,Hydroelectric,37.2042,-119.2396,317,CA
15.7,Hydroelectric,37.2,-119.3069,318,CA
15.7,Hydroelectric,37.2,-119.3069,318,CA
17.5,Hydroelectric,37.2,-119.3069,318,CA
17.5,Hydroelectric,37.2,-119.3069,318,CA
34,Hydroelectric,37.148517,-119.386623,319,CA
34,Hydroelectric,37.148517,-119.386623,319,CA
34,Hydroelectric,37.148517,-119.386623,319,CA
36,Hydroelectric,37.148517,-119.386623,319,CA
36.4,Hydroelectric,37.148517,-119.386623,319,CA
50,Hydroelectric,37.139,-119.4898,320,CA
50,Hydroelectric,37.139,-119.4898,320,CA
30,Hydroelectric,37.2096,-119.3289,321,CA
45,Hydroelectric,37.2096,-119.3289,321,CA
55,Hydroelectric,37.200062,-119.30681,322,CA
55,Hydroelectric,37.200062,-119.30681,322,CA
2.5,Hydroelectric,37.273581,-118.573339,323,CA
2.5,Hydroelectric,37.273581,-118.573339,323,CA
2.3,Hydroelectric,37.273581,-118.573339,323,CA
2.7,Hydroelectric,37.301962,-118.531957,324,CA
2.3,Hydroelectric,37.301962,-118.531957,324,CA
2.7,Hydroelectric,37.301962,-118.531957,324,CA
1,Hydroelectric,37.323035,-118.501714,325,CA
1,Hydroelectric,37.323035,-118.501714,325,CA
1.9,Hydroelectric,37.323035,-118.501714,325,CA
1.9,Hydroelectric,37.323035,-118.501714,325,CA
1.9,Hydroelectric,37.323035,-118.501714,325,CA
2,Hydroelectric,37.3344,-118.4797,326,CA
2.5,Hydroelectric,37.3344,-118.4797,326,CA
1.6,Hydroelectric,37.3499,-118.4628,327,CA
3,Hydroelectric,35.588069,-118.524804,328,CA
3,Hydroelectric,35.588069,-118.524804,328,CA
6,Hydroelectric,35.588069,-118.524804,328,CA
65.3,Natural Gas,34.8606,-116.8539,329,CA
82,Natural Gas,34.8606,-116.8539,329,CA
120,Natural Gas,34.8606,-116.8539,329,CA
85,Natural Gas,34.8606,-116.8539,329,CA
85,Natural Gas,34.8606,-116.8539,329,CA
120,Natural Gas,34.8606,-116.8539,329,CA
85,Natural Gas,34.8606,-116.8539,329,CA
85,Natural Gas,34.8606,-116.8539,329,CA
156.2,Natural Gas,33.909804,-118.424172,330,CA
156.2,Natural Gas,33.909804,-118.424172,330,CA
342,Natural Gas,33.909804,-118.424172,330,CA
342,Natural Gas,33.909804,-118.424172,330,CA
123,Natural Gas,34.09118,-117.52663,331,CA
123,Natural Gas,34.09118,-117.52663,331,CA
333,Natural Gas,34.09118,-117.52663,331,CA
333,Natural Gas,34.09118,-117.52663,331,CA
138.1,Natural Gas,34.09118,-117.52663,331,CA
1.4,Hydroelectric,34.155162,-117.397119,332,CA
1.4,Hydroelectric,34.155162,-117.397119,332,CA
30,Natural Gas,34.0229625,-117.3313347,334,CA
30,Natural Gas,34.0229625,-117.3313347,334,CA
40,Natural Gas,34.0229625,-117.3313347,334,CA
40,Natural Gas,34.0229625,-117.3313347,334,CA
218,Natural Gas,33.6439,-117.9792,335,CA
218,Natural Gas,33.6439,-117.9792,335,CA
225,Natural Gas,33.6439,-117.9792,335,CA
227,Natural Gas,33.6439,-117.9792,335,CA
133,Natural Gas,33.6439,-117.9792,335,CA
1.8,Hydroelectric,36.461326,-118.87988,336,CA
2.2,Hydroelectric,36.465066,-118.862023,337,CA
2.4,Hydroelectric,36.486059,-118.835645,338,CA
2.4,Hydroelectric,36.486059,-118.835645,338,CA
20.5,Hydroelectric,35.776185,-118.436233,339,CA
19.6,Hydroelectric,35.776185,-118.436233,339,CA
6.5,Hydroelectric,35.460303,-118.77959,340,CA
6.5,Hydroelectric,35.460303,-118.77959,340,CA
6.5,Hydroelectric,35.460303,-118.77959,340,CA
6.5,Hydroelectric,35.460303,-118.77959,340,CA
63,Natural Gas,33.7641,-118.2248,341,CA
63,Natural Gas,33.7641,-118.2248,341,CA
63,Natural Gas,33.7641,-118.2248,341,CA
63,Natural Gas,33.7641,-118.2248,341,CA
63,Natural Gas,33.7641,-118.2248,341,CA
63,Natural Gas,33.7641,-118.2248,341,CA
63,Natural Gas,33.7641,-118.2248,341,CA
80,Natural Gas,33.7641,-118.2248,341,CA
66.4,Natural Gas,33.7641,-118.2248,341,CA
1.5,Hydroelectric,38.042729,-119.172015,342,CA
1.5,Hydroelectric,38.042729,-119.172015,342,CA
95,Hydroelectric,37.220302,-119.337983,344,CA
95,Hydroelectric,37.220302,-119.337983,344,CA
218,Natural Gas,34.2067,-119.2511,345,CA
218,Natural Gas,34.2067,-119.2511,345,CA
138,Natural Gas,34.2067,-119.2511,345,CA
806,Natural Gas,34.1292,-119.1689,350,CA
806,Natural Gas,34.1292,-119.1689,350,CA
11.2,Hydroelectric,37.944237,-119.2161,353,CA
10.8,Hydroelectric,37.257045,-119.158936,354,CA
163.2,Natural Gas,33.8504,-118.395,356,CA
163.2,Natural Gas,33.8504,-118.395,356,CA
495,Natural Gas,33.8504,-118.395,356,CA
495,Natural Gas,33.8504,-118.395,356,CA
5.8,Hydroelectric,37.766954,-119.123284,357,CA
7.2,Hydroelectric,37.766954,-119.123284,357,CA
65.3,Natural Gas,34.0818,-117.2418,358,CA
65.3,Natural Gas,34.0818,-117.2418,358,CA
1127,Nuclear,33.368794,-117.554916,360,CA
1127,Nuclear,33.368794,-117.554916,360,CA
0.8,Hydroelectric,34.14522,-117.058481,361,CA
0.8,Hydroelectric,34.14522,-117.058481,361,CA
0.8,Hydroelectric,34.14522,-117.058481,361,CA
0.8,Hydroelectric,34.14522,-117.058481,361,CA
3.1,Hydroelectric,34.107245,-117.099091,363,CA
1.2,Hydroelectric,36.13568,-118.788868,365,CA
1.2,Hydroelectric,36.13568,-118.788868,365,CA
1200,Nuclear,46.4711,-119.3339,371,WA
10,Natural Gas,34.1778465,-118.3167332,375,CA
20,Natural Gas,34.1778465,-118.3167332,375,CA
34.5,Natural Gas,34.1778465,-118.3167332,375,CA
23.1,Natural Gas,34.1778465,-118.3167332,375,CA
7.5,Hydroelectric,38.2569,-120.8507,376,CA
7.5,Hydroelectric,38.2569,-120.8507,376,CA
8.6,Hydroelectric,38.2569,-120.8507,376,CA
20,Natural Gas,34.1556,-118.2782,377,CA
20,Natural Gas,34.1556,-118.2782,377,CA
20,Natural Gas,34.1556,-118.2782,377,CA
44,Natural Gas,34.1556,-118.2782,377,CA
44,Natural Gas,34.1556,-118.2782,377,CA
22,Natural Gas,34.1556,-118.2782,377,CA
31,Natural Gas,34.1556,-118.2782,377,CA
49.3,Natural Gas,34.1556,-118.2782,377,CA
30,Natural Gas,34.1556,-118.2782,377,CA
60,Natural Gas,34.1556,-118.2782,377,CA
0.7,Hydroelectric,47.287206,-93.498266,378,MN
0.3,Hydroelectric,47.287206,-93.498266,378,MN
82.5,Hydroelectric,37.896649,-119.9675,380,CA
82.5,Hydroelectric,37.896649,-119.9675,380,CA
50,Hydroelectric,37.809388,-120.299254,381,CA
50,Hydroelectric,37.809388,-120.299254,381,CA
38.8,Hydroelectric,37.877667,-119.953233,382,CA
38.8,Hydroelectric,37.877667,-119.953233,382,CA
40.6,Hydroelectric,37.877667,-119.953233,382,CA
11.5,Other,32.9866133,-115.5349549,383,CA
11.5,Other,32.9866133,-115.5349549,383,CA
660,Coal,41.494636,-88.123827,384,IL
660,Coal,41.494636,-88.123827,384,IL
5,Hydroelectric,32.705435,-115.030975,385,CA
5,Hydroelectric,32.705435,-115.030975,385,CA
4.8,Hydroelectric,32.705428,-115.126103,386,CA
5,Hydroelectric,32.705428,-115.126103,386,CA
10,Hydroelectric,32.705341,-115.219067,387,CA
9.6,Hydroelectric,32.705341,-115.219067,387,CA
16.5,Hydroelectric,32.736642,-114.713858,388,CA
16.5,Hydroelectric,32.736642,-114.713858,388,CA
34.5,Natural Gas,32.8022,-115.54,389,CA
50,Natural Gas,32.8022,-115.54,389,CA
81.6,Natural Gas,32.8022,-115.54,389,CA
89.9,Natural Gas,32.8022,-115.54,389,CA
6,Hydroelectric,61.0828,-146.3033,390,AK
6,Hydroelectric,61.0828,-146.3033,390,AK
3.2,Hydroelectric,37.142795,-118.324075,391,CA
212.5,Hydroelectric,34.587237,-118.656638,392,CA
212.5,Hydroelectric,34.587237,-118.656638,392,CA
212.5,Hydroelectric,34.587237,-118.656638,392,CA
212.5,Hydroelectric,34.587237,-118.656638,392,CA
212.5,Hydroelectric,34.587237,-118.656638,392,CA
212.5,Hydroelectric,34.587237,-118.656638,392,CA
56,Hydroelectric,34.587237,-118.656638,392,CA
37.5,Hydroelectric,37.437921,-118.556988,393,CA
1.2,Hydroelectric,36.443421,-118.04389,394,CA
1.2,Hydroelectric,36.443421,-118.04389,394,CA
11,Hydroelectric,34.318248,-118.494449,396,CA
2,Hydroelectric,34.103931,-118.413377,397,CA
2.8,Hydroelectric,36.109722,-117.956667,398,CA
2.8,Hydroelectric,36.109722,-117.956667,398,CA
67,Natural Gas,33.7856,-118.2644,399,CA
80,Natural Gas,33.7856,-118.2644,399,CA
80,Natural Gas,33.7856,-118.2644,399,CA
47,Natural Gas,33.7856,-118.2644,399,CA
47,Natural Gas,33.7856,-118.2644,399,CA
47,Natural Gas,33.7856,-118.2644,399,CA
47,Natural Gas,33.7856,-118.2644,399,CA
47,Natural Gas,33.7856,-118.2644,399,CA
23.5,Natural Gas,33.7856,-118.2644,399,CA
23.5,Natural Gas,33.7856,-118.2644,399,CA
230,Natural Gas,33.764741,-118.09913,400,CA
230,Natural Gas,33.764741,-118.09913,400,CA
230,Natural Gas,33.764741,-118.09913,400,CA
230,Natural Gas,33.764741,-118.09913,400,CA
343,Natural Gas,33.764741,-118.09913,400,CA
343,Natural Gas,33.764741,-118.09913,400,CA
37.5,Hydroelectric,37.51,-118.569167,401,CA
3.2,Hydroelectric,37.41416,-118.523889,402,CA
2.8,Hydroelectric,34.260527,-118.385531,403,CA
2.8,Hydroelectric,34.260527,-118.385531,403,CA
163.2,Natural Gas,33.918151,-118.427648,404,CA
163.2,Natural Gas,33.918151,-118.427648,404,CA
496.8,Natural Gas,33.918151,-118.427648,404,CA
0.4,Other,63.3367,-142.9856,406,AK
0.9,Other,63.3367,-142.9856,406,AK
1.3,Other,63.3367,-142.9856,406,AK
1.1,Other,63.3367,-142.9856,406,AK
1.1,Other,63.3367,-142.9856,406,AK
37.5,Hydroelectric,37.546036,-118.590001,407,CA
100,Natural Gas,34.244991,-118.391327,408,CA
100,Natural Gas,34.244991,-118.391327,408,CA
172.8,Natural Gas,34.244991,-118.391327,408,CA
172.8,Natural Gas,34.244991,-118.391327,408,CA
47,Natural Gas,34.244991,-118.391327,408,CA
215,Natural Gas,34.244991,-118.391327,408,CA
215,Natural Gas,34.244991,-118.391327,408,CA
311,Natural Gas,34.244991,-118.391327,408,CA
94,Hydroelectric,37.584345,-120.26859,409,CA
9,Hydroelectric,37.522065,-120.31009,410,CA
44,Hydroelectric,39.177903,-120.890856,412,CA
27.3,Hydroelectric,39.2184,-120.8352,413,CA
10,Hydroelectric,38.202569,-120.076983,414,CA
72,Hydroelectric,38.246656,-120.034072,415,CA
8.5,Hydroelectric,37.876111,-120.605,416,CA
8.5,Hydroelectric,37.876111,-120.605,416,CA
29,Hydroelectric,39.551012,-121.278784,417,CA
10,Hydroelectric,39.531784,-121.491247,418,CA
59,Hydroelectric,39.553811,-121.204077,419,CA
46,Natural Gas,34.1254,-118.148,420,CA
46,Natural Gas,34.1254,-118.148,420,CA
75,Natural Gas,34.1254,-118.148,420,CA
0.6,Other,55.4764,-133.1483,421,AK
1.1,Other,55.4764,-133.1483,421,AK
1.1,Other,55.4764,-133.1483,421,AK
1.6,Other,55.4764,-133.1483,421,AK
28.8,Natural Gas,34.126,-118.1494,422,CA
28.8,Natural Gas,34.126,-118.1494,422,CA
60.5,Natural Gas,34.126,-118.1494,422,CA
60.5,Natural Gas,34.126,-118.1494,422,CA
0.3,Other,55.2081,-132.8267,423,AK
0.3,Other,55.2081,-132.8267,423,AK
0.4,Other,55.2081,-132.8267,423,AK
15.3,Hydroelectric,39.077971,-120.406069,424,CA
61.2,Hydroelectric,39.024801,-120.596383,425,CA
54.9,Hydroelectric,39.024801,-120.596383,425,CA
6.1,Hydroelectric,39.003372,-120.746651,426,CA
79.2,Hydroelectric,39.000999,-120.725053,427,CA
2.7,Hydroelectric,37.477838,-120.444492,428,CA
77,Hydroelectric,38.82881,-120.537089,430,CA
77,Hydroelectric,38.82881,-120.537089,430,CA
77,Hydroelectric,38.83405,-120.53176,431,CA
77,Hydroelectric,38.83405,-120.53176,431,CA
82,Hydroelectric,38.982697,-120.324503,432,CA
29.5,Hydroelectric,38.896511,-120.378292,433,CA
115,Hydroelectric,38.765336,-120.787366,435,CA
115,Hydroelectric,38.765336,-120.787366,435,CA
59.8,Hydroelectric,34.2056,-117.3344,436,CA
59.8,Hydroelectric,34.2056,-117.3344,436,CA
78.3,Hydroelectric,34.2056,-117.3344,436,CA
78.3,Hydroelectric,34.2056,-117.3344,436,CA
117,Hydroelectric,39.542985,-121.492188,437,CA
97.7,Hydroelectric,39.542985,-121.492188,437,CA
117,Hydroelectric,39.542985,-121.492188,437,CA
97.7,Hydroelectric,39.542985,-121.492188,437,CA
117,Hydroelectric,39.542985,-121.492188,437,CA
97.7,Hydroelectric,39.542985,-121.492188,437,CA
32.6,Hydroelectric,39.514893,-121.630077,438,CA
27.5,Hydroelectric,39.514893,-121.630077,438,CA
27.5,Hydroelectric,39.514893,-121.630077,438,CA
27.5,Hydroelectric,39.514893,-121.630077,438,CA
45.5,Hydroelectric,37.695994,-120.420152,439,CA
45.5,Hydroelectric,37.695994,-120.420152,439,CA
45.5,Hydroelectric,37.695994,-120.420152,439,CA
34.3,Hydroelectric,37.695994,-120.420152,439,CA
1.2,Hydroelectric,37.6697,-120.4436,440,CA
3.3,Hydroelectric,37.6697,-120.4436,440,CA
66.2,Hydroelectric,38.70675,-121.158443,441,CA
66.2,Hydroelectric,38.70675,-121.158443,441,CA
66.2,Hydroelectric,38.70675,-121.158443,441,CA
77.2,Hydroelectric,40.646934,-122.626973,442,CA
77.2,Hydroelectric,40.646934,-122.626973,442,CA
39,Hydroelectric,40.611858,-122.446441,443,CA
39,Hydroelectric,40.611858,-122.446441,443,CA
39,Hydroelectric,40.611858,-122.446441,443,CA
6.7,Hydroelectric,38.63735,-121.220198,444,CA
6.7,Hydroelectric,38.63735,-121.220198,444,CA
125,Hydroelectric,40.717455,-122.422274,445,CA
125,Hydroelectric,40.717455,-122.422274,445,CA
125,Hydroelectric,40.717455,-122.422274,445,CA
142,Hydroelectric,40.717455,-122.422274,445,CA
142,Hydroelectric,40.717455,-122.422274,445,CA
2,Hydroelectric,40.717455,-122.422274,445,CA
2,Hydroelectric,40.717455,-122.422274,445,CA
4.2,Hydroelectric,37.098671,-121.047718,446,CA
4.2,Hydroelectric,37.098671,-121.047718,446,CA
4.2,Hydroelectric,37.098671,-121.047718,446,CA
4.2,Hydroelectric,37.098671,-121.047718,446,CA
4.2,Hydroelectric,37.098671,-121.047718,446,CA
4.2,Hydroelectric,37.098671,-121.047718,446,CA
30,Hydroelectric,34.295334,-114.140222,447,CA
30,Hydroelectric,34.295334,-114.140222,447,CA
30,Hydroelectric,34.295334,-114.140222,447,CA
30,Hydroelectric,34.295334,-114.140222,447,CA
53,Hydroelectric,37.0692,-121.0772,448,CA
53,Hydroelectric,37.0692,-121.0772,448,CA
53,Hydroelectric,37.0692,-121.0772,448,CA
53,Hydroelectric,37.0692,-121.0772,448,CA
53,Hydroelectric,37.0692,-121.0772,448,CA
53,Hydroelectric,37.0692,-121.0772,448,CA
53,Hydroelectric,37.0692,-121.0772,448,CA
53,Hydroelectric,37.0692,-121.0772,448,CA
90,Hydroelectric,40.628115,-122.467509,450,CA
90,Hydroelectric,40.628115,-122.467509,450,CA
70,Hydroelectric,40.797296,-122.762553,451,CA
70,Hydroelectric,40.797296,-122.762553,451,CA
157.5,Hydroelectric,39.330833,-121.191666,454,CA
157.5,Hydroelectric,39.330833,-121.191666,454,CA
46.7,Hydroelectric,39.238996,-121.270409,455,CA
0.7,Hydroelectric,33.166185,-117.01642,457,CA
0.7,Hydroelectric,33.166185,-117.01642,457,CA
7.5,Natural Gas,38.2667,-104.6144,460,CO
15,Natural Gas,38.2667,-104.6144,460,CO
2,Other,38.2667,-104.6144,460,CO
2,Other,38.2667,-104.6144,460,CO
2,Other,38.2667,-104.6144,460,CO
2,Other,38.2667,-104.6144,460,CO
2,Other,38.2667,-104.6144,460,CO
18.7,Coal,38.4344,-105.25,462,CO
25,Coal,38.4344,-105.25,462,CO
16.5,Other,37.4594,-105.8947,464,CO
16.5,Other,37.4594,-105.8947,464,CO
44,Coal,39.67,-105.0028,465,CO
44,Coal,39.67,-105.0028,465,CO
48,Coal,39.67,-105.0028,465,CO
112,Coal,39.67,-105.0028,465,CO
10,Hydroelectric,40.004725,-105.332495,466,CO
10,Hydroelectric,40.004725,-105.332495,466,CO
150,Hydroelectric,39.6551,-105.7088,467,CO
150,Hydroelectric,39.6551,-105.7088,467,CO
22,Coal,39.1166389,-108.3513394,468,CO
44,Coal,39.1166389,-108.3513394,468,CO
125,Coal,39.807275,-104.964548,469,CO
125,Coal,39.807275,-104.964548,469,CO
170.4,Coal,39.807275,-104.964548,469,CO
380.8,Coal,39.807275,-104.964548,469,CO
2.7,Other,39.807275,-104.964548,469,CO
2.7,Other,39.807275,-104.964548,469,CO
382.5,Coal,38.2081,-104.5747,470,CO
396,Coal,38.2081,-104.5747,470,CO
18.6,Natural Gas,39.1364,-108.7347,471,CO
0.7,Hydroelectric,39.6919,-105.6978,472,CO
0.7,Hydroelectric,39.6919,-105.6978,472,CO
1.5,Hydroelectric,39.101375,-108.350194,473,CO
1.5,Hydroelectric,39.101375,-108.350194,473,CO
0.7,Hydroelectric,38.53419,-106.182003,474,CO
0.5,Hydroelectric,38.53419,-106.182003,474,CO
7.2,Hydroelectric,39.57013,-107.226876,476,CO
7.2,Hydroelectric,39.57013,-107.226876,476,CO
191.7,Coal,40.0195,-105.202,477,CO
45.2,Natural Gas,40.0195,-105.202,477,CO
40.2,Natural Gas,39.737348,-105.016991,478,CO
75,Natural Gas,39.737348,-105.016991,478,CO
2.9,Hydroelectric,33.8343,-117.4971,479,CA
2.9,Hydroelectric,33.85895,-117.6106,480,CA
7.9,Hydroelectric,33.8361,-117.1831,481,CA
1.9,Hydroelectric,34.004722,-118.09917,482,CA
3.1,Hydroelectric,33.92493,-117.95517,483,CA
5.9,Hydroelectric,33.3944,-117.1889,484,CA
4.1,Hydroelectric,33.9001,-117.82905,487,CA
4.4,Hydroelectric,37.6508,-120.4706,489,CA
1.2,Other,39.3078,-102.2614,490,CO
2.8,Other,39.3078,-102.2614,490,CO
2.5,Other,39.3078,-102.2614,490,CO
1,Other,39.3078,-102.2614,490,CO
0.5,Other,37.755,-106.1092,491,CO
1,Other,37.755,-106.1092,491,CO
50,Coal,38.824444,-104.833333,492,CO
75,Coal,38.824444,-104.833333,492,CO
132,Coal,38.824444,-104.833333,492,CO
17.6,Natural Gas,38.881389,-104.816944,493,CO
17.6,Natural Gas,38.881389,-104.816944,493,CO
23.5,Natural Gas,38.881389,-104.816944,493,CO
2.5,Hydroelectric,38.855465,-104.933062,494,CO
2.5,Hydroelectric,38.855465,-104.933062,494,CO
1.2,Hydroelectric,38.841354,-104.973802,495,CO
0.8,Natural Gas,38.7314,-108.0708,496,CO
0.4,Natural Gas,38.7314,-108.0708,496,CO
0.1,Other,38.7314,-108.0708,496,CO
0.1,Other,38.7314,-108.0708,496,CO
0.1,Other,38.7314,-108.0708,496,CO
1.2,Natural Gas,38.7314,-108.0708,496,CO
2.1,Natural Gas,38.7314,-108.0708,496,CO
0.2,Natural Gas,38.055,-102.2004,502,CO
0.2,Natural Gas,38.055,-102.2004,502,CO
0.4,Other,38.055,-102.2004,502,CO
2.2,Other,38.055,-102.2004,502,CO
0.7,Other,38.055,-102.2004,502,CO
0.9,Other,40.9681,-102.2492,504,CO
0.9,Other,40.9681,-102.2492,504,CO
0.3,Other,40.9681,-102.2492,504,CO
1.3,Other,40.9681,-102.2492,504,CO
0.3,Other,40.9681,-102.2492,504,CO
7.5,Hydroelectric,43.417872,-108.177545,505,WY
7.5,Hydroelectric,43.417872,-108.177545,505,WY
0.6,Other,37.9844,-103.5436,506,CO
0.7,Other,37.9844,-103.5436,506,CO
0.4,Other,37.9844,-103.5436,506,CO
1,Other,37.9844,-103.5436,506,CO
1.2,Other,37.9844,-103.5436,506,CO
3,Other,37.9844,-103.5436,506,CO
3.5,Other,37.9844,-103.5436,506,CO
3.5,Other,37.9844,-103.5436,506,CO
5.1,Other,37.9844,-103.5436,506,CO
0.3,Other,38.0597,-103.2206,507,CO
0.3,Other,38.0597,-103.2206,507,CO
1,Other,38.0597,-103.2206,507,CO
1,Other,38.0597,-103.2206,507,CO
3,Other,38.0597,-103.2206,507,CO
3,Natural Gas,38.0921,-102.6148,508,CO
5,Natural Gas,38.0921,-102.6148,508,CO
25,Natural Gas,38.0921,-102.6148,508,CO
4.2,Natural Gas,38.0921,-102.6148,508,CO
1,Other,38.0921,-102.6148,508,CO
1,Other,38.0921,-102.6148,508,CO
4.5,Wind,38.0921,-102.6148,508,CO
1.5,Wind,38.0921,-102.6148,508,CO
78,Other,38.7903,-122.7559,510,CA
3.7,Coal,37.178979,-104.487492,511,CO
1.9,Natural Gas,37.178979,-104.487492,511,CO
1.9,Natural Gas,37.178979,-104.487492,511,CO
1.8,Other,37.178979,-104.487492,511,CO
1.8,Other,37.178979,-104.487492,511,CO
1.8,Other,37.178979,-104.487492,511,CO
43.2,Hydroelectric,38.453191,-107.337483,512,CO
43.2,Hydroelectric,38.453191,-107.337483,512,CO
15,Hydroelectric,40.376771,-105.509665,513,CO
15,Hydroelectric,40.376771,-105.509665,513,CO
15,Hydroelectric,40.376771,-105.509665,513,CO
86.6,Hydroelectric,38.451753,-107.539299,514,CO
86.6,Hydroelectric,38.451753,-107.539299,514,CO
4.5,Hydroelectric,40.421031,-105.223804,515,CO
13,Hydroelectric,39.878805,-106.332725,516,CO
13,Hydroelectric,39.878805,-106.332725,516,CO
8.1,Hydroelectric,40.34408,-105.534308,517,CO
43,Hydroelectric,40.364996,-105.236032,518,CO
43,Hydroelectric,40.364996,-105.236032,518,CO
8.5,Hydroelectric,40.364996,-105.236032,518,CO
38.2,Hydroelectric,40.365056,-105.325074,519,CO
4.8,Hydroelectric,39.19366,-108.044088,520,CO
8.6,Hydroelectric,39.143808,-108.004777,521,CO
0.1,Other,40.14,-102.7106,524,CO
0.1,Other,40.14,-102.7106,524,CO
0.3,Other,40.14,-102.7106,524,CO
0.5,Other,40.14,-102.7106,524,CO
190,Coal,40.4856,-107.185,525,CO
275.4,Coal,40.4856,-107.185,525,CO
11.5,Coal,38.2383,-108.5069,527,CO
11.5,Coal,38.2383,-108.5069,527,CO
11.5,Coal,38.2383,-108.5069,527,CO
79.3,Coal,38.2383,-108.5069,527,CO
1,Solar,38.340015,-121.113861,529,CA
1,Solar,38.340015,-121.113861,529,CA
6.8,Hydroelectric,39.048802,-121.316966,531,CA
7.5,Natural Gas,31.400255,-86.476449,533,AL
7.5,Natural Gas,31.400255,-86.476449,533,AL
25,Natural Gas,31.400255,-86.476449,533,AL
107,Natural Gas,31.400255,-86.476449,533,AL
165,Natural Gas,31.400255,-86.476449,533,AL
165,Natural Gas,31.400255,-86.476449,533,AL
177,Natural Gas,31.400255,-86.476449,533,AL
11.5,Hydroelectric,38.850283,-120.381883,534,CA
77,Natural Gas,38.652731,-121.393336,535,CA
3.6,Hydroelectric,38.2268,-121.0245,537,CA
3.6,Hydroelectric,38.2268,-121.0245,537,CA
3.6,Hydroelectric,38.2268,-121.0245,537,CA
3.5,Hydroelectric,41.5826,-73.4349,539,CT
3.5,Hydroelectric,41.5826,-73.4349,539,CT
24,Hydroelectric,41.5826,-73.4349,539,CT
21.8,Other,41.2925,-72.7942,540,CT
1.2,Hydroelectric,41.659046,-73.491984,541,CT
1.2,Hydroelectric,41.659046,-73.491984,541,CT
1.2,Hydroelectric,41.659046,-73.491984,541,CT
1.2,Hydroelectric,41.659046,-73.491984,541,CT
1.2,Hydroelectric,41.659046,-73.491984,541,CT
1.2,Hydroelectric,41.659046,-73.491984,541,CT
25,Other,41.0289,-73.5989,542,CT
25,Other,41.0289,-73.5989,542,CT
25,Other,41.0289,-73.5989,542,CT
103.5,Other,41.209797,-73.108976,544,CT
103.5,Other,41.209797,-73.108976,544,CT
19.2,Other,41.209797,-73.108976,544,CT
43,Natural Gas,41.209797,-73.108976,544,CT
43,Natural Gas,41.209797,-73.108976,544,CT
43,Natural Gas,41.209797,-73.108976,544,CT
43,Natural Gas,41.209797,-73.108976,544,CT
75,Other,41.4281,-72.1019,546,CT
414.9,Other,41.4281,-72.1019,546,CT
2.7,Other,41.4281,-72.1019,546,CT
2.7,Other,41.4281,-72.1019,546,CT
235,Hydroelectric,42.610683,-72.471643,547,MA
235,Hydroelectric,42.610683,-72.471643,547,MA
235,Hydroelectric,42.610683,-72.471643,547,MA
235,Hydroelectric,42.610683,-72.471643,547,MA
163.2,Other,41.072442,-73.411001,548,CT
163.2,Other,41.072442,-73.411001,548,CT
16.3,Other,41.072442,-73.411001,548,CT
50.7,Other,48.620336,-118.111059,550,WA
7.2,Natural Gas,48.620336,-118.111059,550,WA
2,Hydroelectric,41.6651,-72.1221,551,CT
37.2,Hydroelectric,41.44842,-73.295321,552,CT
7.5,Hydroelectric,41.3833,-73.1714,553,CT
7.5,Hydroelectric,41.3833,-73.1714,553,CT
7.5,Hydroelectric,41.3833,-73.1714,553,CT
8,Hydroelectric,41.3833,-73.1714,553,CT
0.4,Hydroelectric,41.5725,-72.0458,554,CT
0.3,Hydroelectric,41.5725,-72.0458,554,CT
0.3,Hydroelectric,41.5725,-72.0458,554,CT
0.3,Hydroelectric,41.5725,-72.0458,554,CT
0.3,Hydroelectric,41.5725,-72.0458,554,CT
1,Hydroelectric,41.555425,-72.041829,557,CT
1,Hydroelectric,41.555425,-72.041829,557,CT
18.5,Other,41.555425,-72.041829,557,CT
4,Hydroelectric,41.915312,-72.693616,559,CT
4,Hydroelectric,41.915312,-72.693616,559,CT
3,Hydroelectric,41.957272,-73.369297,560,CT
3,Hydroelectric,41.957272,-73.369297,560,CT
3,Hydroelectric,41.957272,-73.369297,560,CT
21.8,Other,41.798943,-73.116267,561,CT
60,Other,41.554944,-72.579075,562,CT
113.6,Other,41.554944,-72.579075,562,CT
239.4,Other,41.554944,-72.579075,562,CT
414.9,Other,41.554944,-72.579075,562,CT
18.5,Other,41.554944,-72.579075,562,CT
41.8,Other,41.7495,-72.6524,563,CT
41.8,Other,41.7495,-72.6524,563,CT
41.8,Other,41.7495,-72.6524,563,CT
41.8,Other,41.7495,-72.6524,563,CT
464.5,Coal,28.4822,-81.1678,564,FL
464.5,Coal,28.4822,-81.1678,564,FL
21.8,Other,41.776109,-73.120886,565,CT
909.9,Nuclear,41.3107,-72.1677,566,CT
1253,Nuclear,41.3107,-72.1677,566,CT
163,Other,41.1706,-73.1844,568,CT
400,Coal,41.1706,-73.1844,568,CT
18.6,Other,41.1706,-73.1844,568,CT
30,Other,41.308648,-72.913105,569,CT
36.7,Other,41.308648,-72.913105,569,CT
3.2,Hydroelectric,41.828814,-74.131877,579,NY
19,Other,41.52679,-72.064935,581,CT
1.4,Hydroelectric,41.538955,-72.050936,583,CT
15,Hydroelectric,36.8061,-107.6131,584,NM
15,Hydroelectric,36.8061,-107.6131,584,NM
1.9,Hydroelectric,32.711611,-114.942666,585,CA
1.9,Hydroelectric,32.711611,-114.942666,585,CA
1.9,Hydroelectric,32.711611,-114.942666,585,CA
2.4,Hydroelectric,32.699451,-115.28245,586,CA
59.5,Other,44.4917,-73.2081,589,VT
56,Other,39.7302,-75.5371,591,DE
18.5,Other,39.600408,-75.626811,592,DE
75,Coal,39.73886,-75.50384,593,DE
176.8,Coal,39.73886,-75.50384,593,DE
446,Other,39.73886,-75.50384,593,DE
12.5,Other,39.73886,-75.50384,593,DE
81.6,Coal,38.5857,-75.2341,594,DE
81.6,Coal,38.5857,-75.2341,594,DE
176.8,Coal,38.5857,-75.2341,594,DE
442.4,Coal,38.5857,-75.2341,594,DE
17,Other,38.5857,-75.2341,594,DE
12,Other,39.745414,-75.555987,596,DE
20,Other,39.7283,-75.6289,597,DE
18.8,Other,39.176222,-75.546628,599,DE
18.8,Other,39.176222,-75.546628,599,DE
113.6,Other,39.176222,-75.546628,599,DE
1,Other,38.7718796,-75.1368408,600,DE
1,Other,38.7718796,-75.1368408,600,DE
1.4,Other,38.6489,-75.6164,601,DE
1.4,Other,38.6489,-75.6164,601,DE
1.1,Other,38.6489,-75.6164,601,DE
0.8,Other,38.6489,-75.6164,601,DE
2,Other,38.6489,-75.6164,601,DE
1.1,Other,38.6489,-75.6164,601,DE
685,Coal,39.18,-76.5389,602,MD
685,Coal,39.18,-76.5389,602,MD
290,Other,38.8994,-76.9592,603,DC
290,Other,38.8994,-76.9592,603,DC
18,Other,38.8678,-77.0117,604,DC
18,Other,38.8678,-77.0117,604,DC
18,Other,38.8678,-77.0117,604,DC
18,Other,38.8678,-77.0117,604,DC
18,Other,38.8678,-77.0117,604,DC
18,Other,38.8678,-77.0117,604,DC
18,Other,38.8678,-77.0117,604,DC
18,Other,38.8678,-77.0117,604,DC
18,Other,38.8678,-77.0117,604,DC
18,Other,38.8678,-77.0117,604,DC
18,Other,38.8678,-77.0117,604,DC
18,Other,38.8678,-77.0117,604,DC
18,Other,38.8678,-77.0117,604,DC
18,Other,38.8678,-77.0117,604,DC
18,Other,38.8678,-77.0117,604,DC
18,Other,38.8678,-77.0117,604,DC
123.6,Natural Gas,48.4558,-122.4358,607,WA
123.6,Natural Gas,48.4558,-122.4358,607,WA
55,Natural Gas,48.4558,-122.4358,607,WA
55,Natural Gas,48.4558,-122.4358,607,WA
402,Other,28.469417,-80.763657,609,FL
402,Other,28.469417,-80.763657,609,FL
74.5,Natural Gas,25.6321,-80.2989,610,FL
162,Natural Gas,25.6321,-80.2989,610,FL
62,Other,26.6967,-81.7831,612,FL
62,Other,26.6967,-81.7831,612,FL
62,Other,26.6967,-81.7831,612,FL
62,Other,26.6967,-81.7831,612,FL
62,Other,26.6967,-81.7831,612,FL
62,Other,26.6967,-81.7831,612,FL
62,Other,26.6967,-81.7831,612,FL
62,Other,26.6967,-81.7831,612,FL
62,Other,26.6967,-81.7831,612,FL
181,Natural Gas,26.6967,-81.7831,612,FL
181,Natural Gas,26.6967,-81.7831,612,FL
181,Natural Gas,26.6967,-81.7831,612,FL
181,Natural Gas,26.6967,-81.7831,612,FL
181,Natural Gas,26.6967,-81.7831,612,FL
181,Natural Gas,26.6967,-81.7831,612,FL
181,Natural Gas,26.6967,-81.7831,612,FL
181,Natural Gas,26.6967,-81.7831,612,FL
62,Other,26.6967,-81.7831,612,FL
62,Other,26.6967,-81.7831,612,FL
62,Other,26.6967,-81.7831,612,FL
156.2,Natural Gas,26.6967,-81.7831,612,FL
402,Natural Gas,26.6967,-81.7831,612,FL
34.2,Natural Gas,26.0686,-80.1984,613,FL
34.2,Natural Gas,26.0686,-80.1984,613,FL
34.2,Natural Gas,26.0686,-80.1984,613,FL
34.2,Natural Gas,26.0686,-80.1984,613,FL
34.2,Natural Gas,26.0686,-80.1984,613,FL
34.2,Natural Gas,26.0686,-80.1984,613,FL
34.2,Natural Gas,26.0686,-80.1984,613,FL
34.2,Natural Gas,26.0686,-80.1984,613,FL
34.2,Natural Gas,26.0686,-80.1984,613,FL
34.2,Natural Gas,26.0686,-80.1984,613,FL
34.2,Natural Gas,26.0686,-80.1984,613,FL
34.2,Natural Gas,26.0686,-80.1984,613,FL
34.2,Natural Gas,26.0686,-80.1984,613,FL
34.2,Natural Gas,26.0686,-80.1984,613,FL
34.2,Natural Gas,26.0686,-80.1984,613,FL
34.2,Natural Gas,26.0686,-80.1984,613,FL
34.2,Natural Gas,26.0686,-80.1984,613,FL
34.2,Natural Gas,26.0686,-80.1984,613,FL
34.2,Natural Gas,26.0686,-80.1984,613,FL
34.2,Natural Gas,26.0686,-80.1984,613,FL
34.2,Natural Gas,26.0686,-80.1984,613,FL
34.2,Natural Gas,26.0686,-80.1984,613,FL
34.2,Natural Gas,26.0686,-80.1984,613,FL
34.2,Natural Gas,26.0686,-80.1984,613,FL
185,Natural Gas,26.0686,-80.1984,613,FL
185,Natural Gas,26.0686,-80.1984,613,FL
185,Natural Gas,26.0686,-80.1984,613,FL
185,Natural Gas,26.0686,-80.1984,613,FL
151.2,Natural Gas,26.0686,-80.1984,613,FL
151.2,Natural Gas,26.0686,-80.1984,613,FL
34.2,Natural Gas,26.0856,-80.1253,617,FL
34.2,Natural Gas,26.0856,-80.1253,617,FL
34.2,Natural Gas,26.0856,-80.1253,617,FL
34.2,Natural Gas,26.0856,-80.1253,617,FL
34.2,Natural Gas,26.0856,-80.1253,617,FL
34.2,Natural Gas,26.0856,-80.1253,617,FL
34.2,Natural Gas,26.0856,-80.1253,617,FL
34.2,Natural Gas,26.0856,-80.1253,617,FL
34.2,Natural Gas,26.0856,-80.1253,617,FL
34.2,Natural Gas,26.0856,-80.1253,617,FL
34.2,Natural Gas,26.0856,-80.1253,617,FL
34.2,Natural Gas,26.0856,-80.1253,617,FL
225.2,Other,26.0856,-80.1253,617,FL
225.2,Other,26.0856,-80.1253,617,FL
402,Other,26.0856,-80.1253,617,FL
402,Other,26.0856,-80.1253,617,FL
310.4,Other,26.7792734,-80.0557171,619,FL
310.4,Other,26.7792734,-80.0557171,619,FL
156.2,Other,28.8419,-81.3256,620,FL
436.1,Natural Gas,28.8419,-81.3256,620,FL
436.1,Natural Gas,28.8419,-81.3256,620,FL
231,Natural Gas,28.8419,-81.3256,620,FL
231,Natural Gas,28.8419,-81.3256,620,FL
231,Natural Gas,28.8419,-81.3256,620,FL
231,Natural Gas,28.8419,-81.3256,620,FL
231,Natural Gas,28.8419,-81.3256,620,FL
231,Natural Gas,28.8419,-81.3256,620,FL
231,Natural Gas,28.8419,-81.3256,620,FL
231,Natural Gas,28.8419,-81.3256,620,FL
760,Nuclear,25.4356,-80.3308,621,FL
760,Nuclear,25.4356,-80.3308,621,FL
2.7,Other,25.4356,-80.3308,621,FL
2.7,Other,25.4356,-80.3308,621,FL
2.7,Other,25.4356,-80.3308,621,FL
2.7,Other,25.4356,-80.3308,621,FL
2.7,Other,25.4356,-80.3308,621,FL
402,Other,25.4356,-80.3308,621,FL
402,Other,25.4356,-80.3308,621,FL
16.8,Hydroelectric,47.699444,-121.782222,622,WA
33.7,Natural Gas,27.579444,-81.492778,624,FL
33.7,Other,27.579444,-81.492778,624,FL
8.2,Hydroelectric,42.9126,-73.6805,625,NY
8.2,Hydroelectric,42.9126,-73.6805,625,NY
1.4,Hydroelectric,40.07531,-121.16143,626,CA
56.7,Other,27.758056,-82.635278,627,FL
56.7,Other,27.758056,-82.635278,627,FL
56.7,Other,27.758056,-82.635278,627,FL
56.7,Other,27.758056,-82.635278,627,FL
440.5,Coal,28.9656,-82.6977,628,FL
523.8,Coal,28.9656,-82.6977,628,FL
890.4,Nuclear,28.9656,-82.6977,628,FL
739.2,Coal,28.9656,-82.6977,628,FL
739.2,Coal,28.9656,-82.6977,628,FL
19.2,Other,28.869577,-81.273957,629,FL
19.2,Other,28.869577,-81.273957,629,FL
71.2,Other,28.869577,-81.273957,629,FL
71.2,Other,28.869577,-81.273957,629,FL
33.7,Natural Gas,28.003262,-82.661507,630,FL
33.7,Natural Gas,28.003262,-82.661507,630,FL
42.9,Natural Gas,28.003262,-82.661507,630,FL
42.9,Natural Gas,28.003262,-82.661507,630,FL
12.7,Hydroelectric,38.835182,-121.092982,632,CA
55.7,Other,27.859535,-82.601759,634,FL
55.7,Natural Gas,27.859535,-82.601759,634,FL
55.7,Other,27.859535,-82.601759,634,FL
55.7,Natural Gas,27.859535,-82.601759,634,FL
127.5,Other,27.859535,-82.601759,634,FL
127.5,Other,27.859535,-82.601759,634,FL
239.3,Other,27.859535,-82.601759,634,FL
19.2,Other,28.541515,-81.254067,637,FL
34.5,Other,30.376389,-83.180556,638,FL
37.5,Other,30.376389,-83.180556,638,FL
75,Other,30.376389,-83.180556,638,FL
61.2,Natural Gas,30.376389,-83.180556,638,FL
61.2,Other,30.376389,-83.180556,638,FL
61.2,Natural Gas,30.376389,-83.180556,638,FL
28.1,Natural Gas,30.5661,-87.2244,641,FL
28.1,Natural Gas,30.5661,-87.2244,641,FL
37.5,Natural Gas,30.5661,-87.2244,641,FL
93.7,Coal,30.5661,-87.2244,641,FL
93.7,Coal,30.5661,-87.2244,641,FL
369.7,Coal,30.5661,-87.2244,641,FL
578,Coal,30.5661,-87.2244,641,FL
49,Coal,30.6692,-84.8869,642,FL
49,Coal,30.6692,-84.8869,642,FL
149.6,Coal,30.2686,-85.7003,643,FL
190.4,Coal,30.2686,-85.7003,643,FL
203.2,Natural Gas,30.2686,-85.7003,643,FL
203.2,Natural Gas,30.2686,-85.7003,643,FL
213.3,Natural Gas,30.2686,-85.7003,643,FL
41.8,Other,30.2686,-85.7003,643,FL
18,Other,27.7944,-82.4036,645,FL
78.7,Other,27.7944,-82.4036,645,FL
78.7,Other,27.7944,-82.4036,645,FL
445.5,Coal,27.7944,-82.4036,645,FL
445.5,Coal,27.7944,-82.4036,645,FL
445.5,Coal,27.7944,-82.4036,645,FL
486,Coal,27.7944,-82.4036,645,FL
125,Coal,27.9065212,-82.4169721,646,FL
125,Coal,27.9065212,-82.4169721,646,FL
179.5,Coal,27.9065212,-82.4169721,646,FL
187.5,Coal,27.9065212,-82.4169721,646,FL
18,Other,27.9065212,-82.4169721,646,FL
33,Other,27.9336334,-82.4373164,647,FL
34.5,Other,27.9336334,-82.4373164,647,FL
34.5,Other,27.9336334,-82.4373164,647,FL
49,Other,27.9336334,-82.4373164,647,FL
81.6,Other,27.9336334,-82.4373164,647,FL
1160,Nuclear,33.1427,-81.7625,649,GA
1160,Nuclear,33.1427,-81.7625,649,GA
1,Hydroelectric,41.0851,-73.7748,650,NY
1,Hydroelectric,41.0851,-73.7748,650,NY
1,Hydroelectric,41.0851,-73.7748,650,NY
8.3,Natural Gas,27.4512175,-80.3235546,658,FL
16.5,Natural Gas,27.4512175,-80.3235546,658,FL
33,Natural Gas,27.4512175,-80.3235546,658,FL
56.1,Natural Gas,27.4512175,-80.3235546,658,FL
22.5,Natural Gas,27.4512175,-80.3235546,658,FL
2.7,Other,27.4512175,-80.3235546,658,FL
2.7,Other,27.4512175,-80.3235546,658,FL
75,Natural Gas,29.7592,-82.3878,663,FL
250.7,Coal,29.7592,-82.3878,663,FL
24.6,Natural Gas,29.7592,-82.3878,663,FL
24.6,Natural Gas,29.7592,-82.3878,663,FL
96.1,Natural Gas,29.7592,-82.3878,663,FL
18.7,Natural Gas,29.6461,-82.3208,664,FL
25,Natural Gas,29.6461,-82.3208,664,FL
50,Natural Gas,29.6461,-82.3208,664,FL
96.1,Natural Gas,29.6461,-82.3208,664,FL
16.3,Natural Gas,29.6461,-82.3208,664,FL
16.3,Natural Gas,29.6461,-82.3208,664,FL
16.3,Natural Gas,29.6461,-82.3208,664,FL
2,Natural Gas,25.4756,-80.47,665,FL
2,Natural Gas,25.4756,-80.47,665,FL
2.5,Natural Gas,25.4756,-80.47,665,FL
2.5,Natural Gas,25.4756,-80.47,665,FL
2.5,Natural Gas,25.4756,-80.47,665,FL
3.2,Natural Gas,25.4756,-80.47,665,FL
3.2,Natural Gas,25.4756,-80.47,665,FL
2,Natural Gas,25.4756,-80.47,665,FL
2,Natural Gas,25.4756,-80.47,665,FL
2,Natural Gas,25.4756,-80.47,665,FL
2,Natural Gas,25.4756,-80.47,665,FL
2,Natural Gas,25.4756,-80.47,665,FL
8.8,Natural Gas,25.4756,-80.47,665,FL
8.8,Natural Gas,25.4756,-80.47,665,FL
6.4,Natural Gas,25.4756,-80.47,665,FL
6.4,Natural Gas,25.4756,-80.47,665,FL
56.2,Other,30.364818,-81.625967,666,FL
185,Natural Gas,30.364818,-81.625967,666,FL
56.2,Other,30.364818,-81.625967,666,FL
56.2,Other,30.364818,-81.625967,666,FL
297.5,Other,30.4172,-81.5525,667,FL
297.5,Other,30.4172,-81.5525,667,FL
62.1,Other,30.4172,-81.5525,667,FL
62.1,Other,30.4172,-81.5525,667,FL
62.1,Other,30.4172,-81.5525,667,FL
62.1,Other,30.4172,-81.5525,667,FL
563.7,Other,30.4172,-81.5525,667,FL
75,Other,30.3129674,-81.650663,668,FL
156.6,Other,30.3129674,-81.650663,668,FL
3,Natural Gas,28.289436,-81.407908,672,FL
2,Natural Gas,28.289436,-81.407908,672,FL
2,Natural Gas,28.289436,-81.407908,672,FL
2,Natural Gas,28.289436,-81.407908,672,FL
2,Natural Gas,28.289436,-81.407908,672,FL
2,Natural Gas,28.289436,-81.407908,672,FL
2.5,Other,28.289436,-81.407908,672,FL
2.5,Other,28.289436,-81.407908,672,FL
35,Natural Gas,28.289436,-81.407908,672,FL
10,Natural Gas,28.289436,-81.407908,672,FL
10,Natural Gas,28.289436,-81.407908,672,FL
30.8,Other,26.612767,-80.0677,673,FL
21.4,Natural Gas,26.612767,-80.0677,673,FL
2,Other,26.612767,-80.0677,673,FL
2,Other,26.612767,-80.0677,673,FL
2,Other,26.612767,-80.0677,673,FL
2,Other,26.612767,-80.0677,673,FL
2,Other,26.612767,-80.0677,673,FL
7.5,Natural Gas,26.612767,-80.0677,673,FL
7.5,Natural Gas,26.612767,-80.0677,673,FL
26.5,Natural Gas,26.612767,-80.0677,673,FL
32.5,Natural Gas,26.612767,-80.0677,673,FL
10,Natural Gas,26.612767,-80.0677,673,FL
0.8,Hydroelectric,43.219017,-108.787681,674,WY
0.8,Hydroelectric,43.219017,-108.787681,674,WY
11.2,Natural Gas,28.0797,-81.9228,675,FL
11.2,Natural Gas,28.0797,-81.9228,675,FL
25,Natural Gas,28.0797,-81.9228,675,FL
25,Natural Gas,28.0797,-81.9228,675,FL
44,Natural Gas,28.0797,-81.9228,675,FL
101.5,Natural Gas,28.0797,-81.9228,675,FL
363.8,Coal,28.0801,-81.9229,676,FL
249,Natural Gas,28.0801,-81.9229,676,FL
120,Natural Gas,28.0801,-81.9229,676,FL
26.6,Natural Gas,28.0801,-81.9229,676,FL
2.5,Other,28.0801,-81.9229,676,FL
2.5,Other,28.0801,-81.9229,676,FL
103.5,Natural Gas,28.0801,-81.9229,676,FL
126,Natural Gas,28.0801,-81.9229,676,FL
0.9,Hydroelectric,44.625282,-72.530859,678,VT
0.9,Hydroelectric,44.625282,-72.530859,678,VT
0.8,Other,29.0219,-80.9644,679,FL
1,Other,29.0219,-80.9644,679,FL
1.8,Other,29.0219,-80.9644,679,FL
1.8,Other,29.0219,-80.9644,679,FL
1.1,Other,29.0219,-80.9644,679,FL
2,Other,29.0219,-80.9644,679,FL
2,Other,29.0219,-80.9644,679,FL
2,Other,29.0219,-80.9644,679,FL
0.9,Other,29.0219,-80.9644,681,FL
2,Other,29.0219,-80.9644,681,FL
2.2,Other,29.0219,-80.9644,681,FL
139.5,Hydroelectric,37.071846,-119.558008,682,CA
41.4,Natural Gas,28.493232,-80.780124,683,FL
41.4,Natural Gas,28.493232,-80.780124,683,FL
130,Natural Gas,28.493232,-80.780124,683,FL
130,Natural Gas,28.493232,-80.780124,683,FL
2,Natural Gas,28.2447,-81.2881,685,FL
5.8,Natural Gas,28.2447,-81.2881,685,FL
2,Natural Gas,28.2447,-81.2881,685,FL
3.7,Natural Gas,28.2447,-81.2881,685,FL
3.7,Natural Gas,28.2447,-81.2881,685,FL
6.3,Natural Gas,28.2447,-81.2881,685,FL
6.4,Natural Gas,28.2447,-81.2881,685,FL
75,Natural Gas,30.4522,-84.4,688,FL
259.2,Natural Gas,30.4522,-84.4,688,FL
16.3,Natural Gas,30.4522,-84.4,688,FL
27,Natural Gas,30.4522,-84.4,688,FL
50,Natural Gas,30.162304,-84.200673,689,FL
160,Natural Gas,30.162304,-84.200673,689,FL
87,Natural Gas,30.162304,-84.200673,689,FL
15,Natural Gas,30.162304,-84.200673,689,FL
15,Natural Gas,30.162304,-84.200673,689,FL
10,Hydroelectric,30.708571,-84.863869,690,FL
10,Hydroelectric,30.708571,-84.863869,690,FL
10,Hydroelectric,30.708571,-84.863869,690,FL
14.5,Hydroelectric,30.708571,-84.863869,690,FL
14.5,Hydroelectric,30.708571,-84.863869,690,FL
14.5,Hydroelectric,30.708571,-84.863869,690,FL
0.1,Wind,42.2572,-105.9181,692,WY
0.7,Wind,42.2572,-105.9181,692,WY
0.7,Wind,42.2572,-105.9181,692,WY
0.7,Wind,42.2572,-105.9181,692,WY
0.7,Wind,42.2572,-105.9181,692,WY
0.7,Wind,42.2572,-105.9181,692,WY
0.7,Wind,42.2572,-105.9181,692,WY
0.7,Wind,42.2572,-105.9181,692,WY
0.6,Wind,42.2572,-105.9181,692,WY
0.6,Wind,42.2572,-105.9181,692,WY
12.5,Natural Gas,27.633382,-80.377551,693,FL
16.5,Natural Gas,27.633382,-80.377551,693,FL
33,Natural Gas,27.633382,-80.377551,693,FL
55,Natural Gas,27.633382,-80.377551,693,FL
41.4,Natural Gas,27.633382,-80.377551,693,FL
3,Other,24.710833,-81.0927,696,FL
3,Other,24.710833,-81.0927,696,FL
3,Other,24.710833,-81.0927,696,FL
2.5,Other,24.710833,-81.0927,696,FL
2.5,Other,24.710833,-81.0927,696,FL
2,Other,24.710833,-81.0927,696,FL
2,Other,24.710833,-81.0927,696,FL
3.5,Other,24.710833,-81.0927,696,FL
3.5,Other,24.710833,-81.0927,696,FL
2.7,Other,40.0786,-93.635,698,MO
2.7,Other,40.0786,-93.635,698,MO
2.7,Other,40.0786,-93.635,698,MO
2.7,Other,40.0786,-93.635,698,MO
2.7,Other,40.0786,-93.635,698,MO
40.2,Coal,32.9191266,-83.6998717,699,GA
49,Coal,32.9191266,-83.6998717,699,GA
16.3,Other,32.9191266,-83.6998717,699,GA
16.3,Other,32.9191266,-83.6998717,699,GA
46,Natural Gas,32.9191266,-83.6998717,699,GA
46,Natural Gas,32.9191266,-83.6998717,699,GA
63,Natural Gas,33.8219504,-84.4782677,700,GA
75,Natural Gas,33.8219504,-84.4782677,700,GA
41.8,Other,33.8219504,-84.4782677,700,GA
41.8,Other,33.8219504,-84.4782677,700,GA
60,Natural Gas,33.8219504,-84.4782677,700,GA
0.7,Hydroelectric,33.839475,-83.309716,701,GA
0.7,Hydroelectric,33.839475,-83.309716,701,GA
0.7,Hydroelectric,33.839475,-83.309716,701,GA
0.7,Hydroelectric,33.839475,-83.309716,701,GA
15,Hydroelectric,32.661976,-85.091552,702,AL
15,Hydroelectric,32.661976,-85.091552,702,AL
15,Hydroelectric,32.661976,-85.091552,702,AL
20,Hydroelectric,32.661976,-85.091552,702,AL
54,Hydroelectric,32.661976,-85.091552,702,AL
54,Hydroelectric,32.661976,-85.091552,702,AL
805.8,Coal,34.1256,-84.9222,703,GA
788.8,Coal,34.1256,-84.9222,703,GA
952,Coal,34.1256,-84.9222,703,GA
952,Coal,34.1256,-84.9222,703,GA
41.8,Other,34.1256,-84.9222,703,GA
3,Hydroelectric,34.7939,-83.5406,704,GA
3,Hydroelectric,34.7939,-83.5406,704,GA
1.8,Hydroelectric,31.6028,-84.1376,706,GA
1.8,Hydroelectric,31.6028,-84.1376,706,GA
1.8,Hydroelectric,31.6028,-84.1376,706,GA
3,Hydroelectric,32.60965,-85.0805,707,AL
3,Hydroelectric,32.60965,-85.0805,707,AL
5,Hydroelectric,32.60965,-85.0805,707,AL
5,Hydroelectric,32.60965,-85.0805,707,AL
5,Hydroelectric,32.60965,-85.0805,707,AL
5,Hydroelectric,32.60965,-85.0805,707,AL
125,Coal,34.2528,-85.3456,708,GA
125,Coal,34.2528,-85.3456,708,GA
125,Coal,34.2528,-85.3456,708,GA
578,Coal,34.2528,-85.3456,708,GA
299.2,Coal,33.195,-83.2983,709,GA
359,Coal,33.195,-83.2983,709,GA
544,Coal,33.195,-83.2983,709,GA
544,Coal,33.195,-83.2983,709,GA
299.2,Coal,33.8239,-84.4758,710,GA
299.2,Coal,33.8239,-84.4758,710,GA
41.8,Natural Gas,33.8239,-84.4758,710,GA
41.8,Natural Gas,33.8239,-84.4758,710,GA
0.5,Hydroelectric,32.813836,-85.167786,711,AL
0.5,Hydroelectric,32.813836,-85.167786,711,AL
2.4,Hydroelectric,33.320773,-83.841922,712,GA
2.4,Hydroelectric,33.320773,-83.841922,712,GA
2.4,Hydroelectric,33.320773,-83.841922,712,GA
2.4,Hydroelectric,33.320773,-83.841922,712,GA
2.4,Hydroelectric,33.320773,-83.841922,712,GA
2.4,Hydroelectric,33.320773,-83.841922,712,GA
1.8,Hydroelectric,39.893491,-121.59338,714,CA
50,Other,31.213645,-81.546165,715,GA
93.7,Other,31.213645,-81.546165,715,GA
55.4,Other,31.213645,-81.546165,715,GA
55.4,Other,31.213645,-81.546165,715,GA
55.4,Other,31.213645,-81.546165,715,GA
55.4,Other,31.213645,-81.546165,715,GA
55.4,Other,31.213645,-81.546165,715,GA
55.4,Other,31.213645,-81.546165,715,GA
55.4,Other,31.213645,-81.546165,715,GA
55.4,Other,31.213645,-81.546165,715,GA
55.4,Other,31.213645,-81.546165,715,GA
2,Other,31.213645,-81.546165,715,GA
2.4,Hydroelectric,33.9684,-84.3827,717,GA
2.4,Hydroelectric,33.9684,-84.3827,717,GA
2.4,Hydroelectric,33.9684,-84.3827,717,GA
2.4,Hydroelectric,33.9684,-84.3827,717,GA
2.4,Hydroelectric,33.9684,-84.3827,717,GA
2.4,Hydroelectric,33.9684,-84.3827,717,GA
2.4,Hydroelectric,33.9684,-84.3827,717,GA
2.4,Hydroelectric,34.755269,-83.501073,718,GA
2.4,Hydroelectric,34.755269,-83.501073,718,GA
9.2,Hydroelectric,32.498791,-84.995585,719,GA
9.2,Hydroelectric,32.498791,-84.995585,719,GA
9.2,Hydroelectric,32.498791,-84.995585,719,GA
2,Hydroelectric,32.498791,-84.995585,719,GA
18,Hydroelectric,32.5163,-84.9969,720,GA
18,Hydroelectric,32.5163,-84.9969,720,GA
18,Hydroelectric,32.5163,-84.9969,720,GA
6,Hydroelectric,32.5163,-84.9969,720,GA
22.5,Hydroelectric,33.1403,-83.2028,722,GA
22.5,Hydroelectric,33.1403,-83.2028,722,GA
12,Hydroelectric,34.731332,-83.375475,723,GA
12,Hydroelectric,34.731332,-83.375475,723,GA
12,Hydroelectric,34.731332,-83.375475,723,GA
12,Hydroelectric,34.731332,-83.375475,723,GA
12,Hydroelectric,34.731332,-83.375475,723,GA
12,Hydroelectric,34.731332,-83.375475,723,GA
8,Hydroelectric,34.7504,-83.4063,724,GA
8,Hydroelectric,34.7504,-83.4063,724,GA
11.2,Hydroelectric,34.7133,-83.3519,725,GA
11.2,Hydroelectric,34.7133,-83.3519,725,GA
11.2,Hydroelectric,34.7133,-83.3519,725,GA
11.2,Hydroelectric,34.7133,-83.3519,725,GA
27.5,Coal,31.444728,-84.134696,727,GA
27.5,Coal,31.444728,-84.134696,727,GA
163.2,Coal,31.444728,-84.134696,727,GA
41.8,Other,31.444728,-84.134696,727,GA
41.8,Other,31.444728,-84.134696,727,GA
41.8,Other,31.444728,-84.134696,727,GA
122.5,Coal,33.4622,-84.8986,728,GA
122.5,Coal,33.4622,-84.8986,728,GA
122.5,Coal,33.4622,-84.8986,728,GA
156.2,Coal,33.4622,-84.8986,728,GA
156.2,Coal,33.4622,-84.8986,728,GA
403.7,Coal,33.4622,-84.8986,728,GA
403.7,Coal,33.4622,-84.8986,728,GA
7.5,Hydroelectric,34.681477,-83.342642,729,GA
7.5,Hydroelectric,34.681477,-83.342642,729,GA
7.5,Hydroelectric,34.681477,-83.342642,729,GA
15.6,Natural Gas,32.0411,-81.145,732,GA
15.6,Natural Gas,32.0411,-81.145,732,GA
15.6,Natural Gas,32.0411,-81.145,732,GA
54.4,Coal,32.1486,-81.1458,733,GA
103.5,Coal,32.1486,-81.1458,733,GA
126,Natural Gas,32.1486,-81.1458,733,GA
18.5,Natural Gas,32.1486,-81.1458,733,GA
50,Coal,32.1486,-81.1458,733,GA
15,Natural Gas,32.0839117,-81.0958141,734,GA
7.5,Natural Gas,32.0839117,-81.0958141,734,GA
24.7,Natural Gas,32.0839117,-81.0958141,734,GA
21.2,Natural Gas,32.0839117,-81.0958141,734,GA
37.5,Natural Gas,32.0839117,-81.0958141,734,GA
2.3,Hydroelectric,33.562644,-82.051242,736,GA
2.3,Hydroelectric,33.562644,-82.051242,736,GA
2.3,Hydroelectric,33.562644,-82.051242,736,GA
2.3,Hydroelectric,33.562644,-82.051242,736,GA
2.3,Hydroelectric,33.562644,-82.051242,736,GA
2.3,Hydroelectric,33.562644,-82.051242,736,GA
2.3,Hydroelectric,33.562644,-82.051242,736,GA
2.3,Hydroelectric,33.562644,-82.051242,736,GA
23.9,Hydroelectric,34.10345,-117.5257,745,CA
12.6,Natural Gas,27.5072464,-81.4380704,747,FL
19.2,Other,27.4439,-81.3633,748,FL
19.2,Other,27.4439,-81.3633,748,FL
3.6,Other,27.4439,-81.3633,748,FL
2.9,Hydroelectric,37.816447,-120.312033,751,CA
2.4,Hydroelectric,31.847697,-83.941996,752,GA
5,Hydroelectric,31.847697,-83.941996,752,GA
4.8,Hydroelectric,31.847697,-83.941996,752,GA
5,Hydroelectric,31.847697,-83.941996,752,GA
12.5,Coal,31.844708,-83.940734,753,GA
5,Natural Gas,31.844708,-83.940734,753,GA
85,Hydroelectric,34.3564,-82.8219,754,GA
85,Hydroelectric,34.3564,-82.8219,754,GA
85,Hydroelectric,34.3564,-82.8219,754,GA
85,Hydroelectric,34.3564,-82.8219,754,GA
80,Hydroelectric,34.3564,-82.8219,754,GA
22,Hydroelectric,34.883877,-84.281589,757,GA
1.5,Hydroelectric,34.883877,-84.281589,757,GA
15,Hydroelectric,34.959153,-84.08765,758,GA
0.9,Hydroelectric,34.959153,-84.08765,758,GA
40,Hydroelectric,34.162279,-84.077367,759,GA
40,Hydroelectric,34.162279,-84.077367,759,GA
6,Hydroelectric,34.162279,-84.077367,759,GA
62,Hydroelectric,34.162279,-84.077367,759,GA
62,Hydroelectric,34.162279,-84.077367,759,GA
42.3,Hydroelectric,34.1637,-84.7282,760,GA
42.3,Hydroelectric,34.1637,-84.7282,760,GA
2,Hydroelectric,34.1637,-84.7282,760,GA
32.5,Hydroelectric,31.6256,-85.0639,761,GA
32.5,Hydroelectric,31.6256,-85.0639,761,GA
32.5,Hydroelectric,31.6256,-85.0639,761,GA
32.5,Hydroelectric,31.6256,-85.0639,761,GA
48,Natural Gas,36.71979,-97.085758,762,OK
50,Other,21.3068,-157.8819,764,HI
54.4,Other,21.3068,-157.8819,764,HI
81.6,Other,21.356395,-158.128853,765,HI
81.6,Other,21.356395,-158.128853,765,HI
85.8,Other,21.356395,-158.128853,765,HI
90.9,Other,21.356395,-158.128853,765,HI
134.9,Other,21.356395,-158.128853,765,HI
134.9,Other,21.356395,-158.128853,765,HI
51.3,Other,21.388997,-157.961518,766,HI
50,Other,21.388997,-157.961518,766,HI
50,Other,21.388997,-157.961518,766,HI
54.4,Other,21.388997,-157.961518,766,HI
54.4,Other,21.388997,-157.961518,766,HI
81.6,Other,21.388997,-157.961518,766,HI
81.6,Other,21.388997,-157.961518,766,HI
51.3,Other,21.388997,-157.961518,766,HI
1,Other,19.6306,-155.9817,768,HI
1,Other,19.6306,-155.9817,768,HI
1,Other,19.6306,-155.9817,768,HI
2.5,Other,19.6306,-155.9817,768,HI
2.5,Other,19.6306,-155.9817,768,HI
2.5,Other,19.6306,-155.9817,768,HI
2,Other,19.7052,-155.0625,769,HI
2.5,Other,19.7052,-155.0625,769,HI
2.5,Other,19.7052,-155.0625,769,HI
2.5,Other,19.7052,-155.0625,769,HI
11.5,Other,19.7052,-155.0625,769,HI
0.7,Hydroelectric,19.7264,-155.0908,771,HI
1.5,Hydroelectric,19.7264,-155.0908,771,HI
14.1,Other,19.7041,-155.0607,772,HI
23,Other,19.7041,-155.0607,772,HI
0.7,Hydroelectric,19.7203,-155.1189,774,HI
0.3,Hydroelectric,19.7203,-155.1189,774,HI
12.1,Hydroelectric,39.580413,-121.119479,776,CA
50,Hydroelectric,41.2114,-101.6681,785,NE
2.2,Hydroelectric,44.326335,-72.035894,788,VT
2.5,Other,60.555,-145.7531,789,AK
2.4,Other,60.555,-145.7531,789,AK
1.1,Other,60.555,-145.7531,789,AK
1.1,Other,60.555,-145.7531,789,AK
23.4,Hydroelectric,43.420221,-112.101852,790,ID
3,Hydroelectric,29.87056,-98.194733,791,TX
3,Hydroelectric,29.87056,-98.194733,791,TX
2.2,Other,21.106,-157.0647,792,HI
2.2,Other,21.106,-157.0647,792,HI
2.2,Other,21.106,-157.0647,792,HI
2.5,Other,21.106,-157.0647,792,HI
1.2,Other,21.106,-157.0647,792,HI
1.2,Other,21.106,-157.0647,792,HI
0.9,Other,21.106,-157.0647,792,HI
0.9,Other,21.106,-157.0647,792,HI
0.9,Other,21.106,-157.0647,792,HI
0.9,Other,21.106,-157.0647,792,HI
2.8,Hydroelectric,33.068473,-96.963806,794,TX
1.2,Hydroelectric,33.3441274,-97.0546311,796,TX
14.2,Hydroelectric,44.099461,-70.220851,805,ME
14.2,Hydroelectric,44.099461,-70.220851,805,ME
4.5,Hydroelectric,43.3121,-75.109,808,NY
4.5,Hydroelectric,43.3121,-75.109,808,NY
30.8,Hydroelectric,42.7778,-112.8764,809,ID
30.8,Hydroelectric,42.7778,-112.8764,809,ID
30.8,Hydroelectric,42.7778,-112.8764,809,ID
25,Hydroelectric,42.913786,-115.070986,810,ID
25,Hydroelectric,42.913786,-115.070986,810,ID
25,Hydroelectric,42.913786,-115.070986,810,ID
90.1,Hydroelectric,44.8367,-116.8975,811,ID
90.1,Hydroelectric,44.8367,-116.8975,811,ID
90.1,Hydroelectric,44.8367,-116.8975,811,ID
90.1,Hydroelectric,44.8367,-116.8975,811,ID
225,Hydroelectric,44.8367,-116.8975,811,ID
27.6,Hydroelectric,42.944869,-115.977858,812,ID
27.6,Hydroelectric,42.944869,-115.977858,812,ID
27.6,Hydroelectric,42.944869,-115.977858,812,ID
6.2,Hydroelectric,44.5256,-116.0483,813,ID
6.2,Hydroelectric,44.5256,-116.0483,813,ID
2.5,Hydroelectric,42.66701,-114.78012,814,ID
13.5,Hydroelectric,42.865783,-114.906172,815,ID
15,Hydroelectric,42.841608,-114.903611,816,ID
15,Hydroelectric,42.841608,-114.903611,816,ID
15,Hydroelectric,42.841608,-114.903611,816,ID
15,Hydroelectric,42.841608,-114.903611,816,ID
2.5,Other,45.183368,-113.885307,817,ID
2.5,Other,45.183368,-113.885307,817,ID
0.6,Hydroelectric,42.5975,-114.4033,818,ID
0.4,Hydroelectric,42.5975,-114.4033,818,ID
11.5,Hydroelectric,42.5975,-114.4033,818,ID
12.5,Hydroelectric,43.2435,-116.3791,819,ID
12.5,Hydroelectric,43.2435,-116.3791,819,ID
1,Hydroelectric,42.740542,-114.836722,820,ID
1,Hydroelectric,42.740542,-114.836722,820,ID
6.8,Hydroelectric,42.740542,-114.836722,820,ID
8.4,Hydroelectric,42.5892,-114.3553,821,ID
44.3,Hydroelectric,42.5892,-114.3553,821,ID
9,Hydroelectric,42.767422,-114.924692,822,ID
9,Hydroelectric,42.767422,-114.924692,822,ID
8.3,Hydroelectric,42.864267,-114.885542,823,ID
2.8,Hydroelectric,44.07863,-111.497326,825,ID
2,Hydroelectric,44.07863,-111.497326,825,ID
2,Hydroelectric,44.07863,-111.497326,825,ID
7.5,Hydroelectric,42.5369641,-111.7930244,826,ID
11,Hydroelectric,42.53675,-111.793967,827,ID
11,Hydroelectric,42.53675,-111.793967,827,ID
11,Hydroelectric,42.53675,-111.793967,827,ID
10,Hydroelectric,42.267774,-111.748531,829,ID
10,Hydroelectric,42.267774,-111.748531,829,ID
10,Hydroelectric,42.267774,-111.748531,829,ID
7,Hydroelectric,42.64455,-111.696689,831,ID
7,Hydroelectric,42.64455,-111.696689,831,ID
59.4,Hydroelectric,48.0858,-116.0573,833,ID
73.2,Hydroelectric,48.0858,-116.0573,833,ID
73.2,Hydroelectric,48.0858,-116.0573,833,ID
59.4,Hydroelectric,48.0858,-116.0573,833,ID
2.2,Hydroelectric,47.7087,-116.9536,835,ID
2.2,Hydroelectric,47.7087,-116.9536,835,ID
2.2,Hydroelectric,47.7087,-116.9536,835,ID
2.2,Hydroelectric,47.7087,-116.9536,835,ID
2.2,Hydroelectric,47.7087,-116.9536,835,ID
3.5,Hydroelectric,47.7087,-116.9536,835,ID
1,Hydroelectric,39.272108,-120.932508,839,CA
90,Hydroelectric,46.5143,-116.2977,840,ID
90,Hydroelectric,46.5143,-116.2977,840,ID
220,Hydroelectric,46.5143,-116.2977,840,ID
8,Hydroelectric,43.491398,-112.04541,841,ID
3,Hydroelectric,43.468398,-112.062602,843,ID
8,Hydroelectric,43.552695,-112.050953,844,ID
0.5,Hydroelectric,39.0096,-121.0591,846,CA
0.5,Hydroelectric,39.0096,-121.0591,846,CA
0.5,Hydroelectric,39.0096,-121.0591,846,CA
44.1,Hydroelectric,43.334849,-111.205752,850,ID
44.1,Hydroelectric,43.334849,-111.205752,850,ID
44.1,Hydroelectric,43.334849,-111.205752,850,ID
44.1,Hydroelectric,43.334849,-111.205752,850,ID
14,Hydroelectric,48.180245,-116.99859,851,ID
14,Hydroelectric,48.180245,-116.99859,851,ID
14,Hydroelectric,48.180245,-116.99859,851,ID
136,Coal,40.5958,-89.6631,856,IL
280.5,Coal,40.5958,-89.6631,856,IL
363.8,Coal,40.5958,-89.6631,856,IL
18,Natural Gas,40.6867074,-89.6325815,860,IL
18,Natural Gas,40.6867074,-89.6325815,860,IL
388.9,Coal,39.0586,-89.4031,861,IL
616.5,Coal,39.0586,-89.4031,861,IL
248,Natural Gas,37.6577,-89.511161,862,IL
200,Natural Gas,37.6577,-89.511161,862,IL
85.7,Natural Gas,37.6577,-89.511161,862,IL
113.6,Natural Gas,37.6577,-89.511161,862,IL
75,Coal,39.1287713,-87.6658326,863,IL
75,Coal,39.1287713,-87.6658326,863,IL
3,Other,39.1287713,-87.6658326,863,IL
57.5,Coal,39.8216377,-90.5680631,864,IL
57.5,Coal,39.8216377,-90.5680631,864,IL
239.3,Coal,39.8216377,-90.5680631,864,IL
209.7,Other,39.8216377,-90.5680631,864,IL
19,Other,41.470072,-87.557284,865,IL
19,Other,41.470072,-87.557284,865,IL
19,Other,41.470072,-87.557284,865,IL
19,Other,41.470072,-87.557284,865,IL
19,Other,41.470072,-87.557284,865,IL
19,Other,41.470072,-87.557284,865,IL
19,Other,41.470072,-87.557284,865,IL
19,Other,41.470072,-87.557284,865,IL
18.4,Natural Gas,41.7131477,-87.5729192,866,IL
18.4,Natural Gas,41.7131477,-87.5729192,866,IL
18.4,Natural Gas,41.7131477,-87.5729192,866,IL
18.4,Natural Gas,41.7131477,-87.5729192,866,IL
18.4,Natural Gas,41.7131477,-87.5729192,866,IL
18.4,Natural Gas,41.7131477,-87.5729192,866,IL
18.4,Natural Gas,41.7131477,-87.5729192,866,IL
18.4,Natural Gas,41.7131477,-87.5729192,866,IL
18.4,Natural Gas,41.7131477,-87.5729192,866,IL
18.4,Natural Gas,41.7131477,-87.5729192,866,IL
18.4,Natural Gas,41.7131477,-87.5729192,866,IL
19,Natural Gas,41.7131477,-87.5729192,866,IL
19,Natural Gas,41.7131477,-87.5729192,866,IL
19,Natural Gas,41.7131477,-87.5729192,866,IL
19,Natural Gas,41.7131477,-87.5729192,866,IL
239.3,Coal,41.82848,-87.72291,867,IL
358.1,Coal,41.82848,-87.72291,867,IL
17.3,Natural Gas,41.82848,-87.72291,867,IL
17.3,Natural Gas,41.82848,-87.72291,867,IL
17.3,Natural Gas,41.82848,-87.72291,867,IL
17.3,Natural Gas,41.82848,-87.72291,867,IL
17.3,Natural Gas,41.82848,-87.72291,867,IL
17.3,Natural Gas,41.82848,-87.72291,867,IL
17.3,Natural Gas,41.82848,-87.72291,867,IL
17.3,Natural Gas,41.82848,-87.72291,867,IL
17.3,Natural Gas,41.82848,-87.72291,867,IL
17.3,Natural Gas,41.82848,-87.72291,867,IL
17.3,Natural Gas,41.82848,-87.72291,867,IL
17.3,Natural Gas,41.82848,-87.72291,867,IL
912,Nuclear,41.39,-88.27,869,IL
912,Nuclear,41.39,-88.27,869,IL
19,Natural Gas,41.7932373,-88.2642031,870,IL
19,Natural Gas,41.7932373,-88.2642031,870,IL
19,Natural Gas,41.7932373,-88.2642031,870,IL
19,Natural Gas,41.7932373,-88.2642031,870,IL
19,Natural Gas,41.7932373,-88.2642031,870,IL
19,Natural Gas,41.7932373,-88.2642031,870,IL
19,Natural Gas,41.7932373,-88.2642031,870,IL
19,Natural Gas,41.7932373,-88.2642031,870,IL
19,Natural Gas,41.7932373,-88.2642031,870,IL
19,Natural Gas,41.7932373,-88.2642031,870,IL
19,Natural Gas,41.7932373,-88.2642031,870,IL
19,Natural Gas,41.7932373,-88.2642031,870,IL
19,Natural Gas,41.7932373,-88.2642031,870,IL
19,Natural Gas,41.7932373,-88.2642031,870,IL
19,Natural Gas,41.7932373,-88.2642031,870,IL
19,Natural Gas,41.7932373,-88.2642031,870,IL
360.4,Coal,41.4931,-88.1153,874,IL
18.4,Natural Gas,41.4931,-88.1153,874,IL
18.4,Natural Gas,41.4931,-88.1153,874,IL
18.4,Natural Gas,41.4931,-88.1153,874,IL
18.4,Natural Gas,41.4931,-88.1153,874,IL
18.4,Natural Gas,41.4931,-88.1153,874,IL
18.4,Natural Gas,41.4931,-88.1153,874,IL
18.4,Natural Gas,41.4931,-88.1153,874,IL
18.4,Natural Gas,41.4931,-88.1153,874,IL
659.5,Coal,39.590556,-89.496389,876,IL
659.5,Coal,39.590556,-89.496389,876,IL
22.1,Other,41.902285,-88.0445809,877,IL
22.1,Natural Gas,41.902285,-88.0445809,877,IL
22.1,Other,41.902285,-88.0445809,877,IL
22.1,Other,41.902285,-88.0445809,877,IL
22.1,Other,41.902285,-88.0445809,877,IL
22.1,Natural Gas,41.902285,-88.0445809,877,IL
892.8,Coal,40.5408,-89.6786,879,IL
892.8,Coal,40.5408,-89.6786,879,IL
912,Nuclear,41.726111,-90.310278,880,IL
912,Nuclear,41.726111,-90.310278,880,IL
18.4,Other,42.2358652,-89.0981812,882,IL
18.4,Other,42.2358652,-89.0981812,882,IL
18.4,Other,42.2358652,-89.0981812,882,IL
18.4,Other,42.2358652,-89.0981812,882,IL
19,Other,42.2358652,-89.0981812,882,IL
19,Other,42.2358652,-89.0981812,882,IL
19,Other,42.2358652,-89.0981812,882,IL
19,Other,42.2358652,-89.0981812,882,IL
121,Coal,42.3833,-87.8133,883,IL
326.4,Coal,42.3833,-87.8133,883,IL
355.3,Coal,42.3833,-87.8133,883,IL
28,Other,42.3833,-87.8133,883,IL
28,Other,42.3833,-87.8133,883,IL
28,Other,42.3833,-87.8133,883,IL
28,Other,42.3833,-87.8133,883,IL
187.5,Coal,41.6334,-88.0629,884,IL
183.7,Coal,41.6334,-88.0629,884,IL
299.2,Coal,41.6334,-88.0629,884,IL
598.4,Coal,41.6334,-88.0629,884,IL
374,Coal,41.8508,-87.6533,886,IL
38,Other,41.8508,-87.6533,886,IL
38,Other,41.8508,-87.6533,886,IL
38,Other,41.8508,-87.6533,886,IL
38,Other,41.8508,-87.6533,886,IL
38,Other,41.8508,-87.6533,886,IL
38,Other,41.8508,-87.6533,886,IL
38,Other,41.8508,-87.6533,886,IL
22.8,Other,41.8508,-87.6533,886,IL
183.3,Coal,37.2094,-88.858889,887,IL
183.3,Coal,37.2094,-88.858889,887,IL
183.3,Coal,37.2094,-88.858889,887,IL
183.3,Coal,37.2094,-88.858889,887,IL
183.3,Coal,37.2094,-88.858889,887,IL
183.3,Coal,37.2094,-88.858889,887,IL
623.1,Coal,38.205,-89.8544,889,IL
634.5,Coal,38.205,-89.8544,889,IL
634.5,Coal,38.205,-89.8544,889,IL
46,Other,40.2797,-90.08,891,IL
46,Other,40.2797,-90.08,891,IL
46,Other,40.2797,-90.08,891,IL
46,Other,40.2797,-90.08,891,IL
46,Other,40.2797,-90.08,891,IL
488,Coal,40.2797,-90.08,891,IL
75,Coal,41.3028,-89.315,892,IL
231.3,Coal,41.3028,-89.315,892,IL
17.5,Natural Gas,41.2897,-89.0725,894,IL
17.5,Natural Gas,41.2897,-89.0725,894,IL
17.5,Natural Gas,41.2897,-89.0725,894,IL
17.5,Natural Gas,41.2897,-89.0725,894,IL
23.8,Natural Gas,38.7314,-90.0461,895,IL
23.8,Natural Gas,38.7314,-90.0461,895,IL
23.8,Natural Gas,38.7314,-90.0461,895,IL
23.8,Natural Gas,38.7314,-90.0461,895,IL
108.8,Coal,40.1805105,-87.828031,897,IL
15,Other,40.1805105,-87.828031,897,IL
75,Coal,40.1805105,-87.828031,897,IL
50,Natural Gas,38.8639,-90.1347,898,IL
50,Natural Gas,38.8639,-90.1347,898,IL
50,Natural Gas,38.8639,-90.1347,898,IL
112.5,Coal,38.8639,-90.1347,898,IL
387.6,Coal,38.8639,-90.1347,898,IL
18,Natural Gas,41.509959,-90.534021,899,IL
18,Natural Gas,41.509959,-90.534021,899,IL
18,Natural Gas,41.509959,-90.534021,899,IL
18,Natural Gas,41.509959,-90.534021,899,IL
0.9,Hydroelectric,41.509959,-90.534021,899,IL
0.9,Hydroelectric,41.509959,-90.534021,899,IL
0.9,Hydroelectric,41.509959,-90.534021,899,IL
0.9,Hydroelectric,41.509959,-90.534021,899,IL
55,Other,38.8348,-122.7677,902,CA
0.6,Hydroelectric,42.4511,-89.0756,903,IL
0.5,Hydroelectric,42.4511,-89.0756,903,IL
19.6,Hydroelectric,34.8158,-118.6867,905,CA
40,Other,38.6642,-90.1764,913,IL
98,Other,38.6642,-90.1764,913,IL
98,Other,38.6642,-90.1764,913,IL
98,Other,38.6642,-90.1764,913,IL
100,Other,38.6642,-90.1764,913,IL
37.5,Other,38.6642,-90.1764,913,IL
61,Natural Gas,38.6642,-90.1764,913,IL
40,Other,38.6642,-90.1764,913,IL
9.4,Hydroelectric,46.982514,-119.257764,917,WA
0.7,Hydroelectric,39.205623,-111.334381,925,UT
2.1,Hydroelectric,39.205623,-111.334381,925,UT
3,Other,38.607456,-89.524514,934,IL
2.5,Other,38.607456,-89.524514,934,IL
2.5,Other,38.607456,-89.524514,934,IL
0.9,Other,38.607456,-89.524514,934,IL
3,Other,38.607456,-89.524514,934,IL
2,Other,38.607456,-89.524514,934,IL
0.2,Other,40.5483,-90.5408,935,IL
0.2,Other,40.5483,-90.5408,935,IL
2.2,Other,40.5483,-90.5408,935,IL
2.2,Other,40.5483,-90.5408,935,IL
1,Other,40.5483,-90.5408,935,IL
2.5,Other,40.5483,-90.5408,935,IL
2.5,Other,40.5483,-90.5408,935,IL
3,Other,38.6106,-89.3583,936,IL
2,Other,38.6106,-89.3583,936,IL
2.5,Other,38.6106,-89.3583,936,IL
2.5,Other,38.6106,-89.3583,936,IL
2.5,Other,38.6106,-89.3583,936,IL
0.6,Natural Gas,38.0967,-88.1631,937,IL
0.7,Other,38.0967,-88.1631,937,IL
1.1,Other,38.0967,-88.1631,937,IL
1.4,Natural Gas,38.0967,-88.1631,937,IL
1.7,Natural Gas,38.0967,-88.1631,937,IL
1.7,Natural Gas,38.0967,-88.1631,937,IL
2.7,Natural Gas,38.0967,-88.1631,937,IL
2,Natural Gas,38.0967,-88.1631,937,IL
4.4,Natural Gas,38.0967,-88.1631,937,IL
2.4,Other,38.3783,-88.3594,940,IL
2.4,Other,38.3783,-88.3594,940,IL
2.7,Other,38.3783,-88.3594,940,IL
1.5,Natural Gas,40.24611,-88.638761,941,IL
1.1,Other,40.24611,-88.638761,941,IL
0.8,Other,40.24611,-88.638761,941,IL
3.5,Natural Gas,40.24611,-88.638761,941,IL
0.4,Other,38.4278,-89.4317,943,IL
0.4,Other,38.4278,-89.4317,943,IL
0.6,Other,38.4278,-89.4317,943,IL
1,Other,38.4278,-89.4317,943,IL
1.8,Other,38.4278,-89.4317,943,IL
2.6,Other,38.4278,-89.4317,943,IL
1.7,Other,38.4278,-89.4317,943,IL
1.8,Other,38.4278,-89.4317,943,IL
5.6,Natural Gas,41.451494,-90.148547,944,IL
3.5,Natural Gas,41.451494,-90.148547,944,IL
3.5,Natural Gas,41.451494,-90.148547,944,IL
1.6,Natural Gas,41.451494,-90.148547,944,IL
3,Natural Gas,41.451494,-90.148547,944,IL
4.8,Other,41.451494,-90.148547,944,IL
4.4,Natural Gas,41.451494,-90.148547,944,IL
3,Natural Gas,41.451494,-90.148547,944,IL
1.6,Other,38.7333,-89.6875,946,IL
1.6,Other,38.7333,-89.6875,946,IL
1.6,Other,38.7333,-89.6875,946,IL
2,Other,38.7333,-89.6875,946,IL
2,Other,38.7333,-89.6875,946,IL
4.4,Other,38.7333,-89.6875,946,IL
4.4,Other,38.7333,-89.6875,946,IL
0.6,Other,38.0925,-88.5453,948,IL
2,Other,38.0925,-88.5453,948,IL
2.4,Other,38.0925,-88.5453,948,IL
1.1,Other,38.0925,-88.5453,948,IL
1.1,Other,38.0925,-88.5453,948,IL
2,Other,38.0925,-88.5453,948,IL
0.9,Other,39.392138,-87.68513,949,IL
0.9,Other,39.392138,-87.68513,949,IL
1.2,Other,39.392138,-87.68513,949,IL
2.5,Other,39.392138,-87.68513,949,IL
1.8,Other,39.392138,-87.68513,949,IL
1.8,Other,39.392138,-87.68513,949,IL
1.8,Other,39.392138,-87.68513,949,IL
1.8,Other,39.392138,-87.68513,949,IL
1.8,Other,39.392138,-87.68513,949,IL
1.8,Other,39.392138,-87.68513,949,IL
0.6,Other,38.4846754,-89.7981894,950,IL
0.6,Other,38.4846754,-89.7981894,950,IL
1.1,Other,38.4846754,-89.7981894,950,IL
2.1,Other,38.4846754,-89.7981894,950,IL
2.3,Other,38.4846754,-89.7981894,950,IL
1.8,Other,41.3237,-89.1123,955,IL
7.5,Natural Gas,41.3237,-89.1123,955,IL
1.8,Other,41.3237,-89.1123,955,IL
2,Other,41.3237,-89.1123,955,IL
2,Other,41.3237,-89.1123,955,IL
2,Other,41.3237,-89.1123,955,IL
10,Other,41.3237,-89.1123,955,IL
1.9,Hydroelectric,41.3237,-89.1123,955,IL
1.9,Hydroelectric,41.3237,-89.1123,955,IL
1.9,Hydroelectric,41.3237,-89.1123,955,IL
1.9,Hydroelectric,41.3237,-89.1123,955,IL
6.3,Other,41.3237,-89.1123,955,IL
1.8,Other,41.3237,-89.1123,955,IL
1.8,Other,41.3237,-89.1123,955,IL
4.4,Hydroelectric,30.388517,-84.646624,956,FL
4.4,Hydroelectric,30.388517,-84.646624,956,FL
3.4,Hydroelectric,30.388517,-84.646624,956,FL
2.3,Natural Gas,41.3767,-89.3817,957,IL
3,Natural Gas,41.3767,-89.3817,957,IL
3.4,Natural Gas,41.3767,-89.3817,957,IL
3.4,Natural Gas,41.3767,-89.3817,957,IL
4.4,Natural Gas,41.3767,-89.3817,957,IL
5.6,Natural Gas,41.3767,-89.3817,957,IL
7,Natural Gas,41.3767,-89.3817,957,IL
8.8,Natural Gas,41.3767,-89.3817,957,IL
1.2,Other,40.312222,-89.1594,958,IL
1.2,Other,40.312222,-89.1594,958,IL
1.2,Other,40.312222,-89.1594,958,IL
1.2,Other,40.312222,-89.1594,958,IL
1.5,Other,40.312222,-89.1594,958,IL
5.2,Other,40.312222,-89.1594,958,IL
4,Other,40.312222,-89.1594,958,IL
1.8,Other,40.312222,-89.1594,958,IL
1.8,Other,40.312222,-89.1594,958,IL
1.8,Other,40.312222,-89.1594,958,IL
1.8,Other,40.312222,-89.1594,958,IL
1.8,Other,40.312222,-89.1594,958,IL
1.8,Other,40.312222,-89.1594,958,IL
1.8,Other,40.312222,-89.1594,958,IL
1.8,Other,40.312222,-89.1594,958,IL
2.4,Other,38.2064,-89.9931,959,IL
1.1,Other,38.2064,-89.9931,959,IL
2.4,Other,38.2064,-89.9931,959,IL
3.5,Other,38.2064,-89.9931,959,IL
0.5,Other,38.2064,-89.9931,959,IL
1,Other,38.2064,-89.9931,959,IL
2.8,Other,38.2064,-89.9931,959,IL
2.8,Other,38.2064,-89.9931,959,IL
0.9,Other,41.9093,-89.0498,960,IL
2.5,Natural Gas,41.9093,-89.0498,960,IL
1,Other,41.9093,-89.0498,960,IL
1,Natural Gas,41.9093,-89.0498,960,IL
2.5,Natural Gas,41.9093,-89.0498,960,IL
3.8,Natural Gas,41.9093,-89.0498,960,IL
1,Other,41.9093,-89.0498,960,IL
3.5,Natural Gas,41.9093,-89.0498,960,IL
2.5,Natural Gas,41.9093,-89.0498,960,IL
2.5,Natural Gas,41.9092,-89.0504,961,IL
2.5,Natural Gas,41.9092,-89.0504,961,IL
11.5,Natural Gas,41.9092,-89.0504,961,IL
90.2,Coal,39.754803,-89.602389,963,IL
90.2,Coal,39.754803,-89.602389,963,IL
207.3,Coal,39.754803,-89.602389,963,IL
37.5,Coal,39.757327,-89.600512,964,IL
37.5,Coal,39.757327,-89.600512,964,IL
1.8,Other,39.757327,-89.600512,964,IL
1.8,Other,39.757327,-89.600512,964,IL
1.8,Other,39.757327,-89.600512,964,IL
17.5,Other,39.806868,-89.641653,965,IL
4.3,Other,39.596667,-88.611944,969,IL
2,Other,39.596667,-88.611944,969,IL
1.5,Other,39.596667,-88.611944,969,IL
1.1,Other,39.596667,-88.611944,969,IL
1.1,Other,39.596667,-88.611944,969,IL
0.6,Other,39.596667,-88.611944,969,IL
2.4,Other,39.596667,-88.611944,969,IL
2.4,Other,39.596667,-88.611944,969,IL
2,Other,39.596667,-88.611944,969,IL
1.1,Other,39.596667,-88.611944,969,IL
3.1,Other,38.334786,-90.158939,971,IL
0.2,Other,38.334786,-90.158939,971,IL
0.2,Other,38.334786,-90.158939,971,IL
2,Other,38.334786,-90.158939,971,IL
0.5,Other,38.334786,-90.158939,971,IL
0.5,Other,38.334786,-90.158939,971,IL
1.7,Other,38.334786,-90.158939,971,IL
3,Other,38.334786,-90.158939,971,IL
6.6,Natural Gas,38.334786,-90.158939,971,IL
9.4,Natural Gas,42.115589,-87.731025,972,IL
6.3,Natural Gas,42.115589,-87.731025,972,IL
12.5,Natural Gas,42.115589,-87.731025,972,IL
2.6,Other,42.115589,-87.731025,972,IL
2.6,Other,42.115589,-87.731025,972,IL
33,Coal,37.619747,-88.953114,976,IL
33,Coal,37.619747,-88.953114,976,IL
33,Coal,37.619747,-88.953114,976,IL
173,Coal,37.619747,-88.953114,976,IL
75,Natural Gas,37.619747,-88.953114,976,IL
75,Natural Gas,37.619747,-88.953114,976,IL
225,Coal,41.7072,-87.5217,981,IN
388,Coal,41.7072,-87.5217,981,IN
217.2,Coal,38.7378,-85.4206,983,IN
217.2,Coal,38.7378,-85.4206,983,IN
217.2,Coal,38.7378,-85.4206,983,IN
217.2,Coal,38.7378,-85.4206,983,IN
217.2,Coal,38.7378,-85.4206,983,IN
217.2,Coal,38.7378,-85.4206,983,IN
1.4,Hydroelectric,41.6928,-85.965,986,IN
1,Hydroelectric,41.6928,-85.965,986,IN
1,Hydroelectric,41.6928,-85.965,986,IN
0.2,Hydroelectric,42.603349,-111.705304,987,ID
0.5,Hydroelectric,42.603349,-111.705304,987,ID
1,Hydroelectric,42.603349,-111.705304,987,ID
152.5,Coal,39.0814,-84.8594,988,IN
152.5,Coal,39.0814,-84.8594,988,IN
215.4,Coal,39.0814,-84.8594,988,IN
579.7,Coal,39.0814,-84.8594,988,IN
0.6,Hydroelectric,41.665,-86.1322,989,IN
0.6,Hydroelectric,41.665,-86.1322,989,IN
0.6,Hydroelectric,41.665,-86.1322,989,IN
0.6,Hydroelectric,41.665,-86.1322,989,IN
0.6,Hydroelectric,41.665,-86.1322,989,IN
0.6,Hydroelectric,41.665,-86.1322,989,IN
0.6,Hydroelectric,41.665,-86.1322,989,IN
0.6,Hydroelectric,41.665,-86.1322,989,IN
37.5,Other,39.711319,-86.196867,990,IN
37.5,Other,39.711319,-86.196867,990,IN
113.5,Coal,39.711319,-86.196867,990,IN
113.6,Coal,39.711319,-86.196867,990,IN
470.9,Coal,39.711319,-86.196867,990,IN
21.4,Other,39.711319,-86.196867,990,IN
21.4,Other,39.711319,-86.196867,990,IN
21.4,Other,39.711319,-86.196867,990,IN
80,Natural Gas,39.711319,-86.196867,990,IN
80,Natural Gas,39.711319,-86.196867,990,IN
185,Natural Gas,39.711319,-86.196867,990,IN
2.7,Other,39.711319,-86.196867,990,IN
46,Other,39.48517,-86.4183,991,IN
50,Coal,39.48517,-86.4183,991,IN
69,Coal,39.48517,-86.4183,991,IN
69,Coal,39.48517,-86.4183,991,IN
113.6,Coal,39.48517,-86.4183,991,IN
2.7,Other,39.48517,-86.4183,991,IN
46,Other,39.48517,-86.4183,991,IN
15,Coal,39.7631,-86.1667,992,IN
5,Coal,39.7631,-86.1667,992,IN
574.2,Coal,38.5281,-87.2525,994,IN
2.7,Other,38.5281,-87.2525,994,IN
2.7,Other,38.5281,-87.2525,994,IN
2.7,Other,38.5281,-87.2525,994,IN
253.4,Coal,38.5281,-87.2525,994,IN
471,Coal,38.5281,-87.2525,994,IN
574.3,Coal,38.5281,-87.2525,994,IN
194,Coal,41.645,-87.1225,995,IN
421.6,Coal,41.645,-87.1225,995,IN
37.5,Natural Gas,41.645,-87.1225,995,IN
138.1,Natural Gas,41.6392,-87.4069,996,IN
138.1,Coal,41.6392,-87.4069,996,IN
138.1,Coal,41.6392,-87.4069,996,IN
115.1,Coal,41.6392,-87.4069,996,IN
17.4,Natural Gas,41.6392,-87.4069,996,IN
70,Natural Gas,41.7208,-86.9086,997,IN
70,Natural Gas,41.7208,-86.9086,997,IN
540,Coal,41.7208,-86.9086,997,IN
2,Hydroelectric,40.7803,-86.76,998,IN
2,Hydroelectric,40.7803,-86.76,998,IN
2,Hydroelectric,40.7803,-86.76,998,IN
1.2,Hydroelectric,40.7803,-86.76,998,IN
4.4,Hydroelectric,40.6564,-86.7528,999,IN
3.4,Hydroelectric,40.6564,-86.7528,999,IN
1.4,Hydroelectric,40.6564,-86.7528,999,IN
531,Coal,39.9242,-87.4244,1001,IN
531,Coal,39.9242,-87.4244,1001,IN
121,Natural Gas,39.9242,-87.4244,1001,IN
2.6,Other,39.9242,-87.4244,1001,IN
2.6,Other,39.9242,-87.4244,1001,IN
2.6,Other,39.9242,-87.4244,1001,IN
2.6,Other,39.9242,-87.4244,1001,IN
41.8,Other,39.6561,-85.1758,1002,IN
41.8,Other,39.6561,-85.1758,1002,IN
35,Other,38.805635,-87.24788,1004,IN
40.2,Coal,38.805635,-87.24788,1004,IN
69,Coal,38.805635,-87.24788,1004,IN
21.6,Hydroelectric,38.7795,-84.964,1005,IN
21.6,Hydroelectric,38.7795,-84.964,1005,IN
21.6,Hydroelectric,38.7795,-84.964,1005,IN
18,Other,40.7884,-85.8178,1006,IN
18,Other,40.7884,-85.8178,1006,IN
18,Other,40.7884,-85.8178,1006,IN
18,Other,40.7884,-85.8178,1006,IN
16.3,Other,40.7884,-85.8178,1006,IN
16.3,Other,40.7884,-85.8178,1006,IN
50,Natural Gas,40.0969,-85.9714,1007,IN
50,Natural Gas,40.0969,-85.9714,1007,IN
76,Natural Gas,40.0969,-85.9714,1007,IN
76,Natural Gas,40.0969,-85.9714,1007,IN
76,Natural Gas,40.0969,-85.9714,1007,IN
150,Coal,38.2636,-85.8381,1008,IN
150,Coal,38.2636,-85.8381,1008,IN
150,Coal,38.2636,-85.8381,1008,IN
150,Coal,38.2636,-85.8381,1008,IN
112.5,Coal,39.53,-87.4247,1010,IN
112.5,Coal,39.53,-87.4247,1010,IN
123.2,Coal,39.53,-87.4247,1010,IN
112.5,Coal,39.53,-87.4247,1010,IN
125,Coal,39.53,-87.4247,1010,IN
387,Coal,39.53,-87.4247,1010,IN
2.7,Other,39.53,-87.4247,1010,IN
2.7,Other,39.53,-87.4247,1010,IN
2.7,Other,39.53,-87.4247,1010,IN
192,Coal,39.53,-87.4247,1010,IN
53.1,Natural Gas,37.969116,-87.604879,1011,IN
88.8,Natural Gas,37.969116,-87.604879,1011,IN
46,Coal,37.9111,-87.3275,1012,IN
103.7,Coal,37.9111,-87.3275,1012,IN
265.2,Coal,37.9111,-87.3275,1012,IN
10.7,Natural Gas,38.0211,-87.5172,1013,IN
11.5,Natural Gas,38.0211,-87.5172,1013,IN
28.8,Natural Gas,35.0986,-78.8294,1016,NC
28.8,Natural Gas,35.0986,-78.8294,1016,NC
28.8,Natural Gas,35.0986,-78.8294,1016,NC
28.8,Natural Gas,35.0986,-78.8294,1016,NC
28.8,Natural Gas,35.0986,-78.8294,1016,NC
28.8,Natural Gas,35.0986,-78.8294,1016,NC
28.8,Natural Gas,35.0986,-78.8294,1016,NC
28.8,Natural Gas,35.0986,-78.8294,1016,NC
73,Natural Gas,35.0986,-78.8294,1016,NC
0.6,Hydroelectric,39.255911,-111.621491,1020,UT
0.6,Hydroelectric,39.255911,-111.621491,1020,UT
1,Other,40.7381436,-85.1663894,1023,IN
1,Other,40.7381436,-85.1663894,1023,IN
2.5,Natural Gas,40.7381436,-85.1663894,1023,IN
2.5,Natural Gas,40.7381436,-85.1663894,1023,IN
11.5,Coal,40.048889,-86.8992,1024,IN
12.6,Coal,40.048889,-86.8992,1024,IN
0.8,Other,40.048889,-86.8992,1024,IN
18,Coal,40.758858,-86.360289,1032,IN
25,Coal,40.758858,-86.360289,1032,IN
18,Natural Gas,40.758858,-86.360289,1032,IN
22,Coal,40.7551,-86.0575,1037,IN
12.5,Coal,40.7551,-86.0575,1037,IN
1.8,Other,40.7551,-86.0575,1037,IN
1.9,Other,40.939528,-87.154472,1038,IN
2.5,Other,40.939528,-87.154472,1038,IN
3,Other,40.939528,-87.154472,1038,IN
2,Other,40.939528,-87.154472,1038,IN
2,Other,40.939528,-87.154472,1038,IN
5,Other,40.939528,-87.154472,1038,IN
33,Coal,39.8028,-84.8953,1040,IN
60.9,Coal,39.8028,-84.8953,1040,IN
116.6,Coal,38.5201,-87.2662,1043,IN
116.6,Coal,38.5201,-87.2662,1043,IN
28.7,Coal,42.5031,-90.658611,1046,IA
37.5,Coal,42.5031,-90.658611,1046,IA
2,Other,42.5031,-90.658611,1046,IA
2,Other,42.5031,-90.658611,1046,IA
15,Coal,42.5031,-90.658611,1046,IA
15,Coal,43.3359,-91.1675,1047,IA
11.5,Coal,43.3359,-91.1675,1047,IA
37.5,Coal,43.3359,-91.1675,1047,IA
274.5,Coal,43.3359,-91.1675,1047,IA
1,Other,43.3359,-91.1675,1047,IA
1,Other,43.3359,-91.1675,1047,IA
18.7,Natural Gas,41.8081,-90.233611,1048,IA
218.4,Coal,41.8081,-90.233611,1048,IA
1,Other,42.0450403,-93.5815068,1052,IA
1,Other,42.0450403,-93.5815068,1052,IA
10,Coal,41.9848799,-91.6683259,1058,IA
6,Coal,41.9848799,-91.6683259,1058,IA
15,Coal,41.9848799,-91.6683259,1058,IA
10,Coal,41.9848799,-91.6683259,1058,IA
15,Coal,41.9848799,-91.6683259,1058,IA
28.7,Coal,41.9848799,-91.6683259,1058,IA
597.1,Nuclear,42.1011,-91.7781,1060,IA
0.6,Hydroelectric,42.069987,-90.697657,1067,IA
0.6,Hydroelectric,42.069987,-90.697657,1067,IA
67.4,Other,42.048,-92.863,1068,IA
67.4,Other,42.048,-92.863,1068,IA
67.4,Other,42.048,-92.863,1068,IA
23,Coal,41.944039,-91.639167,1073,IA
23,Coal,41.944039,-91.639167,1073,IA
50,Coal,41.944039,-91.639167,1073,IA
148.7,Coal,41.944039,-91.639167,1073,IA
37.5,Coal,42.047333,-92.859444,1077,IA
37.5,Coal,42.047333,-92.859444,1077,IA
81.6,Coal,42.047333,-92.859444,1077,IA
18,Natural Gas,41.671877,-91.563999,1079,IA
18,Natural Gas,41.671877,-91.563999,1079,IA
18,Natural Gas,41.671877,-91.563999,1079,IA
18,Natural Gas,41.671877,-91.563999,1079,IA
136,Coal,41.54,-90.4481,1081,IA
5,Coal,41.54,-90.4481,1081,IA
49,Coal,41.18,-95.8408,1082,IA
81.6,Coal,41.18,-95.8408,1082,IA
725.8,Coal,41.18,-95.8408,1082,IA
16,Natural Gas,41.590218,-93.619499,1084,IA
16,Natural Gas,41.590218,-93.619499,1084,IA
16,Natural Gas,41.590218,-93.619499,1084,IA
16,Natural Gas,41.590218,-93.619499,1084,IA
16,Natural Gas,41.590218,-93.619499,1084,IA
16,Natural Gas,41.590218,-93.619499,1084,IA
16,Natural Gas,41.590218,-93.619499,1084,IA
16,Natural Gas,41.590218,-93.619499,1084,IA
147,Coal,42.299794,-96.361707,1091,IA
349.2,Coal,42.299794,-96.361707,1091,IA
549.8,Coal,42.299794,-96.361707,1091,IA
18,Natural Gas,43.0563,-92.6932,1097,IA
18,Natural Gas,43.0563,-92.6932,1097,IA
212,Coal,40.7412,-91.116667,1104,IA
22.5,Natural Gas,40.7412,-91.116667,1104,IA
22.5,Natural Gas,40.7412,-91.116667,1104,IA
22.5,Natural Gas,40.7412,-91.116667,1104,IA
22.5,Natural Gas,40.7412,-91.116667,1104,IA
2,Other,40.7478,-92.873056,1105,IA
2,Other,40.7478,-92.873056,1105,IA
2,Other,40.7478,-92.873056,1105,IA
23.8,Other,40.7478,-92.873056,1105,IA
23.8,Other,40.7478,-92.873056,1105,IA
7.6,Hydroelectric,40.3965,-91.3719,1109,IA
7.6,Hydroelectric,40.3965,-91.3719,1109,IA
7.6,Hydroelectric,40.3965,-91.3719,1109,IA
7.6,Hydroelectric,40.3965,-91.3719,1109,IA
7.6,Hydroelectric,40.3965,-91.3719,1109,IA
7.6,Hydroelectric,40.3965,-91.3719,1109,IA
8.8,Hydroelectric,40.3965,-91.3719,1109,IA
8.8,Hydroelectric,40.3965,-91.3719,1109,IA
8.8,Hydroelectric,40.3965,-91.3719,1109,IA
8.8,Hydroelectric,40.3965,-91.3719,1109,IA
8.8,Hydroelectric,40.3965,-91.3719,1109,IA
8.8,Hydroelectric,40.3965,-91.3719,1109,IA
8.8,Hydroelectric,40.3965,-91.3719,1109,IA
8.8,Hydroelectric,40.3965,-91.3719,1109,IA
8.8,Hydroelectric,40.3965,-91.3719,1109,IA
0.7,Other,43.0733,-94.2392,1120,IA
1,Other,43.0733,-94.2392,1120,IA
1.5,Other,43.0733,-94.2392,1120,IA
3.2,Other,43.0733,-94.2392,1120,IA
4.1,Other,43.0733,-94.2392,1120,IA
4.4,Other,43.0733,-94.2392,1120,IA
4.4,Other,43.0733,-94.2392,1120,IA
2.3,Wind,43.0733,-94.2392,1120,IA
1,Other,42.6733,-95.3039,1121,IA
1.1,Other,42.6733,-95.3039,1121,IA
33,Coal,42.0258,-93.6089,1122,IA
65,Coal,42.0258,-93.6089,1122,IA
0.1,Other,41.4444,-94.7689,1123,IA
0.2,Other,41.4444,-94.7689,1123,IA
0.3,Other,41.4444,-94.7689,1123,IA
0.2,Other,41.4444,-94.7689,1123,IA
0.2,Other,41.4444,-94.7689,1123,IA
2,Other,41.4444,-94.7689,1123,IA
5.3,Other,41.409,-95,1124,IA
10,Natural Gas,41.409,-95,1124,IA
0.3,Other,43.292628,-94.217075,1125,IA
0.6,Other,43.292628,-94.217075,1125,IA
1.8,Other,43.292628,-94.217075,1125,IA
1.8,Other,43.292628,-94.217075,1125,IA
0.6,Other,42.25,-90.4167,1126,IA
1.6,Other,42.25,-90.4167,1126,IA
1.8,Other,42.25,-90.4167,1126,IA
0.7,Other,42.25,-90.4167,1126,IA
0.9,Other,42.25,-90.4167,1126,IA
3,Other,42.25,-90.4167,1126,IA
2.8,Natural Gas,40.7031,-92.4253,1127,IA
0.3,Other,40.7031,-92.4253,1127,IA
2.7,Natural Gas,40.7031,-92.4253,1127,IA
0.3,Other,40.7031,-92.4253,1127,IA
0.9,Natural Gas,40.7031,-92.4253,1127,IA
1.5,Natural Gas,40.7031,-92.4253,1127,IA
0.2,Other,41.7283405,-92.4451892,1128,IA
0.2,Other,41.7283405,-92.4451892,1128,IA
0.3,Other,41.7283405,-92.4451892,1128,IA
0.5,Natural Gas,41.7283405,-92.4451892,1128,IA
1.1,Natural Gas,41.7283405,-92.4451892,1128,IA
0.7,Other,42.2275,-91.113739,1129,IA
2,Other,42.2275,-91.113739,1129,IA
0.7,Other,42.2275,-91.113739,1129,IA
1.8,Other,42.2275,-91.113739,1129,IA
25,Natural Gas,42.512,-92.476,1130,IA
28,Natural Gas,42.512,-92.476,1130,IA
16.5,Coal,42.5267,-92.4394,1131,IA
35,Coal,42.5267,-92.4394,1131,IA
0.2,Other,42.2925,-91.5581,1132,IA
0.6,Other,42.2925,-91.5581,1132,IA
0.6,Other,42.2925,-91.5581,1132,IA
2,Other,42.2925,-91.5581,1132,IA
0.6,Other,40.974,-94.7669,1134,IA
0.9,Other,40.974,-94.7669,1134,IA
1.3,Other,40.974,-94.7669,1134,IA
0.4,Other,40.974,-94.7669,1134,IA
2.8,Other,40.974,-94.7669,1134,IA
0.6,Other,42.2525,-94.0581,1135,IA
0.1,Other,42.2525,-94.0581,1135,IA
1.8,Other,42.2525,-94.0581,1135,IA
1.6,Other,43.4028,-94.8433,1137,IA
3,Natural Gas,43.4028,-94.8433,1137,IA
4,Natural Gas,43.4028,-94.8433,1137,IA
4,Natural Gas,43.4028,-94.8433,1137,IA
2,Other,43.4028,-94.8433,1137,IA
3,Natural Gas,43.4028,-94.8433,1137,IA
1.2,Other,43.263235,-93.635383,1138,IA
2.7,Other,43.263235,-93.635383,1138,IA
3.5,Other,43.263235,-93.635383,1138,IA
6.3,Other,43.263235,-93.635383,1138,IA
0.7,Other,43.263235,-93.635383,1138,IA
7.6,Other,43.263235,-93.635383,1138,IA
1.2,Other,42.274514,-94.270195,1141,IA
1.2,Other,42.274514,-94.270195,1141,IA
0.5,Other,43.2397,-94.7498,1142,IA
1.1,Other,43.2397,-94.7498,1142,IA
2,Other,43.2397,-94.7498,1142,IA
0.5,Other,42.0296,-94.3699,1143,IA
1.7,Other,42.0296,-94.3699,1143,IA
1.3,Other,41.303889,-94.460556,1144,IA
1.8,Other,41.303889,-94.460556,1144,IA
3,Other,41.303889,-94.460556,1144,IA
2.2,Other,42.363094,-92.772322,1145,IA
3.5,Other,42.363094,-92.772322,1145,IA
3,Other,42.363094,-92.772322,1145,IA
1.7,Other,41.644542,-95.315283,1146,IA
1.7,Other,41.644542,-95.315283,1146,IA
1,Other,42.4753,-91.887222,1149,IA
1,Other,42.4753,-91.887222,1149,IA
2.5,Other,42.4753,-91.887222,1149,IA
3.2,Other,42.4753,-91.887222,1149,IA
6.2,Other,42.4753,-91.887222,1149,IA
1.8,Other,42.4753,-91.887222,1149,IA
1.8,Other,42.4753,-91.887222,1149,IA
1.8,Other,42.4753,-91.887222,1149,IA
1.8,Other,42.4753,-91.887222,1149,IA
1.8,Other,42.4753,-91.887222,1149,IA
0.8,Other,41.359491,-93.563268,1150,IA
1.4,Other,41.359491,-93.563268,1150,IA
1.1,Other,41.359491,-93.563268,1150,IA
1.5,Other,41.359491,-93.563268,1150,IA
4,Other,41.359491,-93.563268,1150,IA
5.1,Other,41.359491,-93.563268,1150,IA
20.6,Other,41.359491,-93.563268,1150,IA
20.3,Other,41.359491,-93.563268,1150,IA
0.7,Other,43.4301,-95.3153,1153,IA
1,Other,43.4301,-95.3153,1153,IA
1.3,Other,43.4172,-93.5322,1154,IA
0.9,Other,43.4172,-93.5322,1154,IA
5.7,Other,43.4172,-93.5322,1154,IA
7.6,Other,43.4172,-93.5322,1154,IA
3,Other,43.4172,-93.5322,1154,IA
2.8,Other,40.622,-93.9326,1155,IA
0.2,Other,40.622,-93.9326,1155,IA
0.2,Other,40.622,-93.9326,1155,IA
0.6,Other,40.622,-93.9326,1155,IA
1.1,Other,40.622,-93.9326,1155,IA
0.5,Other,40.622,-93.9326,1155,IA
1.1,Other,42.3194,-92.1967,1156,IA
0.8,Other,42.3194,-92.1967,1156,IA
1.8,Other,42.3194,-92.1967,1156,IA
1.8,Other,42.3194,-92.1967,1156,IA
0.8,Other,42.8486,-94.8506,1157,IA
0.8,Other,42.8486,-94.8506,1157,IA
0.3,Other,40.88,-94.5589,1158,IA
1.1,Other,40.88,-94.5589,1158,IA
0.9,Other,40.88,-94.5589,1158,IA
1.8,Other,40.88,-94.5589,1158,IA
0.5,Other,41.8873005,-95.23666,1159,IA
0.6,Other,41.8873005,-95.23666,1159,IA
0.2,Other,41.9067,-95.0347,1160,IA
0.2,Other,41.9067,-95.0347,1160,IA
0.6,Other,41.9067,-95.0347,1160,IA
1.4,Natural Gas,42.035556,-90.665,1162,IA
0.8,Other,42.035556,-90.665,1162,IA
2.1,Natural Gas,42.035556,-90.665,1162,IA
1.7,Natural Gas,42.035556,-90.665,1162,IA
2.5,Natural Gas,42.035556,-90.665,1162,IA
6.5,Natural Gas,42.035556,-90.665,1162,IA
1.8,Other,42.035556,-90.665,1162,IA
1.8,Other,42.035556,-90.665,1162,IA
3.1,Natural Gas,42.035556,-90.665,1162,IA
3.1,Natural Gas,42.035556,-90.665,1162,IA
1.8,Other,42.035556,-90.665,1162,IA
1.2,Other,43.023733,-91.174927,1163,IA
0.3,Other,43.023733,-91.174927,1163,IA
0.5,Other,43.023733,-91.174927,1163,IA
0.6,Other,43.326083,-95.148339,1164,IA
0.3,Other,43.326083,-95.148339,1164,IA
0.5,Other,43.326083,-95.148339,1164,IA
1.8,Other,43.326083,-95.148339,1164,IA
1.8,Other,43.326083,-95.148339,1164,IA
1.8,Other,43.326083,-95.148339,1164,IA
0.2,Other,41.586026,-92.5228,1165,IA
0.5,Other,41.586026,-92.5228,1165,IA
1.1,Other,41.586026,-92.5228,1165,IA
1.7,Natural Gas,41.586026,-92.5228,1165,IA
2.5,Natural Gas,41.586026,-92.5228,1165,IA
1.8,Other,41.586026,-92.5228,1165,IA
1.8,Other,41.586026,-92.5228,1165,IA
2,Other,40.9742,-91.5622,1166,IA
2,Other,40.9742,-91.5622,1166,IA
2,Other,40.9742,-91.5622,1166,IA
7.5,Natural Gas,40.9742,-91.5622,1166,IA
2,Other,40.9742,-91.5622,1166,IA
2,Other,40.9742,-91.5622,1166,IA
2,Other,40.9742,-91.5622,1166,IA
2,Other,40.9742,-91.5622,1166,IA
2,Other,40.9742,-91.5622,1166,IA
2,Other,40.9742,-91.5622,1166,IA
2,Other,40.9742,-91.5622,1166,IA
2,Other,40.9742,-91.5622,1166,IA
2,Other,40.9742,-91.5622,1166,IA
1,Other,40.9742,-91.5622,1166,IA
25,Coal,41.3917,-91.0569,1167,IA
75,Coal,41.3917,-91.0569,1167,IA
175.5,Coal,41.3917,-91.0569,1167,IA
18,Coal,41.3917,-91.0569,1167,IA
3.5,Natural Gas,43.0689,-92.3201,1168,IA
6.2,Natural Gas,43.0689,-92.3201,1168,IA
6.2,Natural Gas,43.0689,-92.3201,1168,IA
5.3,Other,43.0689,-92.3201,1168,IA
5.3,Other,43.0689,-92.3201,1168,IA
0.4,Other,42.0372,-94.0462,1169,IA
1,Other,42.0372,-94.0462,1169,IA
2.5,Other,42.0372,-94.0462,1169,IA
0.4,Other,42.0266548,-96.0972376,1170,IA
0.4,Other,42.0266548,-96.0972376,1170,IA
0.4,Other,42.0266548,-96.0972376,1170,IA
0.9,Other,42.0266548,-96.0972376,1170,IA
1,Other,42.0266548,-96.0972376,1170,IA
3.2,Natural Gas,43.279722,-92.810556,1172,IA
6.2,Other,43.279722,-92.810556,1172,IA
3.6,Other,43.279722,-92.810556,1172,IA
3.6,Other,43.279722,-92.810556,1172,IA
1,Hydroelectric,41.016346,-92.414873,1173,IA
1.2,Hydroelectric,41.016346,-92.414873,1173,IA
1,Hydroelectric,41.016346,-92.414873,1173,IA
0.6,Other,42.9810439,-95.6875918,1174,IA
1,Other,42.9810439,-95.6875918,1174,IA
11.5,Coal,41.3981,-92.9144,1175,IA
26.5,Coal,41.3981,-92.9144,1175,IA
0.7,Other,42.0661,-90.3911,1176,IA
0.7,Other,42.0661,-90.3911,1176,IA
1.8,Natural Gas,42.0661,-90.3911,1176,IA
0.1,Other,43.08713,-95.62596,1177,IA
0.6,Other,43.08713,-95.62596,1177,IA
1.1,Other,43.08713,-95.62596,1177,IA
0.4,Other,43.053,-92.959722,1180,IA
0.9,Other,43.053,-92.959722,1180,IA
1.6,Other,43.053,-92.959722,1180,IA
2.5,Other,43.429444,-96.169166,1181,IA
0.2,Other,43.1816421,-95.6555674,1182,IA
0.2,Other,43.1816421,-95.6555674,1182,IA
0.5,Other,43.1816421,-95.6555674,1182,IA
0.6,Other,43.1816421,-95.6555674,1182,IA
2,Other,43.405,-95.7261,1184,IA
1.2,Other,43.405,-95.7261,1184,IA
2,Other,43.405,-95.7261,1184,IA
23.8,Other,43.144585,-95.144257,1186,IA
0.6,Other,42.01667,-93.16333,1187,IA
0.6,Other,42.01667,-93.16333,1187,IA
1.3,Other,42.01667,-93.16333,1187,IA
1.3,Other,42.01667,-93.16333,1187,IA
2.5,Natural Gas,42.01667,-93.16333,1187,IA
1.3,Other,42.186076,-93.600479,1188,IA
2,Other,42.186076,-93.600479,1188,IA
2,Other,42.186076,-93.600479,1188,IA
2,Other,42.186076,-93.600479,1188,IA
3.5,Other,42.186076,-93.600479,1188,IA
3.1,Other,42.186076,-93.600479,1188,IA
0.9,Other,42.6835955,-91.5340348,1189,IA
0.9,Other,42.6835955,-91.5340348,1189,IA
1,Other,42.6835955,-91.5340348,1189,IA
0.6,Other,41.503889,-94.3172,1190,IA
1.1,Other,41.503889,-94.3172,1190,IA
1.1,Other,41.503889,-94.3172,1190,IA
2.6,Natural Gas,42.8464,-92.0978,1191,IA
1.2,Natural Gas,42.8464,-92.0978,1191,IA
1.8,Other,42.8464,-92.0978,1191,IA
1.1,Other,42.1926,-92.4636,1192,IA
1.1,Other,42.1926,-92.4636,1192,IA
0.6,Other,42.1926,-92.4636,1192,IA
1.3,Other,42.1926,-92.4636,1192,IA
0.8,Natural Gas,40.9556,-94.9758,1193,IA
0.3,Other,40.9556,-94.9758,1193,IA
0.3,Natural Gas,40.9556,-94.9758,1193,IA
0.6,Other,40.9556,-94.9758,1193,IA
2,Other,40.9556,-94.9758,1193,IA
2,Other,40.9556,-94.9758,1193,IA
1.3,Other,42.1697,-92.0222,1194,IA
0.6,Other,42.1697,-92.0222,1194,IA
2.5,Other,42.1697,-92.0222,1194,IA
3.7,Other,42.1697,-92.0222,1194,IA
5.6,Other,42.1697,-92.0222,1194,IA
3,Other,42.1697,-92.0222,1194,IA
25.5,Other,42.471022,-93.81499,1198,IA
1.1,Other,42.961151,-94.445574,1199,IA
0.9,Other,42.961151,-94.445574,1199,IA
2.2,Other,42.961151,-94.445574,1199,IA
0.8,Other,41.569128,-91.26405,1200,IA
2.5,Other,41.569128,-91.26405,1200,IA
3,Other,41.569128,-91.26405,1200,IA
5.5,Other,41.569128,-91.26405,1200,IA
5.5,Other,41.569128,-91.26405,1200,IA
0.1,Other,43.064444,-94.421944,1201,IA
0.5,Other,43.064444,-94.421944,1201,IA
0.2,Other,43.064444,-94.421944,1201,IA
1.1,Other,43.064444,-94.421944,1201,IA
1,Other,41.587748,-91.019456,1202,IA
1.6,Other,41.587748,-91.019456,1202,IA
1.6,Other,41.587748,-91.019456,1202,IA
1.6,Other,41.587748,-91.019456,1202,IA
2.2,Other,41.587748,-91.019456,1202,IA
2.2,Other,41.587748,-91.019456,1202,IA
1.5,Other,41.3215,-94.0219,1203,IA
1.7,Other,41.3215,-94.0219,1203,IA
4.4,Other,41.3215,-94.0219,1203,IA
2,Other,41.3215,-94.0219,1203,IA
2,Other,41.3215,-94.0219,1203,IA
2,Other,41.3215,-94.0219,1203,IA
7.5,Natural Gas,41.1136,-94.3472,1206,IA
7.5,Natural Gas,41.1136,-94.3472,1206,IA
7.5,Natural Gas,41.1136,-94.3472,1206,IA
30,Natural Gas,41.1136,-94.3472,1206,IA
30,Natural Gas,41.1136,-94.3472,1206,IA
1,Other,41.1136,-94.3472,1206,IA
1,Other,41.1136,-94.3472,1206,IA
1,Other,41.1136,-94.3472,1206,IA
1,Other,41.1136,-94.3472,1206,IA
33,Coal,43.1606,-95.2569,1217,IA
110,Natural Gas,43.1606,-95.2569,1217,IA
25,Coal,41.4569,-90.8233,1218,IA
37.5,Coal,41.4569,-90.8233,1218,IA
2,Other,39.7581,-101.5319,1224,KS
2,Other,39.7581,-101.5319,1224,KS
16,Natural Gas,39.403001,-101.038202,1225,KS
50,Natural Gas,37.1611,-100.7619,1230,KS
15,Natural Gas,37.1611,-100.7619,1230,KS
149,Natural Gas,37.7328,-99.9497,1233,KS
81.6,Natural Gas,38.41,-98.8689,1235,KS
37.5,Coal,37.072616,-94.698704,1239,KS
50,Coal,37.072616,-94.698704,1239,KS
12.5,Natural Gas,37.072616,-94.698704,1239,KS
16.3,Natural Gas,37.072616,-94.698704,1239,KS
16.3,Natural Gas,37.072616,-94.698704,1239,KS
136,Natural Gas,37.7903,-97.521667,1240,KS
390,Natural Gas,37.7903,-97.521667,1240,KS
2.9,Other,37.7903,-97.521667,1240,KS
98.3,Natural Gas,37.7903,-97.521667,1240,KS
98.3,Natural Gas,37.7903,-97.521667,1240,KS
178.5,Natural Gas,37.7903,-97.521667,1240,KS
893,Coal,38.3481,-94.6456,1241,KS
685,Coal,38.3481,-94.6456,1241,KS
46,Natural Gas,37.5967,-97.413611,1242,KS
75,Natural Gas,37.5967,-97.413611,1242,KS
114,Natural Gas,37.5967,-97.413611,1242,KS
114,Natural Gas,37.5967,-97.413611,1242,KS
69,Natural Gas,37.305556,-95.110278,1243,KS
71,Natural Gas,38.0906,-97.874722,1248,KS
71,Natural Gas,38.0906,-97.874722,1248,KS
71,Natural Gas,38.0906,-97.874722,1248,KS
86,Other,38.0906,-97.874722,1248,KS
23,Natural Gas,38.0906,-97.874722,1248,KS
23,Natural Gas,38.0906,-97.874722,1248,KS
35,Natural Gas,38.0906,-97.874722,1248,KS
172,Natural Gas,38.0906,-97.874722,1248,KS
38,Coal,39.0072,-95.269167,1250,KS
49,Coal,39.0072,-95.269167,1250,KS
114,Coal,39.0072,-95.269167,1250,KS
403,Coal,39.0072,-95.269167,1250,KS
77,Natural Gas,38.8831,-97.201389,1251,KS
29,Natural Gas,39.0539,-95.568889,1252,KS
29,Natural Gas,39.0539,-95.568889,1252,KS
82,Coal,39.0539,-95.568889,1252,KS
150,Coal,39.0539,-95.568889,1252,KS
4.1,Natural Gas,37.1517,-98.0311,1258,KS
3,Natural Gas,37.1517,-98.0311,1258,KS
4,Natural Gas,37.1517,-98.0311,1258,KS
0.6,Natural Gas,37.193787,-99.763073,1259,KS
0.9,Natural Gas,37.193787,-99.763073,1259,KS
1.2,Other,37.193787,-99.763073,1259,KS
1.2,Other,37.193787,-99.763073,1259,KS
0.9,Other,37.193787,-99.763073,1259,KS
0.5,Other,37.2419,-98.2336,1260,KS
0.9,Other,37.2419,-98.2336,1260,KS
0.3,Other,37.2419,-98.2336,1260,KS
0.3,Other,37.2419,-98.2336,1260,KS
7,Other,37.2419,-98.2336,1260,KS
1.1,Other,37.2419,-98.2336,1260,KS
1.1,Natural Gas,37.678454,-96.97193,1261,KS
0.3,Other,37.678454,-96.97193,1261,KS
1,Natural Gas,37.678454,-96.97193,1261,KS
0.7,Other,37.678454,-96.97193,1261,KS
2.2,Natural Gas,37.678454,-96.97193,1261,KS
2.2,Natural Gas,37.678454,-96.97193,1261,KS
2,Natural Gas,37.678454,-96.97193,1261,KS
1.1,Other,38.7897,-95.205,1262,KS
2,Other,38.7897,-95.205,1262,KS
1.1,Other,38.7897,-95.205,1262,KS
1.1,Other,38.7897,-95.205,1262,KS
0.6,Other,39.8081,-97.6505,1263,KS
0.6,Other,39.8081,-97.6505,1263,KS
0.3,Other,39.8081,-97.6505,1263,KS
1,Other,39.8081,-97.6505,1263,KS
1.7,Other,39.8081,-97.6505,1263,KS
3.7,Other,39.8081,-97.6505,1263,KS
5.1,Other,39.8081,-97.6505,1263,KS
1.5,Other,39.4578,-98.1122,1264,KS
1.5,Other,39.4578,-98.1122,1264,KS
2,Other,39.4578,-98.1122,1264,KS
3.5,Other,39.4578,-98.1122,1264,KS
0.7,Other,39.4578,-98.1122,1264,KS
4.1,Other,39.4578,-98.1122,1264,KS
6,Other,39.4578,-98.1122,1264,KS
1.1,Natural Gas,38.7633,-95.8528,1265,KS
0.5,Other,38.7633,-95.8528,1265,KS
0.9,Natural Gas,38.7633,-95.8528,1265,KS
1.1,Natural Gas,38.7633,-95.8528,1265,KS
0.9,Natural Gas,38.7633,-95.8528,1265,KS
0.3,Other,38.1134,-95.4458,1266,KS
1.3,Natural Gas,38.1134,-95.4458,1266,KS
0.8,Natural Gas,38.1134,-95.4458,1266,KS
0.3,Other,38.1134,-95.4458,1266,KS
1,Natural Gas,38.1134,-95.4458,1266,KS
2,Other,38.1134,-95.4458,1266,KS
4.8,Natural Gas,38.1134,-95.4458,1266,KS
4,Natural Gas,37.6793956,-95.4532921,1267,KS
1.7,Natural Gas,37.6793956,-95.4532921,1267,KS
10,Natural Gas,37.6793956,-95.4532921,1267,KS
2,Natural Gas,37.6953,-95.4586,1268,KS
2,Natural Gas,37.6953,-95.4586,1268,KS
60,Natural Gas,37.6953,-95.4586,1268,KS
1.5,Natural Gas,39.373966,-97.127211,1270,KS
3,Natural Gas,39.373966,-97.127211,1270,KS
5,Natural Gas,39.373966,-97.127211,1270,KS
0.9,Natural Gas,39.373966,-97.127211,1270,KS
2.1,Natural Gas,39.373966,-97.127211,1270,KS
5.1,Natural Gas,39.373966,-97.127211,1270,KS
3.5,Natural Gas,39.373966,-97.127211,1270,KS
3.5,Natural Gas,39.373966,-97.127211,1270,KS
18.7,Natural Gas,37.037344,-95.612689,1271,KS
40,Natural Gas,37.037344,-95.612689,1271,KS
2.5,Other,39.394414,-101.058372,1272,KS
1.7,Other,39.394414,-101.058372,1272,KS
1.3,Other,39.394414,-101.058372,1272,KS
4.5,Other,39.394414,-101.058372,1272,KS
4.5,Other,39.394414,-101.058372,1272,KS
2.7,Other,39.394414,-101.058372,1272,KS
2.1,Other,38.355556,-98.5806,1274,KS
1.4,Other,38.355556,-98.5806,1274,KS
0.6,Other,38.355556,-98.5806,1274,KS
1.1,Other,38.355556,-98.5806,1274,KS
3.3,Other,38.355556,-98.5806,1274,KS
1,Natural Gas,38.9428464,-99.5638255,1275,KS
2,Natural Gas,38.9428464,-99.5638255,1275,KS
0.5,Natural Gas,38.9428464,-99.5638255,1275,KS
0.5,Natural Gas,38.9428464,-99.5638255,1275,KS
1.5,Natural Gas,38.9428464,-99.5638255,1275,KS
0.7,Other,37.56681,-95.237499,1276,KS
0.7,Other,37.56681,-95.237499,1276,KS
1,Other,37.56681,-95.237499,1276,KS
1,Other,37.56681,-95.237499,1276,KS
1.5,Other,37.56681,-95.237499,1276,KS
0.9,Other,37.536072,-95.810698,1277,KS
1.2,Other,37.536072,-95.810698,1277,KS
0.4,Other,37.536072,-95.810698,1277,KS
0.6,Other,37.536072,-95.810698,1277,KS
0.9,Other,37.536072,-95.810698,1277,KS
0.9,Other,37.536072,-95.810698,1277,KS
0.6,Other,37.536072,-95.810698,1277,KS
0.9,Other,37.536072,-95.810698,1277,KS
0.9,Other,37.536072,-95.810698,1277,KS
1.5,Natural Gas,38.2858,-95.2594,1278,KS
0.4,Other,38.2858,-95.2594,1278,KS
1.5,Natural Gas,38.2858,-95.2594,1278,KS
0.9,Natural Gas,38.2858,-95.2594,1278,KS
2.5,Other,38.2858,-95.2594,1278,KS
2.4,Natural Gas,38.2858,-95.2594,1278,KS
2.5,Other,38.2858,-95.2594,1278,KS
1.4,Natural Gas,37.507709,-94.839318,1279,KS
2.2,Natural Gas,37.507709,-94.839318,1279,KS
3.5,Natural Gas,37.507709,-94.839318,1279,KS
3.7,Natural Gas,37.507709,-94.839318,1279,KS
0.7,Other,39.341622,-101.705188,1280,KS
2.2,Natural Gas,39.341622,-101.705188,1280,KS
2.2,Natural Gas,39.341622,-101.705188,1280,KS
5,Natural Gas,39.341622,-101.705188,1280,KS
2,Natural Gas,39.341622,-101.705188,1280,KS
4.3,Natural Gas,39.341622,-101.705188,1280,KS
1,Natural Gas,39.341622,-101.705188,1280,KS
1.3,Natural Gas,39.341622,-101.705188,1280,KS
2.1,Natural Gas,37.6108964,-99.2932788,1281,KS
1.1,Natural Gas,37.6108964,-99.2932788,1281,KS
1.1,Natural Gas,37.6108964,-99.2932788,1281,KS
2.1,Natural Gas,37.6108964,-99.2932788,1281,KS
1.4,Natural Gas,37.6108964,-99.2932788,1281,KS
2.1,Other,38.6728,-96.9411,1283,KS
1.4,Other,38.6728,-96.9411,1283,KS
4.3,Other,38.6728,-96.9411,1283,KS
0.1,Other,38.6728,-96.9411,1283,KS
1.1,Other,38.6728,-96.9411,1283,KS
1.6,Other,38.6728,-96.9411,1283,KS
1.3,Natural Gas,39.3781,-99.8239,1285,KS
1.3,Natural Gas,39.3781,-99.8239,1285,KS
0.6,Natural Gas,39.3781,-99.8239,1285,KS
1.1,Natural Gas,39.3781,-99.8239,1285,KS
1.3,Natural Gas,39.3781,-99.8239,1285,KS
1.3,Natural Gas,39.3781,-99.8239,1285,KS
0.2,Other,38.5275,-98.7758,1286,KS
2,Natural Gas,38.5275,-98.7758,1286,KS
4,Natural Gas,38.5275,-98.7758,1286,KS
7,Natural Gas,38.5275,-98.7758,1286,KS
1,Other,38.5275,-98.7758,1286,KS
1.8,Other,39.4735,-95.73155,1287,KS
2.8,Other,39.4735,-95.73155,1287,KS
4.3,Other,39.4735,-95.73155,1287,KS
2,Other,39.4735,-95.73155,1287,KS
2,Other,39.4735,-95.73155,1287,KS
2.4,Other,39.4735,-95.73155,1287,KS
3.1,Natural Gas,39.4735,-95.73155,1287,KS
3.1,Natural Gas,39.4735,-95.73155,1287,KS
0.8,Other,37.1787996,-101.3492055,1289,KS
1.4,Other,37.1787996,-101.3492055,1289,KS
5,Natural Gas,37.923076,-95.425572,1291,KS
5,Natural Gas,37.923076,-95.425572,1291,KS
3.5,Natural Gas,37.923076,-95.425572,1291,KS
5,Natural Gas,37.923076,-95.425572,1291,KS
2.7,Other,37.923076,-95.425572,1291,KS
2.7,Other,37.923076,-95.425572,1291,KS
2.7,Other,37.923076,-95.425572,1291,KS
2.7,Other,37.923076,-95.425572,1291,KS
2.7,Other,37.923076,-95.425572,1291,KS
2.1,Other,37.923076,-95.425572,1291,KS
2.1,Other,37.923076,-95.425572,1291,KS
2.1,Other,37.923076,-95.425572,1291,KS
1,Other,38.0853,-99.8989,1292,KS
0.4,Other,38.0853,-99.8989,1292,KS
0.2,Other,38.0853,-99.8989,1292,KS
0.8,Other,38.0853,-99.8989,1292,KS
1.5,Other,38.0853,-99.8989,1292,KS
1.2,Other,38.0853,-99.8989,1292,KS
0.9,Other,38.0853,-99.8989,1292,KS
50.1,Natural Gas,39.0867,-94.651389,1294,KS
50.1,Natural Gas,39.0867,-94.651389,1294,KS
65.5,Natural Gas,39.0867,-94.651389,1294,KS
17.9,Natural Gas,39.1492,-94.6381,1295,KS
65.7,Other,39.1492,-94.6381,1295,KS
65.7,Other,39.1492,-94.6381,1295,KS
81.6,Coal,39.1492,-94.6381,1295,KS
157.5,Coal,39.1492,-94.6381,1295,KS
1.4,Natural Gas,37.38311,-98.070364,1296,KS
2.2,Natural Gas,37.38311,-98.070364,1296,KS
2.2,Natural Gas,37.38311,-98.070364,1296,KS
1,Natural Gas,37.38311,-98.070364,1296,KS
3.5,Natural Gas,37.38311,-98.070364,1296,KS
2.4,Natural Gas,37.38311,-98.070364,1296,KS
2.5,Natural Gas,37.38311,-98.070364,1296,KS
6.3,Natural Gas,37.38311,-98.070364,1296,KS
1.1,Other,38.5322,-98.3103,1297,KS
1.1,Other,38.5322,-98.3103,1297,KS
0.6,Other,38.5322,-98.3103,1297,KS
1.5,Other,38.5322,-98.3103,1297,KS
1.8,Other,38.5322,-98.3103,1297,KS
1.3,Natural Gas,38.1761131,-99.1000533,1298,KS
1.5,Natural Gas,38.179722,-99.1125,1299,KS
3,Natural Gas,38.179722,-99.1125,1299,KS
8.3,Natural Gas,38.179722,-99.1125,1299,KS
2,Other,38.179722,-99.1125,1299,KS
2,Other,38.179722,-99.1125,1299,KS
2,Other,38.179722,-99.1125,1299,KS
2,Other,38.179722,-99.1125,1299,KS
2,Other,38.179722,-99.1125,1299,KS
6.4,Other,38.179722,-99.1125,1299,KS
1.3,Natural Gas,39.0408,-98.1472,1300,KS
1.3,Natural Gas,39.0408,-98.1472,1300,KS
0.7,Natural Gas,39.0408,-98.1472,1300,KS
1.3,Natural Gas,39.0408,-98.1472,1300,KS
2.5,Natural Gas,39.0408,-98.1472,1300,KS
3.5,Natural Gas,39.0408,-98.1472,1300,KS
32,Natural Gas,38.363411,-97.68335,1305,KS
72.4,Natural Gas,38.363411,-97.68335,1305,KS
71.2,Other,38.363411,-97.68335,1305,KS
71.2,Natural Gas,38.363411,-97.68335,1305,KS
0.9,Natural Gas,37.225,-100.3261,1306,KS
1.1,Natural Gas,37.225,-100.3261,1306,KS
1.4,Natural Gas,37.225,-100.3261,1306,KS
2.1,Other,37.225,-100.3261,1306,KS
2.7,Other,37.225,-100.3261,1306,KS
0.4,Other,39.1194,-97.7086,1307,KS
0.7,Natural Gas,39.1194,-97.7086,1307,KS
1.3,Natural Gas,39.1194,-97.7086,1307,KS
0.7,Natural Gas,39.1194,-97.7086,1307,KS
2.1,Natural Gas,39.1194,-97.7086,1307,KS
3,Natural Gas,39.1194,-97.7086,1307,KS
2,Other,39.1194,-97.7086,1307,KS
0.3,Other,37.472448,-97.246749,1308,KS
0.3,Other,37.472448,-97.246749,1308,KS
1.3,Natural Gas,37.472448,-97.246749,1308,KS
1.3,Natural Gas,37.472448,-97.246749,1308,KS
0.8,Other,37.472448,-97.246749,1308,KS
2,Natural Gas,37.472448,-97.246749,1308,KS
0.6,Other,37.472448,-97.246749,1308,KS
0.6,Other,37.472448,-97.246749,1308,KS
1.2,Other,37.4172193,-95.6796373,1309,KS
2.2,Other,37.4172193,-95.6796373,1309,KS
2,Other,37.4172193,-95.6796373,1309,KS
2.6,Other,37.4172193,-95.6796373,1309,KS
1,Natural Gas,39.8234288,-99.8935587,1310,KS
1.5,Natural Gas,39.8234288,-99.8935587,1310,KS
2.7,Natural Gas,39.8234288,-99.8935587,1310,KS
3.5,Natural Gas,39.8234288,-99.8935587,1310,KS
2.5,Other,39.8234288,-99.8935587,1310,KS
1.4,Natural Gas,39.1214,-100.8531,1311,KS
0.4,Other,39.1214,-100.8531,1311,KS
0.5,Natural Gas,39.1214,-100.8531,1311,KS
0.9,Natural Gas,39.1214,-100.8531,1311,KS
1.5,Natural Gas,39.1214,-100.8531,1311,KS
3.3,Natural Gas,39.1214,-100.8531,1311,KS
1.1,Natural Gas,39.8217,-100.5289,1312,KS
0.8,Natural Gas,39.8217,-100.5289,1312,KS
1.5,Natural Gas,39.8217,-100.5289,1312,KS
2,Natural Gas,39.8217,-100.5289,1312,KS
1.5,Natural Gas,39.8217,-100.5289,1312,KS
1.1,Other,38.6406,-95.8186,1313,KS
1.2,Other,38.6406,-95.8186,1313,KS
2,Other,38.6406,-95.8186,1313,KS
2,Other,38.6406,-95.8186,1313,KS
1.7,Other,38.6406,-95.8186,1313,KS
0.8,Other,38.6406,-95.8186,1313,KS
0.8,Other,38.6406,-95.8186,1313,KS
0.8,Other,38.6406,-95.8186,1313,KS
1.1,Other,38.6406,-95.8186,1313,KS
2.3,Other,38.5042,-94.9775,1314,KS
0.4,Other,38.5042,-94.9775,1314,KS
1.2,Other,38.5042,-94.9775,1314,KS
3.1,Other,38.5042,-94.9775,1314,KS
2.3,Other,39.441979,-98.690296,1315,KS
2,Other,39.441979,-98.690296,1315,KS
1.1,Other,39.441979,-98.690296,1315,KS
0.5,Natural Gas,39.441979,-98.690296,1315,KS
0.5,Natural Gas,39.441979,-98.690296,1315,KS
0.7,Natural Gas,39.441979,-98.690296,1315,KS
11.5,Natural Gas,38.615579,-95.279742,1316,KS
3.7,Natural Gas,38.615579,-95.279742,1316,KS
3.5,Natural Gas,38.615579,-95.279742,1316,KS
6,Natural Gas,38.615579,-95.279742,1316,KS
6,Natural Gas,38.615579,-95.279742,1316,KS
3,Natural Gas,37.6359,-98.7433,1317,KS
5,Natural Gas,37.6359,-98.7433,1317,KS
14,Natural Gas,37.6359,-98.7433,1317,KS
1.5,Other,37.6359,-98.7433,1317,KS
3.5,Natural Gas,38.893611,-98.856944,1319,KS
2.5,Other,38.893611,-98.856944,1319,KS
2.5,Other,38.893611,-98.856944,1319,KS
3.6,Natural Gas,38.893611,-98.856944,1319,KS
3.6,Natural Gas,38.893611,-98.856944,1319,KS
1.5,Other,39.904922,-95.803367,1320,KS
0.8,Other,39.904922,-95.803367,1320,KS
1,Other,39.904922,-95.803367,1320,KS
1.4,Other,39.904922,-95.803367,1320,KS
1.4,Other,39.904922,-95.803367,1320,KS
2.2,Other,39.904922,-95.803367,1320,KS
2.5,Other,39.904922,-95.803367,1320,KS
3,Other,39.904922,-95.803367,1320,KS
4.4,Natural Gas,39.904922,-95.803367,1320,KS
2.5,Other,39.904922,-95.803367,1320,KS
1.1,Other,39.904922,-95.803367,1320,KS
1.5,Other,39.7736,-101.8122,1321,KS
0.8,Other,39.7736,-101.8122,1321,KS
2.7,Other,39.7736,-101.8122,1321,KS
0.9,Other,39.7736,-101.8122,1321,KS
1.3,Other,38.0083,-98.7633,1322,KS
0.9,Other,38.0083,-98.7633,1322,KS
1.7,Other,38.0083,-98.7633,1322,KS
2,Other,38.0083,-98.7633,1322,KS
1,Natural Gas,38.8917,-101.7481,1324,KS
1,Natural Gas,38.8917,-101.7481,1324,KS
0.4,Natural Gas,38.8917,-101.7481,1324,KS
0.6,Natural Gas,38.8917,-101.7481,1324,KS
0.9,Other,37.9553,-98.5928,1325,KS
0.9,Other,37.9553,-98.5928,1325,KS
0.8,Other,37.9553,-98.5928,1325,KS
1.4,Other,37.9553,-98.5928,1325,KS
1.1,Other,37.9553,-98.5928,1325,KS
1.5,Other,38.2025,-98.1986,1326,KS
0.5,Other,38.2025,-98.1986,1326,KS
3,Other,38.2025,-98.1986,1326,KS
1.1,Other,38.2025,-98.1986,1326,KS
1.4,Other,38.2025,-98.1986,1326,KS
1.4,Other,38.2025,-98.1986,1326,KS
1.4,Other,38.2025,-98.1986,1326,KS
1.1,Natural Gas,39.3772,-99.2947,1327,KS
1.1,Natural Gas,39.3772,-99.2947,1327,KS
2,Natural Gas,39.3772,-99.2947,1327,KS
0.5,Natural Gas,39.3772,-99.2947,1327,KS
1.3,Natural Gas,39.3772,-99.2947,1327,KS
1.3,Natural Gas,39.1992,-96.3086,1328,KS
1.3,Natural Gas,39.1992,-96.3086,1328,KS
1.1,Natural Gas,39.1992,-96.3086,1328,KS
2,Natural Gas,39.1992,-96.3086,1328,KS
2.4,Natural Gas,39.1992,-96.3086,1328,KS
1.3,Natural Gas,39.1992,-96.3086,1328,KS
1.3,Natural Gas,39.1992,-96.3086,1328,KS
1.3,Natural Gas,39.1992,-96.3086,1328,KS
1.2,Other,39.8189,-97.0556,1329,KS
1,Other,39.8189,-97.0556,1329,KS
0.9,Other,39.8189,-97.0556,1329,KS
0.6,Other,39.8189,-97.0556,1329,KS
1.5,Other,39.8189,-97.0556,1329,KS
1.1,Other,39.8189,-97.0556,1329,KS
2.6,Other,39.8189,-97.0556,1329,KS
20,Natural Gas,37.261372,-97.4057,1330,KS
1,Other,37.261372,-97.4057,1330,KS
2,Other,37.261372,-97.4057,1330,KS
2,Other,37.261372,-97.4057,1330,KS
11,Natural Gas,37.2354,-97.011,1332,KS
1,Natural Gas,38.3708,-98.7831,1334,KS
1,Natural Gas,38.3708,-98.7831,1334,KS
1,Natural Gas,38.3708,-98.7831,1334,KS
1,Natural Gas,38.3708,-98.7831,1334,KS
3,Natural Gas,38.3708,-98.7831,1334,KS
3,Natural Gas,38.3708,-98.7831,1334,KS
11.5,Natural Gas,37.9703,-100.8956,1336,KS
97.9,Natural Gas,37.9703,-100.8956,1336,KS
16,Natural Gas,37.9703,-100.8956,1336,KS
71.2,Natural Gas,37.9703,-100.8956,1336,KS
71.2,Natural Gas,37.9703,-100.8956,1336,KS
280.5,Coal,38.1707,-82.6176,1353,KY
816.3,Coal,38.1707,-82.6176,1353,KY
9.4,Hydroelectric,37.7864,-84.7028,1354,KY
9.4,Hydroelectric,37.7864,-84.7028,1354,KY
9.4,Hydroelectric,37.7864,-84.7028,1354,KY
113.6,Coal,37.78831,-84.71257,1355,KY
179.5,Coal,37.78831,-84.71257,1355,KY
446.3,Coal,37.78831,-84.71257,1355,KY
123,Natural Gas,37.78831,-84.71257,1355,KY
176.8,Natural Gas,37.78831,-84.71257,1355,KY
176.8,Natural Gas,37.78831,-84.71257,1355,KY
126,Natural Gas,37.78831,-84.71257,1355,KY
126,Natural Gas,37.78831,-84.71257,1355,KY
126,Natural Gas,37.78831,-84.71257,1355,KY
126,Natural Gas,37.78831,-84.71257,1355,KY
556.9,Coal,38.7497,-85.035,1356,KY
556.3,Coal,38.7497,-85.035,1356,KY
556.5,Coal,38.7497,-85.035,1356,KY
556.2,Coal,38.7497,-85.035,1356,KY
37.5,Coal,37.3636,-87.1214,1357,KY
37.5,Coal,37.3636,-87.1214,1357,KY
75,Coal,37.3636,-87.1214,1357,KY
113.6,Coal,37.3636,-87.1214,1357,KY
20.7,Natural Gas,38.0794,-84.5194,1358,KY
20.7,Natural Gas,38.0794,-84.5194,1358,KY
20.7,Natural Gas,38.0794,-84.5194,1358,KY
0.6,Hydroelectric,37.8297,-84.7247,1359,KY
0.6,Hydroelectric,37.8297,-84.7247,1359,KY
0.6,Hydroelectric,37.8297,-84.7247,1359,KY
37.5,Coal,36.76203,-83.6949176,1360,KY
31.2,Other,38.0478,-84.8483,1361,KY
31.2,Other,38.0478,-84.8483,1361,KY
75,Coal,38.0478,-84.8483,1361,KY
163.2,Coal,38.1831,-85.8892,1363,KY
209.4,Coal,38.1831,-85.8892,1363,KY
272,Coal,38.1831,-85.8892,1363,KY
16.3,Natural Gas,38.1831,-85.8892,1363,KY
355.5,Coal,38.0525,-85.9103,1364,KY
355.5,Coal,38.0525,-85.9103,1364,KY
462.6,Coal,38.0525,-85.9103,1364,KY
543.6,Coal,38.0525,-85.9103,1364,KY
10,Hydroelectric,38.2832,-85.7792,1365,KY
10,Hydroelectric,38.2832,-85.7792,1365,KY
10,Hydroelectric,38.2832,-85.7792,1365,KY
10,Hydroelectric,38.2832,-85.7792,1365,KY
10,Hydroelectric,38.2832,-85.7792,1365,KY
10,Hydroelectric,38.2832,-85.7792,1365,KY
10,Hydroelectric,38.2832,-85.7792,1365,KY
10,Hydroelectric,38.2832,-85.7792,1365,KY
16,Natural Gas,38.223592,-85.841704,1366,KY
32.6,Natural Gas,38.223592,-85.841704,1366,KY
178,Natural Gas,38.223592,-85.841704,1366,KY
20,Natural Gas,38.2556928,-85.751283,1367,KY
25,Natural Gas,38.2556928,-85.751283,1367,KY
18,Natural Gas,38.280278,-85.702331,1368,KY
32.5,Hydroelectric,37.0217,-88.2211,1371,KY
32.5,Hydroelectric,37.0217,-88.2211,1371,KY
32.5,Hydroelectric,37.0217,-88.2211,1371,KY
32.5,Hydroelectric,37.0217,-88.2211,1371,KY
1.2,Other,37.8442059,-87.5915881,1372,KY
1.2,Other,37.8442059,-87.5915881,1372,KY
11.5,Coal,37.8442059,-87.5915881,1372,KY
32.3,Coal,37.8442059,-87.5915881,1372,KY
163.2,Coal,37.7942,-87.0608,1374,KY
282.1,Coal,37.7942,-87.0608,1374,KY
1.3,Other,38.2049,-84.2383,1376,KY
1.3,Other,38.2049,-84.2383,1376,KY
0.7,Other,38.2049,-84.2383,1376,KY
0.9,Other,38.2049,-84.2383,1376,KY
1.1,Other,38.2049,-84.2383,1376,KY
3.1,Other,38.2049,-84.2383,1376,KY
3.1,Other,38.2049,-84.2383,1376,KY
44.6,Hydroelectric,37.0131,-88.2692,1377,KY
31.8,Hydroelectric,37.0131,-88.2692,1377,KY
31.8,Hydroelectric,37.0131,-88.2692,1377,KY
44.6,Hydroelectric,37.0131,-88.2692,1377,KY
44.6,Hydroelectric,37.0131,-88.2692,1377,KY
704,Coal,37.2608,-86.9783,1378,KY
704,Coal,37.2608,-86.9783,1378,KY
1150.2,Coal,37.2608,-86.9783,1378,KY
175,Coal,37.1517,-88.775,1379,KY
175,Coal,37.1517,-88.775,1379,KY
175,Coal,37.1517,-88.775,1379,KY
175,Coal,37.1517,-88.775,1379,KY
175,Coal,37.1517,-88.775,1379,KY
175,Coal,37.1517,-88.775,1379,KY
175,Coal,37.1517,-88.775,1379,KY
175,Coal,37.1517,-88.775,1379,KY
175,Coal,37.1517,-88.775,1379,KY
175,Coal,37.1517,-88.775,1379,KY
45,Hydroelectric,36.8691,-85.147,1380,KY
45,Hydroelectric,36.8691,-85.147,1380,KY
45,Hydroelectric,36.8691,-85.147,1380,KY
45,Hydroelectric,36.8691,-85.147,1380,KY
45,Hydroelectric,36.8691,-85.147,1380,KY
45,Hydroelectric,36.8691,-85.147,1380,KY
174.2,Coal,37.9631,-86.7911,1381,KY
174.2,Coal,37.9631,-86.7911,1381,KY
172.8,Coal,37.9631,-86.7911,1381,KY
180,Coal,37.6469,-87.5028,1382,KY
185,Coal,37.6469,-87.5028,1382,KY
96,Coal,37.6461,-87.5019,1383,KY
98.8,Other,37.6461,-87.5019,1383,KY
100,Coal,36.9981,-84.5919,1384,KY
220.8,Coal,36.9981,-84.5919,1384,KY
22,Coal,37.8806,-84.2619,1385,KY
22,Coal,37.8806,-84.2619,1385,KY
66,Coal,37.8806,-84.2619,1385,KY
66,Coal,37.8806,-84.2619,1385,KY
23,Natural Gas,30.4922,-91.1864,1391,LA
62.5,Natural Gas,30.4922,-91.1864,1391,LA
63,Natural Gas,30.4922,-91.1864,1391,LA
101,Natural Gas,30.4922,-91.1864,1391,LA
156.8,Natural Gas,30.4922,-91.1864,1391,LA
50,Natural Gas,30.4922,-91.1864,1392,LA
50,Natural Gas,30.4922,-91.1864,1392,LA
75,Natural Gas,30.4922,-91.1864,1392,LA
113,Other,30.2844,-93.2911,1393,LA
113.6,Other,30.2844,-93.2911,1393,LA
163.2,Natural Gas,30.2844,-93.2911,1393,LA
591.8,Natural Gas,30.2844,-93.2911,1393,LA
614.6,Coal,30.2844,-93.2911,1393,LA
163.2,Natural Gas,30.2743,-91.1164,1394,LA
239.4,Natural Gas,30.2743,-91.1164,1394,LA
591.8,Natural Gas,30.2743,-91.1164,1394,LA
591.8,Natural Gas,30.2743,-91.1164,1394,LA
591.8,Natural Gas,30.2743,-91.1164,1394,LA
113.6,Natural Gas,30.8439,-92.261111,1396,LA
243.1,Natural Gas,30.8439,-92.261111,1396,LA
188.7,Natural Gas,30.8439,-92.261111,1396,LA
188.7,Natural Gas,30.8439,-92.261111,1396,LA
188.7,Natural Gas,30.8439,-92.261111,1396,LA
24.9,Natural Gas,29.822222,-91.5425,1400,LA
54.4,Natural Gas,29.822222,-91.5425,1400,LA
348.5,Natural Gas,29.822222,-91.5425,1400,LA
20.7,Natural Gas,29.359145,-89.537264,1401,LA
247.7,Natural Gas,30.005067,-90.461694,1402,LA
420.7,Natural Gas,30.005067,-90.461694,1402,LA
582.2,Natural Gas,30.005067,-90.461694,1402,LA
69,Natural Gas,29.9472,-90.1458,1403,LA
112.5,Natural Gas,29.9472,-90.1458,1403,LA
169.8,Natural Gas,29.9472,-90.1458,1403,LA
895.1,Natural Gas,29.9472,-90.1458,1403,LA
895.1,Natural Gas,29.9472,-90.1458,1403,LA
247.7,Natural Gas,32.7047,-92.0792,1404,LA
59.3,Natural Gas,32.7047,-92.0792,1404,LA
66,Natural Gas,32.7047,-92.0792,1404,LA
101,Natural Gas,32.7047,-92.0792,1404,LA
51.7,Natural Gas,30.0175849,-90.0259183,1407,LA
81.2,Natural Gas,30.0175849,-90.0259183,1407,LA
16,Other,30.0175849,-90.0259183,1407,LA
115.2,Natural Gas,30.0081,-89.9372,1409,LA
261.8,Natural Gas,30.0081,-89.9372,1409,LA
582.2,Natural Gas,30.0081,-89.9372,1409,LA
125,Natural Gas,32.5181,-93.7611,1416,LA
25,Natural Gas,32.7047,-93.9597,1417,LA
25,Natural Gas,32.7047,-93.9597,1417,LA
114,Natural Gas,32.7047,-93.9597,1417,LA
114,Natural Gas,32.7047,-93.9597,1417,LA
10,Natural Gas,29.822222,-91.5425,1435,LA
1.4,Natural Gas,29.5806,-90.7225,1439,LA
1.4,Natural Gas,29.5806,-90.7225,1439,LA
1.4,Natural Gas,29.5806,-90.7225,1439,LA
2.7,Natural Gas,29.5806,-90.7225,1439,LA
4.5,Natural Gas,29.5806,-90.7225,1439,LA
4.5,Natural Gas,29.5806,-90.7225,1439,LA
4.5,Natural Gas,29.5806,-90.7225,1439,LA
12.6,Natural Gas,29.5806,-90.7225,1439,LA
25.5,Natural Gas,29.5806,-90.7225,1439,LA
40.8,Natural Gas,29.5806,-90.7225,1439,LA
53.9,Natural Gas,30.238038,-92.046264,1443,LA
100,Natural Gas,30.238038,-92.046264,1443,LA
187,Natural Gas,30.238038,-92.046264,1443,LA
13.3,Natural Gas,30.2119875,-92.0085816,1445,LA
25.4,Natural Gas,30.2119875,-92.0085816,1445,LA
12.5,Natural Gas,32.604639,-93.294355,1447,LA
12.5,Natural Gas,32.604639,-93.294355,1447,LA
10.3,Other,32.604639,-93.294355,1447,LA
25,Natural Gas,32.5276018,-92.1289505,1448,LA
37.5,Natural Gas,32.5276018,-92.1289505,1448,LA
75,Natural Gas,32.5276018,-92.1289505,1448,LA
6,Natural Gas,29.691436,-91.188492,1449,LA
6,Natural Gas,29.691436,-91.188492,1449,LA
20.8,Natural Gas,29.691436,-91.188492,1449,LA
37.5,Natural Gas,29.691436,-91.188492,1449,LA
1.5,Natural Gas,31.7618231,-93.0882876,1450,LA
1.5,Natural Gas,31.7618231,-93.0882876,1450,LA
2.7,Natural Gas,31.7618231,-93.0882876,1450,LA
2.7,Natural Gas,31.7618231,-93.0882876,1450,LA
6,Natural Gas,31.7618231,-93.0882876,1450,LA
12.6,Natural Gas,31.7618231,-93.0882876,1450,LA
26,Natural Gas,31.7618231,-93.0882876,1450,LA
2.3,Natural Gas,30.726111,-91.368333,1453,LA
0.6,Natural Gas,30.726111,-91.368333,1453,LA
1.1,Natural Gas,30.726111,-91.368333,1453,LA
1.7,Natural Gas,30.726111,-91.368333,1453,LA
1.7,Natural Gas,30.726111,-91.368333,1453,LA
2,Natural Gas,30.726111,-91.368333,1453,LA
20,Natural Gas,30.273333,-91.2567,1455,LA
24,Natural Gas,30.273333,-91.2567,1455,LA
4.1,Other,30.2044,-92.2486,1456,LA
4.1,Other,30.2044,-92.2486,1456,LA
12.6,Natural Gas,32.5289568,-92.6126488,1458,LA
26.8,Natural Gas,32.5289568,-92.6126488,1458,LA
41.5,Natural Gas,32.5289568,-92.6126488,1458,LA
3.3,Natural Gas,32.5289568,-92.6126488,1458,LA
5,Natural Gas,32.5289568,-92.6126488,1458,LA
1.2,Natural Gas,32.5289568,-92.6126488,1458,LA
113.6,Natural Gas,30.6739,-91.3556,1464,LA
113.6,Natural Gas,30.6739,-91.3556,1464,LA
132.8,Natural Gas,30.6739,-91.3556,1464,LA
132.8,Natural Gas,30.6739,-91.3556,1464,LA
2,Other,44.3817,-68.2869,1466,ME
2,Other,44.3817,-68.2869,1466,ME
2,Other,44.3817,-68.2869,1466,ME
2,Other,44.3817,-68.2869,1466,ME
1,Other,44.9136,-67.0033,1468,ME
1,Other,44.9136,-67.0033,1468,ME
2,Other,44.9136,-67.0033,1468,ME
2.5,Hydroelectric,44.5442,-68.4306,1469,ME
2,Hydroelectric,44.5442,-68.4306,1469,ME
2,Hydroelectric,44.5442,-68.4306,1469,ME
2.4,Hydroelectric,44.5442,-68.4306,1469,ME
0.6,Hydroelectric,45.2386,-68.6572,1472,ME
0.6,Hydroelectric,45.2386,-68.6572,1472,ME
0.6,Hydroelectric,45.2386,-68.6572,1472,ME
2,Other,45.6078,-68.5444,1474,ME
2,Other,45.6078,-68.5444,1474,ME
2,Other,45.6078,-68.5444,1474,ME
2,Other,45.6078,-68.5444,1474,ME
1.6,Hydroelectric,44.942064,-68.64504,1475,ME
1.6,Hydroelectric,44.942064,-68.64504,1475,ME
1.6,Hydroelectric,44.942064,-68.64504,1475,ME
1.6,Hydroelectric,44.942064,-68.64504,1475,ME
0.4,Hydroelectric,44.9094,-68.6833,1478,ME
0.4,Hydroelectric,44.9094,-68.6833,1478,ME
0.4,Hydroelectric,44.9094,-68.6833,1478,ME
0.6,Hydroelectric,44.9094,-68.6833,1478,ME
0.7,Hydroelectric,44.8319,-68.7028,1479,ME
0.3,Hydroelectric,44.8319,-68.7028,1479,ME
0.3,Hydroelectric,44.8319,-68.7028,1479,ME
0.3,Hydroelectric,44.8319,-68.7028,1479,ME
0.3,Hydroelectric,44.8319,-68.7028,1479,ME
0.3,Hydroelectric,44.8319,-68.7028,1479,ME
0.3,Hydroelectric,44.8319,-68.7028,1479,ME
0.3,Hydroelectric,44.8319,-68.7028,1479,ME
0.3,Hydroelectric,44.8319,-68.7028,1479,ME
0.3,Hydroelectric,44.8319,-68.7028,1479,ME
0.3,Hydroelectric,44.8319,-68.7028,1479,ME
0.3,Hydroelectric,44.8319,-68.7028,1479,ME
0.3,Hydroelectric,44.8319,-68.7028,1479,ME
0.3,Hydroelectric,44.8319,-68.7028,1479,ME
0.5,Hydroelectric,44.8319,-68.7028,1479,ME
1.5,Hydroelectric,44.8319,-68.7028,1479,ME
1.5,Hydroelectric,44.8319,-68.7028,1479,ME
3.6,Hydroelectric,44.135332,-70.201499,1480,ME
2,Hydroelectric,43.6136,-70.5525,1481,ME
2,Hydroelectric,43.6136,-70.5525,1481,ME
1.2,Hydroelectric,43.687688,-70.611553,1482,ME
1.2,Hydroelectric,43.687688,-70.611553,1482,ME
1.2,Hydroelectric,43.687688,-70.611553,1482,ME
1.2,Hydroelectric,43.687688,-70.611553,1482,ME
1.2,Hydroelectric,43.687688,-70.611553,1482,ME
1.2,Hydroelectric,43.687688,-70.611553,1482,ME
12.6,Hydroelectric,43.920486,-69.967819,1483,ME
3.5,Hydroelectric,43.920486,-69.967819,1483,ME
3.5,Hydroelectric,43.920486,-69.967819,1483,ME
17.5,Other,43.6436,-70.2544,1484,ME
17.5,Other,43.6436,-70.2544,1484,ME
6.6,Hydroelectric,43.4956,-70.4472,1486,ME
0.4,Hydroelectric,44.092001,-70.221923,1487,ME
0.4,Hydroelectric,44.092001,-70.221923,1487,ME
0.4,Hydroelectric,44.092001,-70.221923,1487,ME
0.1,Hydroelectric,44.092001,-70.221923,1487,ME
0.1,Hydroelectric,44.092001,-70.221923,1487,ME
0.6,Hydroelectric,44.134572,-70.203715,1488,ME
0.6,Hydroelectric,44.134572,-70.203715,1488,ME
0.9,Hydroelectric,44.134572,-70.203715,1488,ME
0.8,Hydroelectric,44.134572,-70.203715,1488,ME
0.8,Hydroelectric,44.134572,-70.203715,1488,ME
1.8,Hydroelectric,44.134572,-70.203715,1488,ME
1,Hydroelectric,44.134572,-70.203715,1488,ME
0.7,Hydroelectric,44.544058,-69.6098559,1490,ME
0.7,Hydroelectric,44.544058,-69.6098559,1490,ME
6.4,Hydroelectric,44.152854,-70.209378,1491,ME
6.4,Hydroelectric,44.152854,-70.209378,1491,ME
6.4,Hydroelectric,44.152854,-70.209378,1491,ME
15,Hydroelectric,45.4592,-69.8658,1492,ME
30,Hydroelectric,45.4592,-69.8658,1492,ME
30,Hydroelectric,45.4592,-69.8658,1492,ME
1.4,Hydroelectric,45.4592,-69.8658,1492,ME
2.4,Hydroelectric,43.8525,-70.7969,1493,ME
8.1,Hydroelectric,43.8525,-70.7969,1493,ME
34.5,Other,43.9807776,-69.6859383,1496,ME
34.5,Other,43.9807776,-69.6859383,1496,ME
37.5,Other,43.9807776,-69.6859383,1496,ME
2.8,Hydroelectric,44.548544,-69.710404,1497,ME
1.6,Hydroelectric,44.569872,-69.681841,1498,ME
1.8,Hydroelectric,44.534397,-69.652232,1500,ME
1.1,Hydroelectric,43.802517,-70.44992,1501,ME
1.1,Hydroelectric,43.802517,-70.44992,1501,ME
0.7,Hydroelectric,44.629517,-69.583527,1504,ME
0.7,Hydroelectric,44.629517,-69.583527,1504,ME
0.7,Hydroelectric,44.629517,-69.583527,1504,ME
0.7,Hydroelectric,44.629517,-69.583527,1504,ME
0.7,Hydroelectric,44.629517,-69.583527,1504,ME
0.9,Hydroelectric,44.629517,-69.583527,1504,ME
2.2,Hydroelectric,44.629517,-69.583527,1504,ME
2.2,Hydroelectric,44.629517,-69.583527,1504,ME
8.4,Hydroelectric,43.5708,-70.5583,1505,ME
8.4,Hydroelectric,43.5708,-70.5583,1505,ME
50,Other,43.7508,-70.1567,1507,ME
50,Other,43.7508,-70.1567,1507,ME
113.6,Other,43.7508,-70.1567,1507,ME
632.4,Other,43.7508,-70.1567,1507,ME
0.6,Hydroelectric,43.66687,-70.602125,1508,ME
0.6,Hydroelectric,43.66687,-70.602125,1508,ME
1.1,Hydroelectric,43.66687,-70.602125,1508,ME
0.7,Hydroelectric,43.66687,-70.602125,1508,ME
0.7,Hydroelectric,43.66687,-70.602125,1508,ME
4,Hydroelectric,43.66687,-70.602125,1508,ME
3,Hydroelectric,44.763875,-69.71828,1509,ME
3,Hydroelectric,44.763875,-69.71828,1509,ME
3,Hydroelectric,44.763875,-69.71828,1509,ME
3,Hydroelectric,44.763875,-69.71828,1509,ME
7,Hydroelectric,44.9589,-69.8703,1510,ME
6,Hydroelectric,44.9589,-69.8703,1510,ME
24,Hydroelectric,45.0703,-69.9064,1511,ME
24,Hydroelectric,45.0703,-69.9064,1511,ME
24,Hydroelectric,45.0703,-69.9064,1511,ME
7.5,Other,46.848,-68.0026,1513,ME
2.7,Other,46.848,-68.0026,1513,ME
2.7,Other,46.848,-68.0026,1513,ME
1,Other,46.848,-68.0026,1513,ME
1.2,Other,46.848,-68.0026,1513,ME
0.4,Hydroelectric,46.848,-68.0026,1513,ME
0.4,Hydroelectric,46.848,-68.0026,1513,ME
11.5,Other,46.848,-68.0026,1513,ME
2,Other,46.71,-67.9556,1514,ME
2,Other,46.71,-67.9556,1514,ME
2,Other,46.71,-67.9556,1514,ME
1.5,Hydroelectric,46.556477,-68.325538,1516,ME
190.4,Coal,39.323604,-76.365119,1552,MD
209.4,Coal,39.323604,-76.365119,1552,MD
16,Other,39.323604,-76.365119,1552,MD
103.5,Other,39.2663,-76.6047,1553,MD
132.8,Other,39.1781,-76.5268,1554,MD
136,Coal,39.1781,-76.5268,1554,MD
359,Coal,39.1781,-76.5268,1554,MD
414.7,Other,39.1781,-76.5268,1554,MD
16,Other,39.1781,-76.5268,1554,MD
18,Natural Gas,39.4217,-76.5087,1555,MD
18,Natural Gas,39.4217,-76.5087,1555,MD
18,Natural Gas,39.4217,-76.5087,1555,MD
18,Natural Gas,39.4217,-76.5087,1555,MD
18,Natural Gas,39.4217,-76.5087,1555,MD
18,Natural Gas,39.4217,-76.5087,1555,MD
18,Natural Gas,39.4217,-76.5087,1555,MD
18,Natural Gas,39.4217,-76.5087,1555,MD
53.1,Other,39.442836,-76.221761,1556,MD
53.1,Other,39.442836,-76.221761,1556,MD
53.1,Other,39.442836,-76.221761,1556,MD
53.1,Other,39.442836,-76.221761,1556,MD
192,Other,39.442836,-76.221761,1556,MD
20.7,Other,39.2986,-76.5636,1557,MD
20.7,Other,39.2986,-76.5636,1557,MD
20.7,Other,39.2986,-76.5636,1557,MD
20.7,Other,39.2986,-76.5636,1557,MD
72.2,Natural Gas,39.2369,-76.5133,1559,MD
135,Other,39.2369,-76.5133,1559,MD
25,Other,39.2369,-76.5133,1559,MD
25,Other,39.2369,-76.5133,1559,MD
121.5,Natural Gas,39.2719,-76.6186,1560,MD
2.9,Other,37.9833,-75.8333,1563,MD
2.9,Other,37.9833,-75.8333,1563,MD
2.9,Other,37.9833,-75.8333,1563,MD
2.9,Other,37.9833,-75.8333,1563,MD
162,Other,38.4878,-75.8208,1564,MD
21,Other,38.4878,-75.8208,1564,MD
10,Hydroelectric,39.523,-79.413,1567,MD
10,Hydroelectric,39.523,-79.413,1567,MD
34.5,Coal,39.595,-77.82694,1570,MD
75,Coal,39.595,-77.82694,1570,MD
659,Other,38.5444,-76.6861,1571,MD
659,Other,38.5444,-76.6861,1571,MD
16,Other,38.5444,-76.6861,1571,MD
35,Other,38.5444,-76.6861,1571,MD
103,Other,38.5444,-76.6861,1571,MD
103,Other,38.5444,-76.6861,1571,MD
125,Other,38.5444,-76.6861,1571,MD
125,Other,38.5444,-76.6861,1571,MD
94,Other,38.5444,-76.6861,1571,MD
364,Coal,38.5444,-76.6861,1571,MD
364,Coal,38.5444,-76.6861,1571,MD
196,Coal,39.2097,-77.4644,1572,MD
196,Coal,39.2097,-77.4644,1572,MD
16,Other,39.2097,-77.4644,1572,MD
163,Natural Gas,39.2097,-77.4644,1572,MD
163,Natural Gas,39.2097,-77.4644,1572,MD
196,Coal,39.2097,-77.4644,1572,MD
65,Other,38.3592,-76.9767,1573,MD
65,Other,38.3592,-76.9767,1573,MD
65,Other,38.3592,-76.9767,1573,MD
65,Other,38.3592,-76.9767,1573,MD
18,Other,38.3592,-76.9767,1573,MD
18,Other,38.3592,-76.9767,1573,MD
626,Coal,38.3592,-76.9767,1573,MD
626,Coal,38.3592,-76.9767,1573,MD
36,Hydroelectric,39.6572,-76.1752,1574,MD
36,Hydroelectric,39.6572,-76.1752,1574,MD
36,Hydroelectric,39.6572,-76.1752,1574,MD
36,Hydroelectric,39.6572,-76.1752,1574,MD
36,Hydroelectric,39.6572,-76.1752,1574,MD
36,Hydroelectric,39.6572,-76.1752,1574,MD
36,Hydroelectric,39.6572,-76.1752,1574,MD
55.6,Hydroelectric,39.6572,-76.1752,1574,MD
55.6,Hydroelectric,39.6572,-76.1752,1574,MD
55.6,Hydroelectric,39.6572,-76.1752,1574,MD
55.6,Hydroelectric,39.6572,-76.1752,1574,MD
2.5,Other,38.7786,-76.0769,1580,MD
2.5,Other,38.7786,-76.0769,1580,MD
3,Other,38.7786,-76.0769,1580,MD
3.5,Other,38.7786,-76.0769,1580,MD
3.8,Other,38.7786,-76.0769,1580,MD
4.1,Other,38.7786,-76.0769,1580,MD
5.6,Other,38.7786,-76.0769,1580,MD
5.6,Other,38.7786,-76.0769,1580,MD
1.5,Other,38.7786,-76.0769,1580,MD
1.5,Other,38.7786,-76.0769,1580,MD
14.2,Other,42.2426913,-70.9650178,1585,MA
14.2,Other,42.2426913,-70.9650178,1585,MA
14.2,Other,42.2672,-71.3983,1586,MA
14.2,Other,42.2672,-71.3983,1586,MA
14.2,Other,42.2672,-71.3983,1586,MA
18.6,Other,42.3392,-71.0353,1587,MA
156.2,Other,42.3908,-71.0675,1588,MA
156.2,Other,42.3908,-71.0675,1588,MA
156.2,Other,42.3908,-71.0675,1588,MA
617,Natural Gas,42.3908,-71.0675,1588,MA
14.2,Other,42.3908,-71.0675,1588,MA
278.6,Natural Gas,42.3908,-71.0675,1588,MA
278.6,Natural Gas,42.3908,-71.0675,1588,MA
278.6,Natural Gas,42.3908,-71.0675,1588,MA
278.6,Natural Gas,42.3908,-71.0675,1588,MA
315,Natural Gas,42.3908,-71.0675,1588,MA
315,Natural Gas,42.3908,-71.0675,1588,MA
359,Natural Gas,42.3401456,-71.0354199,1589,MA
358.7,Natural Gas,42.3401456,-71.0354199,1589,MA
18.5,Other,42.3401456,-71.0354199,1589,MA
670,Nuclear,41.9438,-70.578,1590,MA
45,Other,42.140028,-71.446441,1592,MA
45,Other,42.140028,-71.446441,1592,MA
45,Other,42.140028,-71.446441,1592,MA
12.5,Other,42.3631338,-71.1146316,1594,MA
17.2,Natural Gas,42.3633,-71.0792,1595,MA
23,Natural Gas,42.3633,-71.0792,1595,MA
27.2,Natural Gas,42.3633,-71.0792,1595,MA
170,Natural Gas,42.3633,-71.0792,1595,MA
20,Other,42.3633,-71.0792,1595,MA
20,Other,42.3633,-71.0792,1595,MA
2.7,Other,41.4508,-70.5547,1597,MA
2.7,Other,41.4508,-70.5547,1597,MA
2.7,Other,41.4508,-70.5547,1597,MA
585,Other,41.7694,-70.5097,1599,MA
580,Other,41.7694,-70.5097,1599,MA
0.5,Hydroelectric,42.2086,-72.6014,1603,MA
1.2,Hydroelectric,42.2086,-72.6014,1603,MA
1.2,Hydroelectric,42.2086,-72.6014,1603,MA
0.8,Hydroelectric,42.1919,-72.6097,1604,MA
0.8,Hydroelectric,42.1919,-72.6097,1604,MA
15,Hydroelectric,42.2119,-72.6036,1605,MA
15.8,Hydroelectric,42.2119,-72.6036,1605,MA
136,Coal,42.2806,-72.6055,1606,MA
0.8,Hydroelectric,42.200592,-72.594432,1607,MA
0.6,Hydroelectric,42.200592,-72.594432,1607,MA
1.5,Hydroelectric,42.200592,-72.594432,1607,MA
4,Hydroelectric,42.200592,-72.594432,1607,MA
74,Coal,41.737688,-71.1454519,1613,MA
100,Coal,41.737688,-71.1454519,1613,MA
25,Other,41.737688,-71.1454519,1613,MA
25,Other,41.737688,-71.1454519,1613,MA
1.2,Other,41.2583,-70.0517,1615,MA
1.2,Other,41.2583,-70.0517,1615,MA
3.7,Other,41.2583,-70.0517,1615,MA
3.7,Other,41.2583,-70.0517,1615,MA
2.5,Other,41.2583,-70.0517,1615,MA
2.5,Other,41.2583,-70.0517,1615,MA
2.5,Other,41.2583,-70.0517,1615,MA
2.5,Other,41.2583,-70.0517,1615,MA
241,Coal,41.7103,-71.1931,1619,MA
241,Coal,41.7103,-71.1931,1619,MA
642.6,Coal,41.7103,-71.1931,1619,MA
475.5,Other,41.7103,-71.1931,1619,MA
2.7,Other,41.7103,-71.1931,1619,MA
2.7,Other,41.7103,-71.1931,1619,MA
2.7,Other,41.7103,-71.1931,1619,MA
2.7,Other,41.7103,-71.1931,1619,MA
17.5,Hydroelectric,42.69118,-72.9561,1620,MA
81.9,Coal,42.5256,-70.8772,1626,MA
82,Coal,42.5256,-70.8772,1626,MA
165.7,Coal,42.5256,-70.8772,1626,MA
475.5,Other,42.5256,-70.8772,1626,MA
10.3,Hydroelectric,42.5875,-72.5793,1629,MA
10.3,Hydroelectric,42.5875,-72.5793,1629,MA
10.3,Hydroelectric,42.5875,-72.5793,1629,MA
10.3,Hydroelectric,42.5875,-72.5793,1629,MA
10.3,Hydroelectric,42.5875,-72.5793,1629,MA
10.3,Hydroelectric,42.5875,-72.5793,1629,MA
13,Hydroelectric,42.117112,-72.864663,1630,MA
7,Hydroelectric,42.117112,-72.864663,1630,MA
13,Hydroelectric,42.117112,-72.864663,1630,MA
21.1,Other,42.4433,-73.2058,1631,MA
0.4,Hydroelectric,42.5914,-72.7308,1634,MA
0.9,Hydroelectric,42.5914,-72.7308,1634,MA
0.9,Hydroelectric,42.5914,-72.7308,1634,MA
1.3,Hydroelectric,42.5914,-72.7308,1634,MA
1.6,Hydroelectric,42.157896,-72.48643,1637,MA
1.6,Hydroelectric,42.157896,-72.48643,1637,MA
1.8,Hydroelectric,42.176047,-72.409521,1638,MA
1.8,Hydroelectric,42.176047,-72.409521,1638,MA
112,Other,42.095,-72.595,1642,MA
60,Natural Gas,42.095,-72.595,1642,MA
60,Natural Gas,42.095,-72.595,1642,MA
51,Other,42.095,-72.595,1642,MA
17,Other,42.095,-72.595,1642,MA
51,Other,42.095,-72.595,1642,MA
20.4,Other,42.336215,-73.235486,1643,MA
76,Natural Gas,42.235,-70.9672,1660,MA
25,Natural Gas,42.235,-70.9672,1660,MA
2.7,Other,42.235,-70.9672,1660,MA
2.7,Other,42.235,-70.9672,1660,MA
1.2,Natural Gas,42.6986,-70.8697,1670,MA
1.3,Natural Gas,42.6986,-70.8697,1670,MA
0.7,Other,42.6986,-70.8697,1670,MA
0.6,Other,42.6986,-70.8697,1670,MA
1.1,Natural Gas,42.6986,-70.8697,1670,MA
1.3,Other,42.6986,-70.8697,1670,MA
1.1,Other,42.6986,-70.8697,1670,MA
1.3,Natural Gas,42.6986,-70.8697,1670,MA
1.2,Natural Gas,42.6986,-70.8697,1670,MA
1.2,Natural Gas,42.6986,-70.8697,1670,MA
1.2,Natural Gas,42.6986,-70.8697,1670,MA
21.3,Natural Gas,42.542949,-70.928314,1678,MA
43.6,Natural Gas,42.542949,-70.928314,1678,MA
28.3,Other,41.8653,-71.1061,1682,MA
23,Other,41.8653,-71.1061,1682,MA
95,Other,41.8653,-71.1061,1682,MA
4,Hydroelectric,44.561961,-83.804505,1693,MI
4,Hydroelectric,44.561961,-83.804505,1693,MI
0.5,Hydroelectric,42.563803,-85.953976,1694,MI
0.9,Hydroelectric,42.563803,-85.953976,1694,MI
1.2,Hydroelectric,42.563803,-85.953976,1694,MI
69,Natural Gas,43.258768,-86.242268,1695,MI
69,Natural Gas,43.258768,-86.242268,1695,MI
69,Natural Gas,43.258768,-86.242268,1695,MI
156.3,Coal,43.258768,-86.242268,1695,MI
156.3,Coal,43.258768,-86.242268,1695,MI
18,Natural Gas,42.280222,-85.492548,1696,MI
18,Natural Gas,42.280222,-85.492548,1696,MI
6.7,Hydroelectric,44.259135,-85.939565,1698,MI
6.7,Hydroelectric,44.259135,-85.939565,1698,MI
6.7,Hydroelectric,44.259135,-85.939565,1698,MI
3,Hydroelectric,44.472624,-83.571947,1700,MI
3,Hydroelectric,44.472624,-83.571947,1700,MI
3,Hydroelectric,44.472624,-83.571947,1700,MI
3,Hydroelectric,43.437322,-85.664462,1701,MI
3,Hydroelectric,43.437322,-85.664462,1701,MI
1.4,Hydroelectric,43.437322,-85.664462,1701,MI
1.5,Hydroelectric,43.437322,-85.664462,1701,MI
272,Coal,43.644996,-83.840074,1702,MI
272,Coal,43.644996,-83.840074,1702,MI
692.5,Natural Gas,43.644996,-83.840074,1702,MI
709.8,Natural Gas,43.644996,-83.840074,1702,MI
3,Hydroelectric,44.455518,-83.676274,1704,MI
3,Hydroelectric,44.455518,-83.676274,1704,MI
3,Hydroelectric,44.435381,-83.440722,1705,MI
3,Hydroelectric,44.435381,-83.440722,1705,MI
3,Hydroelectric,44.435381,-83.440722,1705,MI
16,Natural Gas,45.0306,-84.7039,1706,MI
16,Natural Gas,45.0306,-84.7039,1706,MI
16,Natural Gas,45.0306,-84.7039,1706,MI
16,Natural Gas,45.0306,-84.7039,1706,MI
16,Natural Gas,45.0306,-84.7039,1706,MI
10,Hydroelectric,43.486618,-85.629866,1707,MI
10,Hydroelectric,43.486618,-85.629866,1707,MI
10,Hydroelectric,43.486618,-85.629866,1707,MI
8.5,Hydroelectric,44.36286,-85.819968,1708,MI
9.5,Hydroelectric,44.36286,-85.819968,1708,MI
265.2,Coal,42.910296,-86.20074,1710,MI
403.9,Coal,42.910296,-86.20074,1710,MI
871,Coal,42.910296,-86.20074,1710,MI
18.6,Other,42.910296,-86.20074,1710,MI
2,Hydroelectric,44.4631,-83.7208,1712,MI
2,Hydroelectric,44.4631,-83.7208,1712,MI
329.8,Hydroelectric,43.8942,-86.4447,1713,MI
329.8,Hydroelectric,43.8942,-86.4447,1713,MI
329.8,Hydroelectric,43.8942,-86.4447,1713,MI
329.8,Hydroelectric,43.8942,-86.4447,1713,MI
329.8,Hydroelectric,43.8942,-86.4447,1713,MI
329.8,Hydroelectric,43.8942,-86.4447,1713,MI
2.5,Hydroelectric,44.661114,-84.131691,1714,MI
2.5,Hydroelectric,44.661114,-84.131691,1714,MI
811.8,Nuclear,42.323,-86.3146,1715,MI
1.7,Hydroelectric,43.613001,-85.479469,1716,MI
1.7,Hydroelectric,43.613001,-85.479469,1716,MI
1.7,Hydroelectric,43.613001,-85.479469,1716,MI
1.7,Hydroelectric,43.613001,-85.479469,1716,MI
21.3,Natural Gas,45.766859,-84.756601,1718,MI
33.6,Natural Gas,43.156746,-83.628589,1719,MI
33.6,Natural Gas,43.156746,-83.628589,1719,MI
33.6,Natural Gas,43.156746,-83.628589,1719,MI
33.6,Natural Gas,43.156746,-83.628589,1719,MI
17.6,Natural Gas,43.156746,-83.628589,1719,MI
17.6,Natural Gas,43.156746,-83.628589,1719,MI
17.6,Natural Gas,43.156746,-83.628589,1719,MI
17.6,Natural Gas,43.156746,-83.628589,1719,MI
17.6,Natural Gas,43.156746,-83.628589,1719,MI
156.3,Coal,43.639927,-83.844712,1720,MI
156.3,Coal,43.639927,-83.844712,1720,MI
18.6,Natural Gas,43.639927,-83.844712,1720,MI
3.3,Hydroelectric,42.9528,-84.9025,1722,MI
1,Hydroelectric,42.9528,-84.9025,1722,MI
97.8,Coal,41.792114,-83.44948,1723,MI
97.8,Coal,41.792114,-83.44948,1723,MI
122.2,Coal,41.792114,-83.44948,1723,MI
18.6,Other,41.792114,-83.44948,1723,MI
20,Natural Gas,42.3383113,-83.0444863,1724,MI
2.7,Other,42.658653,-84.095181,1725,MI
2.7,Other,42.658653,-84.095181,1725,MI
2.7,Other,42.658653,-84.095181,1725,MI
2.7,Other,42.658653,-84.095181,1725,MI
2.7,Other,42.658653,-84.095181,1725,MI
2.7,Other,42.3592,-82.9597,1726,MI
2.7,Other,42.3592,-82.9597,1726,MI
135,Natural Gas,42.3592,-82.9597,1726,MI
135,Natural Gas,42.3592,-82.9597,1726,MI
2,Other,42.1758,-83.5336,1727,MI
2,Other,42.1758,-83.5336,1727,MI
2,Other,42.1758,-83.5336,1727,MI
2,Other,42.1758,-83.5336,1727,MI
2,Other,42.1758,-83.5336,1727,MI
71.1,Natural Gas,42.2947,-83.1019,1728,MI
71.1,Natural Gas,42.2947,-83.1019,1728,MI
1217,Nuclear,41.9631,-83.2581,1729,MI
16,Other,41.9631,-83.2581,1729,MI
16,Other,41.9631,-83.2581,1729,MI
16,Other,41.9631,-83.2581,1729,MI
16,Other,41.9631,-83.2581,1729,MI
19,Natural Gas,42.5497,-83.4425,1730,MI
19,Natural Gas,42.5497,-83.4425,1730,MI
19,Natural Gas,42.5497,-83.4425,1730,MI
19.6,Natural Gas,42.5497,-83.4425,1730,MI
41.8,Natural Gas,42.5497,-83.4425,1730,MI
41.8,Natural Gas,42.5497,-83.4425,1730,MI
121,Coal,43.8519,-82.6436,1731,MI
2,Other,43.8519,-82.6436,1731,MI
2,Other,43.8519,-82.6436,1731,MI
50,Coal,42.9261573,-82.4603086,1732,MI
75,Coal,42.9261573,-82.4603086,1732,MI
75,Coal,42.9261573,-82.4603086,1732,MI
817.2,Coal,41.8906,-83.3464,1733,MI
822.6,Coal,41.8906,-83.3464,1733,MI
822.6,Coal,41.8906,-83.3464,1733,MI
817.2,Coal,41.8906,-83.3464,1733,MI
2.7,Other,41.8906,-83.3464,1733,MI
2.7,Other,41.8906,-83.3464,1733,MI
2.7,Other,41.8906,-83.3464,1733,MI
2.7,Other,41.8906,-83.3464,1733,MI
2.7,Other,41.8906,-83.3464,1733,MI
16,Natural Gas,42.45,-83.0381,1734,MI
16,Natural Gas,42.45,-83.0381,1734,MI
16,Natural Gas,42.45,-83.0381,1734,MI
16,Natural Gas,42.45,-83.0381,1734,MI
23.4,Other,42.45,-83.0381,1734,MI
21.2,Other,42.45,-83.0381,1734,MI
21.2,Other,42.45,-83.0381,1734,MI
2.7,Other,43.8264,-83.2383,1735,MI
2.7,Other,43.8264,-83.2383,1735,MI
2.7,Other,43.8264,-83.2383,1735,MI
2.7,Other,43.8264,-83.2383,1735,MI
2.7,Other,43.8264,-83.2383,1735,MI
2.7,Other,42.7106,-83.4569,1737,MI
2.7,Other,42.7106,-83.4569,1737,MI
2.7,Other,42.7106,-83.4569,1737,MI
2.7,Other,42.7106,-83.4569,1737,MI
2.7,Other,42.7106,-83.4569,1737,MI
2.7,Other,42.7108,-83.4561,1739,MI
2.7,Other,42.7108,-83.4561,1739,MI
2.7,Other,42.7108,-83.4561,1739,MI
2.7,Other,42.7108,-83.4561,1739,MI
2.7,Other,42.7108,-83.4561,1739,MI
282.6,Natural Gas,42.2739,-83.1119,1740,MI
292.5,Coal,42.2739,-83.1119,1740,MI
358.1,Coal,42.2739,-83.1119,1740,MI
2.7,Other,42.2739,-83.1119,1740,MI
2.7,Other,42.2739,-83.1119,1740,MI
2.7,Other,42.2739,-83.1119,1740,MI
2.7,Other,42.2739,-83.1119,1740,MI
2.7,Other,42.1225,-83.185,1741,MI
2.7,Other,42.1225,-83.185,1741,MI
2.7,Other,42.1225,-83.185,1741,MI
2.7,Other,42.1225,-83.185,1741,MI
2.7,Other,42.1225,-83.185,1741,MI
168.7,Coal,42.7642,-82.4719,1743,MI
156.2,Coal,42.7642,-82.4719,1743,MI
156.2,Coal,42.7642,-82.4719,1743,MI
168.7,Coal,42.7642,-82.4719,1743,MI
357.7,Other,42.7642,-82.4719,1743,MI
352.7,Coal,42.7642,-82.4719,1743,MI
544.5,Coal,42.7642,-82.4719,1743,MI
18.5,Other,42.7642,-82.4719,1743,MI
2.7,Other,42.7642,-82.4719,1743,MI
2.7,Other,42.7642,-82.4719,1743,MI
16,Other,42.2639,-83.6422,1744,MI
16,Other,42.2639,-83.6422,1744,MI
16,Other,42.2639,-83.6422,1744,MI
16,Other,42.2639,-83.6422,1744,MI
120,Coal,42.1217,-83.1808,1745,MI
120,Coal,42.1217,-83.1808,1745,MI
535.5,Coal,42.1217,-83.1808,1745,MI
2.7,Other,43.4566,-83.1889,1746,MI
2.7,Other,43.4566,-83.1889,1746,MI
2.7,Other,43.4566,-83.1889,1746,MI
2.7,Other,43.4566,-83.1889,1746,MI
2.7,Other,43.4566,-83.1889,1746,MI
2,Other,45.955014,-86.256291,1750,MI
2.8,Other,45.955014,-86.256291,1750,MI
0.6,Hydroelectric,46.5162,-84.3729,1751,MI
0.6,Hydroelectric,46.5162,-84.3729,1751,MI
0.6,Hydroelectric,46.5162,-84.3729,1751,MI
0.6,Hydroelectric,46.5162,-84.3729,1751,MI
0.6,Hydroelectric,46.5162,-84.3729,1751,MI
0.6,Hydroelectric,46.5162,-84.3729,1751,MI
0.6,Hydroelectric,46.5162,-84.3729,1751,MI
0.6,Hydroelectric,46.5162,-84.3729,1751,MI
0.6,Hydroelectric,46.5162,-84.3729,1751,MI
0.6,Hydroelectric,46.5162,-84.3729,1751,MI
0.6,Hydroelectric,46.5162,-84.3729,1751,MI
0.6,Hydroelectric,46.5162,-84.3729,1751,MI
0.6,Hydroelectric,46.5162,-84.3729,1751,MI
0.6,Hydroelectric,46.5162,-84.3729,1751,MI
0.6,Hydroelectric,46.5162,-84.3729,1751,MI
0.6,Hydroelectric,46.5162,-84.3729,1751,MI
0.6,Hydroelectric,46.5162,-84.3729,1751,MI
0.6,Hydroelectric,46.5162,-84.3729,1751,MI
0.6,Hydroelectric,46.5162,-84.3729,1751,MI
0.6,Hydroelectric,46.5162,-84.3729,1751,MI
0.6,Hydroelectric,46.5162,-84.3729,1751,MI
0.6,Hydroelectric,46.5162,-84.3729,1751,MI
0.6,Hydroelectric,46.5162,-84.3729,1751,MI
0.6,Hydroelectric,46.5162,-84.3729,1751,MI
0.6,Hydroelectric,46.5162,-84.3729,1751,MI
0.6,Hydroelectric,46.5162,-84.3729,1751,MI
0.6,Hydroelectric,46.5162,-84.3729,1751,MI
0.6,Hydroelectric,46.5162,-84.3729,1751,MI
0.6,Hydroelectric,46.5162,-84.3729,1751,MI
0.6,Hydroelectric,46.5162,-84.3729,1751,MI
0.6,Hydroelectric,46.5162,-84.3729,1751,MI
0.6,Hydroelectric,46.5162,-84.3729,1751,MI
0.6,Hydroelectric,46.5162,-84.3729,1751,MI
0.6,Hydroelectric,46.5162,-84.3729,1751,MI
0.6,Hydroelectric,46.5162,-84.3729,1751,MI
0.6,Hydroelectric,46.5162,-84.3729,1751,MI
0.5,Hydroelectric,46.5162,-84.3729,1751,MI
0.6,Hydroelectric,46.5162,-84.3729,1751,MI
0.6,Hydroelectric,46.5162,-84.3729,1751,MI
0.6,Hydroelectric,46.5162,-84.3729,1751,MI
0.6,Hydroelectric,46.5162,-84.3729,1751,MI
0.6,Hydroelectric,46.5162,-84.3729,1751,MI
0.6,Hydroelectric,46.5162,-84.3729,1751,MI
0.6,Hydroelectric,46.5162,-84.3729,1751,MI
0.6,Hydroelectric,46.5162,-84.3729,1751,MI
0.6,Hydroelectric,46.5162,-84.3729,1751,MI
0.6,Hydroelectric,46.5162,-84.3729,1751,MI
0.6,Hydroelectric,46.5162,-84.3729,1751,MI
0.6,Hydroelectric,46.5162,-84.3729,1751,MI
0.6,Hydroelectric,46.5162,-84.3729,1751,MI
0.6,Hydroelectric,46.5162,-84.3729,1751,MI
0.6,Hydroelectric,46.5162,-84.3729,1751,MI
0.6,Hydroelectric,46.5162,-84.3729,1751,MI
0.6,Hydroelectric,46.5162,-84.3729,1751,MI
0.5,Hydroelectric,46.5162,-84.3729,1751,MI
0.5,Hydroelectric,46.5162,-84.3729,1751,MI
0.5,Hydroelectric,46.5162,-84.3729,1751,MI
0.5,Hydroelectric,46.5162,-84.3729,1751,MI
0.5,Hydroelectric,46.5162,-84.3729,1751,MI
0.5,Hydroelectric,46.5162,-84.3729,1751,MI
0.5,Hydroelectric,46.5162,-84.3729,1751,MI
0.5,Hydroelectric,46.5162,-84.3729,1751,MI
0.5,Hydroelectric,46.5162,-84.3729,1751,MI
0.5,Hydroelectric,46.5162,-84.3729,1751,MI
0.5,Hydroelectric,46.5162,-84.3729,1751,MI
0.5,Hydroelectric,46.5162,-84.3729,1751,MI
0.5,Hydroelectric,46.5162,-84.3729,1751,MI
0.5,Hydroelectric,46.5162,-84.3729,1751,MI
0.5,Hydroelectric,46.5162,-84.3729,1751,MI
0.5,Hydroelectric,46.5162,-84.3729,1751,MI
0.5,Hydroelectric,46.5162,-84.3729,1751,MI
0.5,Hydroelectric,46.5162,-84.3729,1751,MI
0.5,Hydroelectric,46.5162,-84.3729,1751,MI
0.6,Hydroelectric,41.9439,-86.3289,1753,MI
0.6,Hydroelectric,41.9439,-86.3289,1753,MI
0.6,Hydroelectric,41.9439,-86.3289,1753,MI
0.6,Hydroelectric,41.9439,-86.3289,1753,MI
0.6,Hydroelectric,41.9439,-86.3289,1753,MI
0.6,Hydroelectric,41.9439,-86.3289,1753,MI
0.6,Hydroelectric,41.9439,-86.3289,1753,MI
0.6,Hydroelectric,41.9439,-86.3289,1753,MI
0.6,Hydroelectric,41.9439,-86.3289,1753,MI
0.6,Hydroelectric,41.9439,-86.3289,1753,MI
0.6,Hydroelectric,41.9439,-86.3289,1753,MI
0.6,Hydroelectric,41.9439,-86.3289,1753,MI
0.4,Hydroelectric,41.84,-86.3524,1754,MI
0.4,Hydroelectric,41.84,-86.3524,1754,MI
0.4,Hydroelectric,41.84,-86.3524,1754,MI
0.4,Hydroelectric,41.84,-86.3524,1754,MI
0.4,Hydroelectric,41.84,-86.3524,1754,MI
0.4,Hydroelectric,41.84,-86.3524,1754,MI
0.5,Hydroelectric,41.84,-86.3524,1754,MI
0.5,Hydroelectric,41.84,-86.3524,1754,MI
0.5,Hydroelectric,41.84,-86.3524,1754,MI
0.5,Hydroelectric,41.84,-86.3524,1754,MI
0.6,Hydroelectric,46.5392,-90.3742,1756,MI
0.6,Hydroelectric,46.5392,-90.3742,1756,MI
0.6,Hydroelectric,46.564601,-90.416147,1757,MI
0.6,Hydroelectric,46.564601,-90.416147,1757,MI
0.3,Hydroelectric,41.8436,-85.6694,1760,MI
0.3,Hydroelectric,41.8436,-85.6694,1760,MI
0.3,Hydroelectric,41.8436,-85.6694,1760,MI
0.3,Hydroelectric,41.8436,-85.6694,1760,MI
0.4,Hydroelectric,41.8056,-85.7505,1761,MI
0.4,Hydroelectric,41.8056,-85.7505,1761,MI
0.4,Hydroelectric,41.8056,-85.7505,1761,MI
0.4,Hydroelectric,41.8056,-85.7505,1761,MI
25,Coal,46.5789,-87.395,1769,MI
37.5,Coal,46.5789,-87.395,1769,MI
54.4,Coal,46.5789,-87.395,1769,MI
57.8,Coal,46.5789,-87.395,1769,MI
90,Coal,46.5789,-87.395,1769,MI
90,Coal,46.5789,-87.395,1769,MI
90,Coal,46.5789,-87.395,1769,MI
90,Coal,46.5789,-87.395,1769,MI
90,Coal,46.5789,-87.395,1769,MI
11.5,Coal,45.771667,-87.063922,1771,MI
11.5,Coal,45.771667,-87.063922,1771,MI
17.9,Other,45.771667,-87.063922,1771,MI
18.7,Natural Gas,46.7553,-88.4558,1772,MI
1.1,Hydroelectric,46.7261,-88.6625,1773,MI
1.1,Hydroelectric,46.7261,-88.6625,1773,MI
6,Hydroelectric,46.6964,-89.2089,1774,MI
6,Hydroelectric,46.6964,-89.2089,1774,MI
1.7,Hydroelectric,45.9472,-88.2189,1775,WI
2.5,Hydroelectric,45.9472,-88.2189,1775,WI
2.5,Hydroelectric,45.9472,-88.2189,1775,WI
3.3,Hydroelectric,45.5136,-87.8011,1776,MI
3.3,Hydroelectric,45.5136,-87.8011,1776,MI
3.3,Hydroelectric,45.5136,-87.8011,1776,MI
3.1,Hydroelectric,46.1311,-88.225,1777,MI
3,Hydroelectric,45.807956,-88.125121,1778,MI
3,Hydroelectric,45.807956,-88.125121,1778,MI
3,Hydroelectric,45.807956,-88.125121,1778,MI
5.3,Hydroelectric,45.9553,-88.1958,1780,MI
5.3,Hydroelectric,45.9553,-88.1958,1780,MI
7.5,Hydroelectric,45.990781,-88.210514,1781,MI
7.5,Hydroelectric,45.990781,-88.210514,1781,MI
1.6,Hydroelectric,45.8719,-88.0694,1784,MI
1.6,Hydroelectric,45.8719,-88.0694,1784,MI
1.6,Hydroelectric,45.8719,-88.0694,1784,MI
1.6,Hydroelectric,45.8719,-88.0694,1784,MI
1.2,Hydroelectric,45.8719,-88.0694,1784,MI
1.8,Hydroelectric,46.1592,-88.2353,1785,MI
3.3,Hydroelectric,45.482084,-87.802178,1786,MI
2.5,Hydroelectric,45.482084,-87.802178,1786,MI
3.3,Hydroelectric,45.482084,-87.802178,1786,MI
1.1,Hydroelectric,45.3547,-87.6494,1787,MI
1.1,Hydroelectric,45.3547,-87.6494,1787,MI
1.5,Hydroelectric,45.3547,-87.6494,1787,MI
1.9,Hydroelectric,45.3547,-87.6494,1787,MI
1.9,Hydroelectric,45.3547,-87.6494,1787,MI
0.5,Other,42.0725,-83.9714,1818,MI
0.5,Other,42.0725,-83.9714,1818,MI
0.4,Other,42.0725,-83.9714,1818,MI
0.4,Other,42.0725,-83.9714,1818,MI
0.4,Other,42.0725,-83.9714,1818,MI
2,Natural Gas,42.0725,-83.9714,1818,MI
0.7,Other,41.932216,-84.99545,1819,MI
3.5,Natural Gas,41.932216,-84.99545,1819,MI
2.5,Other,41.932216,-84.99545,1819,MI
6,Natural Gas,41.932216,-84.99545,1819,MI
0.3,Hydroelectric,46.106278,-88.334531,1821,MI
0.3,Hydroelectric,46.106278,-88.334531,1821,MI
0.4,Hydroelectric,46.106278,-88.334531,1821,MI
44,Natural Gas,42.3039,-83.0903,1822,MI
50,Natural Gas,42.3039,-83.0903,1822,MI
60,Natural Gas,42.3039,-83.0903,1822,MI
35,Other,42.3039,-83.0903,1822,MI
1.1,Other,41.9795592,-86.1134999,1823,MI
0.6,Other,41.9795592,-86.1134999,1823,MI
1.1,Other,41.9795592,-86.1134999,1823,MI
1.1,Other,41.9795592,-86.1134999,1823,MI
10,Coal,43.0706,-86.235,1825,MI
65,Coal,43.0706,-86.235,1825,MI
7,Natural Gas,43.1006,-86.41,1826,MI
2.7,Other,43.1006,-86.41,1826,MI
3,Other,43.1006,-86.41,1826,MI
2.7,Natural Gas,43.1006,-86.41,1826,MI
5.5,Other,43.1006,-86.41,1826,MI
0.6,Other,43.7067,-86.4367,1827,MI
1.4,Natural Gas,43.7067,-86.4367,1827,MI
1.7,Other,43.7067,-86.4367,1827,MI
2,Other,43.7067,-86.4367,1827,MI
2.7,Other,41.9061,-84.6319,1829,MI
3.5,Natural Gas,41.9061,-84.6319,1829,MI
4.1,Natural Gas,41.9061,-84.6319,1829,MI
5.6,Natural Gas,41.9061,-84.6319,1829,MI
6,Natural Gas,41.9061,-84.6319,1829,MI
11.5,Coal,42.7956,-86.1133,1830,MI
22,Coal,42.7956,-86.1133,1830,MI
29.3,Coal,42.7956,-86.1133,1830,MI
44,Coal,42.71839,-84.55808,1831,MI
44,Coal,42.71839,-84.55808,1831,MI
47,Coal,42.71839,-84.55808,1831,MI
80,Coal,42.71839,-84.55808,1831,MI
80,Coal,42.71839,-84.55808,1831,MI
80,Coal,42.71839,-84.55808,1831,MI
154.7,Coal,42.692222,-84.657222,1832,MI
1.1,Natural Gas,42.935,-85.3378,1837,MI
1.1,Natural Gas,42.935,-85.3378,1837,MI
1.4,Natural Gas,42.935,-85.3378,1837,MI
24,Other,46.575965,-87.403579,1840,MI
1.6,Hydroelectric,46.571639,-87.410455,1842,MI
1.6,Hydroelectric,46.571639,-87.410455,1842,MI
12.5,Coal,46.530598,-87.392206,1843,MI
21,Coal,46.530598,-87.392206,1843,MI
44,Coal,46.530598,-87.392206,1843,MI
0.1,Hydroelectric,42.2717,-84.9411,1844,MI
0.1,Hydroelectric,42.2717,-84.9411,1844,MI
1.1,Natural Gas,42.2717,-84.9411,1844,MI
2.1,Natural Gas,42.2717,-84.9411,1844,MI
1,Other,42.2717,-84.9411,1844,MI
1.7,Natural Gas,42.2717,-84.9411,1844,MI
5.7,Natural Gas,42.2717,-84.9411,1844,MI
3,Other,46.5933,-85.8183,1846,MI
0.7,Other,46.5933,-85.8183,1846,MI
1.8,Other,46.5933,-85.8183,1846,MI
2,Hydroelectric,45.7889,-87.9058,1848,MI
1.2,Hydroelectric,45.7889,-87.9058,1848,MI
1.2,Hydroelectric,45.7889,-87.9058,1848,MI
1.2,Hydroelectric,45.7889,-87.9058,1848,MI
0.3,Other,42.8644,-84.9031,1851,MI
0.8,Other,42.8644,-84.9031,1851,MI
2,Other,42.8644,-84.9031,1851,MI
1,Other,42.8644,-84.9031,1851,MI
1.3,Other,43.4019,-84.6014,1852,MI
0.6,Other,43.4019,-84.6014,1852,MI
0.9,Other,43.4019,-84.6014,1852,MI
0.2,Hydroelectric,43.4019,-84.6014,1852,MI
1.1,Other,43.4019,-84.6014,1852,MI
1.5,Other,43.4019,-84.6014,1852,MI
1.3,Other,43.4019,-84.6014,1852,MI
1,Natural Gas,43.7289,-83.4367,1853,MI
0.9,Other,43.7289,-83.4367,1853,MI
1.1,Natural Gas,43.7289,-83.4367,1853,MI
1.3,Natural Gas,43.7289,-83.4367,1853,MI
1.1,Natural Gas,43.7289,-83.4367,1853,MI
0.6,Natural Gas,43.7289,-83.4367,1853,MI
1,Other,41.7992,-85.4256,1855,MI
1,Other,41.7992,-85.4256,1855,MI
1,Other,41.7992,-85.4256,1855,MI
1,Other,41.7992,-85.4256,1855,MI
6,Natural Gas,41.7992,-85.4256,1855,MI
0.4,Hydroelectric,41.9711,-85.5381,1856,MI
0.4,Hydroelectric,41.9711,-85.5381,1856,MI
0.7,Hydroelectric,41.9711,-85.5381,1856,MI
0.7,Hydroelectric,41.9711,-85.5381,1856,MI
2.5,Coal,44.7664551,-85.62547,1859,MI
7.5,Coal,44.7664551,-85.62547,1859,MI
14,Coal,44.7664551,-85.62547,1859,MI
4.8,Hydroelectric,46.50625,-84.349267,1865,MI
4.8,Hydroelectric,46.50625,-84.349267,1865,MI
4.8,Hydroelectric,46.50625,-84.349267,1865,MI
2,Hydroelectric,46.50625,-84.349267,1865,MI
2,Hydroelectric,46.50625,-84.349267,1865,MI
11.5,Coal,42.2081,-83.1453,1866,MI
22,Coal,42.2081,-83.1453,1866,MI
7.5,Coal,42.2081,-83.1453,1866,MI
32,Coal,42.2081,-83.1453,1866,MI
1.4,Natural Gas,42.8067,-86.0558,1867,MI
1.1,Natural Gas,42.8067,-86.0558,1867,MI
2,Natural Gas,42.8067,-86.0558,1867,MI
1.7,Natural Gas,42.8067,-86.0558,1867,MI
4.5,Natural Gas,42.8067,-86.0558,1867,MI
5.6,Natural Gas,42.8067,-86.0558,1867,MI
6,Natural Gas,42.8067,-86.0558,1867,MI
1,Other,46.3292,-84.3847,1868,MI
1,Other,46.3292,-84.3847,1868,MI
1,Other,46.3292,-84.3847,1868,MI
3,Other,46.3292,-84.3847,1868,MI
3,Other,46.3292,-84.3847,1868,MI
0.7,Hydroelectric,45.391984,-84.333257,1871,MI
0.7,Hydroelectric,45.391984,-84.333257,1871,MI
1.3,Other,45.36282,-84.29497,1873,MI
1.3,Other,45.36282,-84.29497,1873,MI
21.3,Other,45.36282,-84.29497,1873,MI
1.3,Other,45.36282,-84.29497,1873,MI
1.3,Other,43.4878,-83.3881,1874,MI
1.3,Other,43.4878,-83.3881,1874,MI
1.3,Other,43.4878,-83.3881,1874,MI
1.5,Other,43.4878,-83.3881,1874,MI
2,Other,43.4878,-83.3881,1874,MI
2,Other,43.4878,-83.3881,1874,MI
0.6,Other,43.6806,-82.9478,1875,MI
0.7,Other,43.6806,-82.9478,1875,MI
0.7,Other,43.6806,-82.9478,1875,MI
0.9,Other,43.6806,-82.9478,1875,MI
1.5,Other,43.6806,-82.9478,1875,MI
1.5,Natural Gas,43.6806,-82.9478,1875,MI
2.5,Other,43.6806,-82.9478,1875,MI
2.5,Other,43.6806,-82.9478,1875,MI
1.5,Other,43.6806,-82.9478,1875,MI
0.7,Natural Gas,43.8393,-85.426,1877,MI
0.7,Natural Gas,43.8393,-85.426,1877,MI
1.1,Natural Gas,43.8393,-85.426,1877,MI
2.5,Natural Gas,43.8393,-85.426,1877,MI
2.5,Natural Gas,43.8393,-85.426,1877,MI
2.5,Natural Gas,43.8393,-85.426,1877,MI
11,Natural Gas,43.8393,-85.426,1877,MI
11,Natural Gas,43.8393,-85.426,1877,MI
25,Natural Gas,43.8393,-85.426,1877,MI
25,Natural Gas,43.8393,-85.426,1877,MI
1,Other,43.8393,-85.426,1877,MI
1.1,Other,43.955128,-86.2952302,1879,MI
1.1,Other,43.955128,-86.2952302,1879,MI
1.9,Other,43.955128,-86.2952302,1879,MI
3.5,Natural Gas,42.731,-85.8551,1880,MI
23,Natural Gas,42.731,-85.8551,1880,MI
24.8,Natural Gas,42.731,-85.8551,1880,MI
0.3,Other,43.4016,-84.9141,1881,MI
0.7,Other,43.4016,-84.9141,1881,MI
0.7,Other,43.4016,-84.9141,1881,MI
3,Other,43.4016,-84.9141,1881,MI
3,Other,43.4016,-84.9141,1881,MI
23.7,Natural Gas,43.4016,-84.9141,1881,MI
11.5,Natural Gas,43.6728,-94.7075,1888,MN
11.5,Natural Gas,43.6728,-94.7075,1888,MN
81.6,Natural Gas,43.6728,-94.7075,1888,MN
29.4,Other,43.6728,-94.7075,1888,MN
2,Other,43.528874,-96.364722,1889,MN
2,Other,43.528874,-96.364722,1889,MN
58,Coal,47.5306,-92.1619,1891,MN
58,Coal,47.5306,-92.1619,1891,MN
6,Hydroelectric,45.8614,-94.3592,1892,MN
6,Hydroelectric,45.8614,-94.3592,1892,MN
6,Hydroelectric,45.8614,-94.3592,1892,MN
75,Coal,47.2611,-93.6528,1893,MN
75,Coal,47.2611,-93.6528,1893,MN
364.5,Coal,47.2611,-93.6528,1893,MN
558,Coal,47.2611,-93.6528,1893,MN
0.8,Other,47.2611,-93.6528,1893,MN
12,Hydroelectric,46.666768,-92.293897,1894,MN
0.8,Hydroelectric,46.726627,-92.448619,1895,MN
0.8,Hydroelectric,46.726627,-92.448619,1895,MN
0.8,Hydroelectric,46.726627,-92.448619,1895,MN
0.8,Hydroelectric,45.975013,-94.369094,1896,MN
0.8,Hydroelectric,45.975013,-94.369094,1896,MN
1,Hydroelectric,45.975013,-94.369094,1896,MN
1.2,Hydroelectric,45.975013,-94.369094,1896,MN
0.4,Hydroelectric,45.975013,-94.369094,1896,MN
0.4,Hydroelectric,45.975013,-94.369094,1896,MN
25,Other,46.735331,-92.151711,1897,MN
25,Other,46.735331,-92.151711,1897,MN
35.3,Other,46.735331,-92.151711,1897,MN
37.5,Other,46.735331,-92.151711,1897,MN
0.8,Hydroelectric,46.316033,-94.484944,1898,MN
0.8,Hydroelectric,46.316033,-94.484944,1898,MN
0.4,Hydroelectric,46.709126,-92.421733,1899,MN
0.4,Hydroelectric,46.709126,-92.421733,1899,MN
0.4,Hydroelectric,46.709126,-92.421733,1899,MN
0.4,Hydroelectric,46.709126,-92.421733,1899,MN
0.6,Hydroelectric,46.305,-94.3775,1900,MN
0.6,Hydroelectric,46.305,-94.3775,1900,MN
0.6,Hydroelectric,46.305,-94.3775,1900,MN
13,Hydroelectric,46.655,-92.3333,1901,MN
13,Hydroelectric,46.655,-92.3333,1901,MN
13,Hydroelectric,46.655,-92.3333,1901,MN
10.8,Hydroelectric,46.655,-92.3333,1901,MN
10.8,Hydroelectric,46.655,-92.3333,1901,MN
12,Hydroelectric,46.655,-92.3333,1901,MN
2,Hydroelectric,47.9344,-91.7639,1902,MN
2,Hydroelectric,47.9344,-91.7639,1902,MN
81,Coal,44.8108,-93.2501,1904,MN
137,Natural Gas,44.8108,-93.2501,1904,MN
114,Coal,44.8108,-93.2501,1904,MN
180,Coal,44.8108,-93.2501,1904,MN
188,Natural Gas,44.8108,-93.2501,1904,MN
18,Natural Gas,45.5756,-94.1408,1910,MN
18,Natural Gas,45.5756,-94.1408,1910,MN
18,Natural Gas,45.5756,-94.1408,1910,MN
18,Natural Gas,45.5756,-94.1408,1910,MN
2.4,Hydroelectric,44.982359,-93.254163,1911,MN
2.4,Hydroelectric,44.982359,-93.254163,1911,MN
2.4,Hydroelectric,44.982359,-93.254163,1911,MN
2.4,Hydroelectric,44.982359,-93.254163,1911,MN
2.5,Hydroelectric,44.982359,-93.254163,1911,MN
113.6,Coal,44.9314,-93.1117,1912,MN
163.2,Coal,44.9314,-93.1117,1912,MN
54.4,Natural Gas,44.781,-93.042,1913,MN
54.4,Natural Gas,44.781,-93.042,1913,MN
54.4,Natural Gas,44.781,-93.042,1913,MN
54.4,Natural Gas,44.781,-93.042,1913,MN
54.4,Natural Gas,44.781,-93.042,1913,MN
54.4,Natural Gas,44.781,-93.042,1913,MN
1.2,Other,44.781,-93.042,1913,MN
1.2,Other,44.781,-93.042,1913,MN
18,Natural Gas,44.1974,-94.0078,1914,MN
18,Natural Gas,44.1974,-94.0078,1914,MN
18,Natural Gas,44.1974,-94.0078,1914,MN
18,Natural Gas,44.1974,-94.0078,1914,MN
598.4,Coal,45.03,-92.7786,1915,MN
46,Coal,44.8099575,-95.5455752,1918,MN
600,Nuclear,45.3338,-93.8493,1922,MN
593.1,Nuclear,44.622,-92.6333,1925,MN
544,Nuclear,44.622,-92.6333,1925,MN
11.5,Other,44.5692,-92.516912,1926,MN
11.5,Other,44.5692,-92.516912,1926,MN
238.8,Coal,45.0203,-93.2753,1927,MN
165,Coal,45.0203,-93.2753,1927,MN
2,Other,43.988333,-96.169167,1929,MN
2,Other,43.988333,-96.169167,1929,MN
2,Other,43.988333,-96.169167,1929,MN
2,Other,43.988333,-96.169167,1929,MN
2,Other,43.988333,-96.169167,1929,MN
2,Other,43.988333,-96.169167,1929,MN
16.2,Natural Gas,44.2689008,-93.283946,1932,MN
16.2,Natural Gas,44.2689008,-93.283946,1932,MN
12.5,Other,44.1967,-94.0009,1934,MN
12.5,Other,44.1967,-94.0009,1934,MN
7.5,Coal,46.290641,-96.043252,1943,MN
54.4,Coal,46.290641,-96.043252,1943,MN
75,Coal,46.290641,-96.043252,1943,MN
0.2,Other,46.290641,-96.043252,1943,MN
0.1,Other,46.290641,-96.043252,1943,MN
1,Hydroelectric,46.290641,-96.043252,1943,MN
0.4,Other,43.639167,-95.943611,1956,MN
0.6,Other,43.639167,-95.943611,1956,MN
0.1,Other,46.5330129,-93.7102493,1957,MN
0.8,Other,46.5330129,-93.7102493,1957,MN
1.2,Other,46.5330129,-93.7102493,1957,MN
1.2,Other,45.889167,-95.379722,1958,MN
4,Other,45.889167,-95.379722,1958,MN
4,Other,45.889167,-95.379722,1958,MN
5,Natural Gas,43.670638,-92.969284,1960,MN
3.5,Natural Gas,43.670638,-92.969284,1960,MN
7.5,Natural Gas,43.670638,-92.969284,1960,MN
11.5,Natural Gas,43.670638,-92.969284,1960,MN
6,Natural Gas,43.670638,-92.969284,1960,MN
31.9,Coal,43.7014,-92.9626,1961,MN
1.1,Other,48.7124736,-94.5999299,1963,MN
0.2,Other,48.7124736,-94.5999299,1963,MN
0.3,Other,48.7124736,-94.5999299,1963,MN
0.3,Other,48.7124736,-94.5999299,1963,MN
0.9,Other,45.314444,-95.602777,1964,MN
1.3,Other,45.314444,-95.602777,1964,MN
1.8,Other,45.314444,-95.602777,1964,MN
1.8,Other,45.314444,-95.602777,1964,MN
1.8,Other,45.314444,-95.602777,1964,MN
1.8,Other,45.314444,-95.602777,1964,MN
1.8,Other,45.314444,-95.602777,1964,MN
0.3,Other,43.9225,-93.1247,1966,MN
0.7,Other,43.9225,-93.1247,1966,MN
1.4,Other,43.9225,-93.1247,1966,MN
1.2,Other,43.9225,-93.1247,1966,MN
2.3,Other,43.9225,-93.1247,1966,MN
1.5,Other,43.6375,-94.101667,1967,MN
1.6,Other,43.6375,-94.101667,1967,MN
1.6,Other,43.6375,-94.101667,1967,MN
1.6,Other,43.6375,-94.101667,1967,MN
1.8,Other,43.6375,-94.101667,1967,MN
1.1,Other,45.041378,-93.790522,1969,MN
1.1,Natural Gas,45.041378,-93.790522,1969,MN
1.3,Natural Gas,45.041378,-93.790522,1969,MN
0.8,Other,45.041378,-93.790522,1969,MN
1.2,Other,45.041378,-93.790522,1969,MN
3,Other,45.041378,-93.790522,1969,MN
3.1,Other,45.041378,-93.790522,1969,MN
12.5,Natural Gas,45.041378,-93.790522,1969,MN
12.5,Other,46.8175,-95.843333,1970,MN
0.5,Other,45.3158,-93.5781,1971,MN
0.5,Other,45.3158,-93.5781,1971,MN
3,Other,45.3158,-93.5781,1971,MN
5,Other,45.3158,-93.5781,1971,MN
0.9,Other,44.5278,-94.7217,1972,MN
0.6,Other,44.5278,-94.7217,1972,MN
2,Other,44.5278,-94.7217,1972,MN
5,Natural Gas,43.6579,-94.4647,1973,MN
5,Natural Gas,43.6579,-94.4647,1973,MN
12.5,Natural Gas,43.6579,-94.4647,1973,MN
6.5,Other,43.6579,-94.4647,1973,MN
6.5,Other,43.6579,-94.4647,1973,MN
1,Wind,43.6579,-94.4647,1973,MN
1,Wind,43.6579,-94.4647,1973,MN
1.7,Wind,43.6579,-94.4647,1973,MN
1.3,Natural Gas,44.7709,-94.1582,1975,MN
1.3,Natural Gas,44.7709,-94.1582,1975,MN
4.1,Natural Gas,44.7709,-94.1582,1975,MN
5.6,Natural Gas,44.7709,-94.1582,1975,MN
7.1,Natural Gas,44.7709,-94.1582,1975,MN
7,Other,44.7709,-94.1582,1975,MN
4.8,Other,44.7709,-94.1582,1975,MN
4.8,Other,44.7709,-94.1582,1975,MN
0.6,Other,47.7758,-90.3392,1976,MN
0.1,Other,47.7758,-90.3392,1976,MN
1.1,Other,47.7758,-90.3392,1976,MN
1.2,Other,47.7758,-90.3392,1976,MN
2.7,Other,47.7758,-90.3392,1976,MN
2,Other,47.7758,-90.3392,1976,MN
2,Other,47.7758,-90.3392,1976,MN
0.3,Hydroelectric,44.811685,-95.53455,1977,MN
0.2,Hydroelectric,44.811685,-95.53455,1977,MN
0.8,Hydroelectric,44.811685,-95.53455,1977,MN
0.1,Other,46.8801034,-96.3169401,1978,MN
0.6,Other,46.8801034,-96.3169401,1978,MN
0.1,Other,46.8801034,-96.3169401,1978,MN
0.3,Other,46.8801034,-96.3169401,1978,MN
0.3,Other,46.8801034,-96.3169401,1978,MN
10,Coal,47.4294,-92.935,1979,MN
19.5,Coal,47.4294,-92.935,1979,MN
6.4,Coal,47.4294,-92.935,1979,MN
2,Natural Gas,44.895741,-94.368433,1980,MN
4.5,Natural Gas,44.895741,-94.368433,1980,MN
4,Natural Gas,44.895741,-94.368433,1980,MN
2.1,Other,44.895741,-94.368433,1980,MN
2.1,Other,44.895741,-94.368433,1980,MN
5,Natural Gas,44.895741,-94.368433,1980,MN
16,Natural Gas,44.895741,-94.368433,1980,MN
1.1,Other,44.1122,-93.6944,1982,MN
1.3,Other,44.1122,-93.6944,1982,MN
0.7,Other,44.1122,-93.6944,1982,MN
1.8,Other,44.1122,-93.6944,1982,MN
1.8,Other,44.2689,-92.9714,1983,MN
1.8,Other,44.2689,-92.9714,1983,MN
1.8,Other,44.2689,-92.9714,1983,MN
0.6,Other,44.106888,-94.219697,1985,MN
2,Other,44.106888,-94.219697,1985,MN
1.2,Other,44.106888,-94.219697,1985,MN
2,Other,44.106888,-94.219697,1985,MN
0.3,Hydroelectric,43.720026,-91.977738,1987,MN
1,Other,43.720026,-91.977738,1987,MN
2.3,Other,43.720026,-91.977738,1987,MN
2.1,Other,45.115,-94.5281,1989,MN
2.1,Other,45.115,-94.5281,1989,MN
3,Natural Gas,43.654444,-96.201944,1990,MN
0.3,Other,43.654444,-96.201944,1990,MN
0.6,Other,43.654444,-96.201944,1990,MN
3.5,Other,43.654444,-96.201944,1990,MN
18,Other,44.446585,-95.792118,1993,MN
1,Other,45.675,-94.815277,1994,MN
1.1,Other,45.675,-94.815277,1994,MN
3.1,Other,45.675,-94.815277,1994,MN
3,Other,45.675,-94.815277,1994,MN
10,Other,46.853611,-96.731111,1995,MN
1.3,Other,46.4489,-92.7814,1996,MN
1.1,Other,46.4489,-92.7814,1996,MN
1.3,Other,46.4489,-92.7814,1996,MN
1.1,Natural Gas,45.8958,-93.2942,1997,MN
5.7,Natural Gas,45.8958,-93.2942,1997,MN
7,Natural Gas,45.8958,-93.2942,1997,MN
1.1,Other,43.937891,-94.930723,1998,MN
2,Other,43.937891,-94.930723,1998,MN
1.3,Other,43.937891,-94.930723,1998,MN
1.8,Other,43.937891,-94.930723,1998,MN
1.8,Other,43.937891,-94.930723,1998,MN
1.4,Natural Gas,44.5403,-93.5806,1999,MN
4.4,Natural Gas,44.5403,-93.5806,1999,MN
2.4,Natural Gas,44.5403,-93.5806,1999,MN
3.5,Natural Gas,44.5403,-93.5806,1999,MN
0.6,Natural Gas,44.5403,-93.5806,1999,MN
6,Natural Gas,44.5403,-93.5806,1999,MN
6,Natural Gas,44.3159,-94.4581,2001,MN
15,Natural Gas,44.3159,-94.4581,2001,MN
24,Other,44.3159,-94.4581,2001,MN
6,Natural Gas,44.3159,-94.4581,2001,MN
27.5,Other,44.3159,-94.4581,2001,MN
0.9,Other,45.5017,-92.9686,2002,MN
1.4,Other,45.5017,-92.9686,2002,MN
2.2,Other,45.5017,-92.9686,2002,MN
2.2,Other,45.5017,-92.9686,2002,MN
6,Natural Gas,44.0833,-93.23,2003,MN
20,Natural Gas,44.0833,-93.23,2003,MN
19,Natural Gas,44.0833,-93.23,2003,MN
0.1,Other,43.6722,-92.0847,2004,MN
0.2,Other,43.6722,-92.0847,2004,MN
0.3,Other,43.6722,-92.0847,2004,MN
0.6,Other,43.6722,-92.0847,2004,MN
1.1,Other,43.6722,-92.0847,2004,MN
2,Natural Gas,43.6722,-92.0847,2004,MN
0.1,Other,45.5731,-93.5761,2005,MN
0.1,Other,45.5731,-93.5761,2005,MN
2.4,Other,45.5731,-93.5761,2005,MN
1.2,Other,45.5731,-93.5761,2005,MN
1,Other,45.5731,-93.5761,2005,MN
2.7,Other,45.5731,-93.5761,2005,MN
5,Other,45.5731,-93.5761,2005,MN
1.3,Hydroelectric,44.212981,-92.480177,2007,MN
1.3,Hydroelectric,44.212981,-92.480177,2007,MN
8,Coal,44.02818,-92.460377,2008,MN
12,Coal,44.02818,-92.460377,2008,MN
25,Coal,44.02818,-92.460377,2008,MN
54,Coal,44.02818,-92.460377,2008,MN
0.5,Hydroelectric,44.5431,-95.1178,2009,MN
2.2,Other,44.5431,-95.1178,2009,MN
5.8,Other,44.5431,-95.1178,2009,MN
1.3,Other,48.8460926,-95.762766,2010,MN
1.1,Other,48.8460926,-95.762766,2010,MN
0.5,Other,48.8460926,-95.762766,2010,MN
1.5,Other,44.2981,-94.5744,2011,MN
1.8,Other,44.2981,-94.5744,2011,MN
1.8,Other,44.2981,-94.5744,2011,MN
1.8,Other,44.2981,-94.5744,2011,MN
2,Other,44.2981,-94.5744,2011,MN
4,Coal,44.2447,-94.9758,2012,MN
1.8,Other,44.2447,-94.9758,2012,MN
1.8,Other,44.2447,-94.9758,2012,MN
1.8,Other,44.2447,-94.9758,2012,MN
1.8,Other,44.2447,-94.9758,2012,MN
1.8,Other,44.2447,-94.9758,2012,MN
0.8,Other,43.6889,-92.3956,2013,MN
1.1,Other,43.6889,-92.3956,2013,MN
2,Other,43.6889,-92.3956,2013,MN
0.3,Hydroelectric,48.114262,-96.179176,2014,MN
0.2,Hydroelectric,48.114262,-96.179176,2014,MN
2.2,Other,48.114262,-96.179176,2014,MN
1.2,Other,48.114262,-96.179176,2014,MN
1.2,Other,48.114262,-96.179176,2014,MN
1.4,Other,48.114262,-96.179176,2014,MN
0.2,Other,43.828415,-94.436908,2015,MN
0.2,Other,43.828415,-94.436908,2015,MN
2.2,Other,43.828415,-94.436908,2015,MN
0.7,Other,43.828415,-94.436908,2015,MN
0.8,Other,43.828415,-94.436908,2015,MN
1.8,Other,43.828415,-94.436908,2015,MN
2,Other,47.018565,-91.660116,2016,MN
7.5,Coal,47.522428,-92.540951,2018,MN
18.7,Coal,47.522428,-92.540951,2018,MN
4,Coal,47.522428,-92.540951,2018,MN
1.1,Other,48.1948763,-96.7695539,2019,MN
0.5,Other,48.1948763,-96.7695539,2019,MN
0.2,Other,48.1948763,-96.7695539,2019,MN
0.2,Other,48.1948763,-96.7695539,2019,MN
1.3,Other,43.74453,-93.724129,2020,MN
1.3,Other,43.74453,-93.724129,2020,MN
1.1,Other,43.74453,-93.724129,2020,MN
2.3,Other,43.74453,-93.724129,2020,MN
2.3,Other,43.74453,-93.724129,2020,MN
0.5,Other,44.0399,-95.4429,2021,MN
0.7,Other,44.0399,-95.4429,2021,MN
2.3,Other,44.0399,-95.4429,2021,MN
18,Coal,45.121705,-95.053236,2022,MN
4,Coal,45.121705,-95.053236,2022,MN
8,Natural Gas,45.121705,-95.053236,2022,MN
1.8,Other,43.86811,-95.114444,2023,MN
1.8,Other,43.86811,-95.114444,2023,MN
1.8,Other,43.86811,-95.114444,2023,MN
3,Other,43.86811,-95.114444,2023,MN
2,Other,43.63349,-95.609234,2024,MN
2,Other,43.63349,-95.609234,2024,MN
2,Other,43.63349,-95.609234,2024,MN
2,Other,43.63349,-95.609234,2024,MN
2,Other,43.63349,-95.609234,2024,MN
2,Other,43.63349,-95.609234,2024,MN
2,Other,43.63349,-95.609234,2024,MN
29.4,Other,45.601,-93.2081,2038,MN
9.8,Other,45.296797,-93.558447,2039,MN
9.8,Other,45.296797,-93.558447,2039,MN
19.2,Other,45.296797,-93.558447,2039,MN
29.4,Other,45.229073,-94.009673,2042,MN
22.5,Natural Gas,31.3294,-89.2681,2046,MS
22.5,Natural Gas,31.3294,-89.2681,2046,MS
22.5,Natural Gas,31.3294,-89.2681,2046,MS
18.1,Natural Gas,30.34,-88.4919,2047,MS
18.1,Natural Gas,30.34,-88.4919,2047,MS
18.1,Natural Gas,30.34,-88.4919,2047,MS
18.1,Natural Gas,30.34,-88.4919,2047,MS
74.5,Natural Gas,30.34,-88.4919,2047,MS
40,Natural Gas,32.2925,-88.7461,2048,MS
40,Natural Gas,32.2925,-88.7461,2048,MS
39.4,Natural Gas,32.2925,-88.7461,2048,MS
75,Natural Gas,30.4392,-89.0286,2049,MS
75,Natural Gas,30.4392,-89.0286,2049,MS
112,Natural Gas,30.4392,-89.0286,2049,MS
250,Coal,30.4392,-89.0286,2049,MS
500,Coal,30.4392,-89.0286,2049,MS
39.3,Natural Gas,30.4392,-89.0286,2049,MS
544.6,Natural Gas,32.2831,-90.9306,2050,MS
783,Natural Gas,32.2831,-90.9306,2050,MS
112.5,Natural Gas,33.7947,-90.7139,2051,MS
112.5,Natural Gas,33.7947,-90.7139,2051,MS
75,Natural Gas,31.6009138,-91.3477365,2052,MS
34.5,Natural Gas,32.356954,-90.21297,2053,MS
66,Natural Gas,32.356954,-90.21297,2053,MS
238.7,Natural Gas,32.356954,-90.21297,2053,MS
10,Other,32.356954,-90.21297,2053,MS
6,Natural Gas,34.1845,-90.562662,2059,MS
7.5,Natural Gas,34.1845,-90.562662,2059,MS
16.2,Natural Gas,34.1845,-90.562662,2059,MS
25.5,Natural Gas,34.1845,-90.562662,2059,MS
4,Natural Gas,34.2017489,-90.5705468,2060,MS
9,Natural Gas,34.2017489,-90.5705468,2060,MS
12.6,Coal,33.517315,-90.209661,2062,MS
20,Coal,33.517315,-90.209661,2062,MS
1.3,Natural Gas,33.517315,-90.209661,2062,MS
1.3,Natural Gas,33.517315,-90.209661,2062,MS
13.5,Natural Gas,33.517315,-90.209661,2062,MS
1.8,Other,33.517315,-90.209661,2062,MS
1.8,Other,33.517315,-90.209661,2062,MS
1.8,Other,33.517315,-90.209661,2062,MS
1.8,Other,33.517315,-90.209661,2062,MS
1.8,Other,33.517315,-90.209661,2062,MS
1.3,Natural Gas,33.517315,-90.209661,2062,MS
7.5,Natural Gas,33.516583,-90.183337,2063,MS
5,Natural Gas,33.516583,-90.183337,2063,MS
5,Natural Gas,33.516583,-90.183337,2063,MS
5,Natural Gas,32.8458,-90.4211,2067,MS
12.6,Natural Gas,32.8458,-90.4211,2067,MS
16.5,Natural Gas,32.8458,-90.4211,2067,MS
16.2,Natural Gas,30.8889,-88.8054,2068,MS
59,Natural Gas,31.528,-89.3004,2070,MS
59,Natural Gas,31.528,-89.3004,2070,MS
59,Natural Gas,31.528,-89.3004,2070,MS
83,Natural Gas,31.528,-89.3004,2070,MS
20,Other,32.030155,-89.08555,2071,MS
212.8,Coal,37.361315,-94.58926,2076,MO
18.7,Coal,37.361315,-94.58926,2076,MO
43,Natural Gas,39.1119549,-94.5800586,2078,MO
40.2,Natural Gas,39.1119549,-94.5800586,2078,MO
594.3,Coal,39.1306,-94.4778,2079,MO
164,Natural Gas,39.1306,-94.4778,2079,MO
85,Natural Gas,39.1306,-94.4778,2079,MO
85,Natural Gas,39.1306,-94.4778,2079,MO
142.8,Natural Gas,39.1306,-94.4778,2079,MO
188,Coal,38.3114,-93.9348,2080,MO
188,Coal,38.3114,-93.9348,2080,MO
188,Coal,38.3114,-93.9348,2080,MO
50,Other,39.1228,-94.5606,2081,MO
64,Other,39.1228,-94.5606,2081,MO
50,Other,39.1228,-94.5606,2081,MO
64,Other,39.1228,-94.5606,2081,MO
64,Other,39.1228,-94.5606,2081,MO
64,Other,39.1228,-94.5606,2081,MO
64,Other,39.1228,-94.5606,2081,MO
64,Other,39.1228,-94.5606,2081,MO
2,Other,39.1228,-94.5606,2081,MO
68.3,Other,38.5935,-92.2206,2082,MO
15,Natural Gas,40.224525,-92.584928,2083,MO
22,Other,37.836922,-94.359082,2090,MO
74,Natural Gas,38.78758,-94.277689,2092,MO
55,Coal,39.178319,-94.184445,2094,MO
50,Coal,39.178319,-94.184445,2094,MO
419,Coal,39.178319,-94.184445,2094,MO
30.6,Natural Gas,37.2644095,-89.5641053,2096,MO
23,Natural Gas,39.7246,-94.8773,2098,MO
25,Natural Gas,39.7246,-94.8773,2098,MO
12.5,Natural Gas,39.7246,-94.8773,2098,MO
90,Coal,39.7246,-94.8773,2098,MO
85,Natural Gas,39.7246,-94.8773,2098,MO
18.9,Other,39.7246,-94.8773,2098,MO
18.9,Other,39.7246,-94.8773,2098,MO
1.5,Hydroelectric,37.9385,-92.847701,2099,MO
1.5,Hydroelectric,37.9385,-92.847701,2099,MO
47.4,Other,38.681797,-90.540048,2102,MO
573.7,Coal,38.562244,-90.837686,2103,MO
573.7,Coal,38.562244,-90.837686,2103,MO
621,Coal,38.562244,-90.837686,2103,MO
621,Coal,38.562244,-90.837686,2103,MO
137.5,Coal,38.4017,-90.3358,2104,MO
137.5,Coal,38.4017,-90.3358,2104,MO
289,Coal,38.4017,-90.3358,2104,MO
359,Coal,38.4017,-90.3358,2104,MO
62,Other,38.4017,-90.3358,2104,MO
56,Natural Gas,38.4017,-90.3358,2104,MO
27.5,Hydroelectric,38.2044,-92.6239,2106,MO
27.5,Hydroelectric,38.2044,-92.6239,2106,MO
27.5,Hydroelectric,38.2044,-92.6239,2106,MO
27.5,Hydroelectric,38.2044,-92.6239,2106,MO
27.5,Hydroelectric,38.2044,-92.6239,2106,MO
27.5,Hydroelectric,38.2044,-92.6239,2106,MO
21.5,Hydroelectric,38.2044,-92.6239,2106,MO
21.5,Hydroelectric,38.2044,-92.6239,2106,MO
549.7,Coal,38.915479,-90.290247,2107,MO
549.7,Coal,38.915479,-90.290247,2107,MO
204,Hydroelectric,37.520833,-90.834722,2108,MO
204,Hydroelectric,37.520833,-90.834722,2108,MO
2.1,Other,40.2478,-94.3303,2113,MO
1,Other,40.2478,-94.3303,2113,MO
0.7,Other,40.2478,-94.3303,2113,MO
1.2,Other,40.2478,-94.3303,2113,MO
1.2,Other,40.2478,-94.3303,2113,MO
0.8,Other,40.2619,-94.0403,2114,MO
1.8,Other,40.2619,-94.0403,2114,MO
1.8,Other,40.2619,-94.0403,2114,MO
0.9,Other,40.2619,-94.0403,2114,MO
1.1,Other,40.2619,-94.0403,2114,MO
1.6,Other,40.2619,-94.0403,2114,MO
0.8,Other,38.264408,-94.344385,2115,MO
1.4,Other,38.264408,-94.344385,2115,MO
1.4,Other,38.264408,-94.344385,2115,MO
1.5,Other,38.264408,-94.344385,2115,MO
2,Other,38.264408,-94.344385,2115,MO
2,Other,38.264408,-94.344385,2115,MO
2,Other,38.264408,-94.344385,2115,MO
2,Other,38.264408,-94.344385,2115,MO
0.5,Other,36.4933927,-90.0750949,2118,MO
1.1,Other,36.4933927,-90.0750949,2118,MO
0.3,Other,36.4933927,-90.0750949,2118,MO
1.3,Other,36.4933927,-90.0750949,2118,MO
1.6,Other,36.4933927,-90.0750949,2118,MO
1.7,Other,36.4933927,-90.0750949,2118,MO
0.3,Other,39.3617,-93.4956,2120,MO
0.3,Other,39.3617,-93.4956,2120,MO
1.8,Natural Gas,39.3617,-93.4956,2120,MO
0.8,Natural Gas,39.3617,-93.4956,2120,MO
0.9,Natural Gas,39.3617,-93.4956,2120,MO
1.1,Natural Gas,39.3617,-93.4956,2120,MO
2.5,Natural Gas,39.3617,-93.4956,2120,MO
4.1,Natural Gas,39.3617,-93.4956,2120,MO
4.1,Natural Gas,39.3617,-93.4956,2120,MO
6.1,Natural Gas,39.3617,-93.4956,2120,MO
2,Other,39.3617,-93.4956,2120,MO
2.5,Natural Gas,37.1653,-94.3089,2121,MO
3,Natural Gas,37.1653,-94.3089,2121,MO
3.3,Natural Gas,37.1653,-94.3089,2121,MO
5,Natural Gas,37.1653,-94.3089,2121,MO
7,Natural Gas,37.1653,-94.3089,2121,MO
4.5,Natural Gas,37.1653,-94.3089,2121,MO
4.5,Natural Gas,37.1653,-94.3089,2121,MO
6,Natural Gas,37.1653,-94.3089,2121,MO
6,Natural Gas,37.1653,-94.3089,2121,MO
5,Coal,39.783388,-93.564112,2122,MO
6,Coal,39.783388,-93.564112,2122,MO
2.5,Coal,39.783388,-93.564112,2122,MO
2,Other,39.783388,-93.564112,2122,MO
2,Other,39.783388,-93.564112,2122,MO
2,Other,39.783388,-93.564112,2122,MO
2,Other,39.783388,-93.564112,2122,MO
2,Other,39.783388,-93.564112,2122,MO
40,Natural Gas,39.783388,-93.564112,2122,MO
40,Natural Gas,39.783388,-93.564112,2122,MO
16.5,Coal,38.964646,-92.316768,2123,MO
12.5,Natural Gas,38.964646,-92.316768,2123,MO
22,Coal,38.964646,-92.316768,2123,MO
35,Natural Gas,38.964646,-92.316768,2123,MO
2,Other,38.964646,-92.316768,2123,MO
1.3,Other,38.964646,-92.316768,2123,MO
1.3,Other,38.964646,-92.316768,2123,MO
2,Other,38.964646,-92.316768,2123,MO
2,Other,38.964646,-92.316768,2123,MO
45.2,Hydroelectric,37.6936,-93.7691,2124,MO
3.5,Other,39.1406,-92.68,2125,MO
3.5,Other,39.1406,-92.68,2125,MO
2.8,Other,39.1406,-92.68,2125,MO
1.1,Other,39.1406,-92.68,2125,MO
21.2,Natural Gas,38.868095,-91.94778,2126,MO
5,Other,38.868095,-91.94778,2126,MO
5,Other,38.868095,-91.94778,2126,MO
7,Other,38.868095,-91.94778,2126,MO
1.1,Other,39.9144,-93.9619,2127,MO
1.1,Other,39.9144,-93.9619,2127,MO
2.5,Other,39.9144,-93.9619,2127,MO
2.5,Other,39.9144,-93.9619,2127,MO
0.8,Other,39.073315,-93.714748,2131,MO
1.7,Other,39.073315,-93.714748,2131,MO
2.4,Other,39.073315,-93.714748,2131,MO
40,Natural Gas,39.073315,-93.714748,2131,MO
1.2,Other,39.073315,-93.714748,2131,MO
5.5,Other,39.073315,-93.714748,2131,MO
25,Coal,39.0919,-94.3261,2132,MO
65,Coal,39.0919,-94.3261,2132,MO
61,Natural Gas,39.0919,-94.3261,2132,MO
25,Coal,39.0919,-94.3261,2132,MO
18,Other,39.094574,-94.411522,2134,MO
18,Other,39.094574,-94.411522,2134,MO
19,Natural Gas,39.1067,-94.3804,2135,MO
24,Natural Gas,39.1067,-94.3804,2135,MO
19,Other,39.055954,-94.392957,2136,MO
19,Other,39.055954,-94.392957,2136,MO
1,Other,37.3847,-89.6606,2137,MO
1,Other,37.3847,-89.6606,2137,MO
1,Other,37.3847,-89.6606,2137,MO
1,Other,37.3847,-89.6606,2137,MO
0.7,Other,37.3847,-89.6606,2137,MO
1,Other,37.3847,-89.6606,2137,MO
6.8,Other,37.3847,-89.6606,2137,MO
6.8,Other,37.3847,-89.6606,2137,MO
3,Other,37.3847,-89.6606,2137,MO
0.2,Other,40.4225,-91.7206,2138,MO
0.7,Other,40.4225,-91.7206,2138,MO
0.8,Natural Gas,40.4225,-91.7206,2138,MO
1.5,Natural Gas,40.4225,-91.7206,2138,MO
0.9,Natural Gas,40.4225,-91.7206,2138,MO
1.1,Other,40.4225,-91.7206,2138,MO
1.1,Other,40.4225,-91.7206,2138,MO
1.1,Other,40.4225,-91.7206,2138,MO
0.4,Other,36.2431,-90.0495,2139,MO
0.4,Other,36.2431,-90.0495,2139,MO
0.8,Other,36.2431,-90.0495,2139,MO
2.5,Natural Gas,36.2431,-90.0495,2139,MO
1.4,Other,36.2431,-90.0495,2139,MO
2,Natural Gas,36.2431,-90.0495,2139,MO
2.5,Natural Gas,36.2431,-90.0495,2139,MO
3.1,Natural Gas,36.2431,-90.0495,2139,MO
6.2,Natural Gas,36.2431,-90.0495,2139,MO
6.2,Natural Gas,36.2431,-90.0495,2139,MO
6.2,Natural Gas,36.2431,-90.0495,2139,MO
6.4,Natural Gas,36.2431,-90.0495,2139,MO
6.4,Natural Gas,36.2431,-90.0495,2139,MO
0.9,Other,40.0122,-92.5075,2140,MO
1,Other,40.0122,-92.5075,2140,MO
1,Other,40.0122,-92.5075,2140,MO
1,Other,40.0122,-92.5075,2140,MO
1,Other,40.0122,-92.5075,2140,MO
5.2,Other,39.7378,-92.4689,2141,MO
5,Other,39.7378,-92.4689,2141,MO
1,Other,39.7378,-92.4689,2141,MO
1.4,Natural Gas,36.5531,-89.9682,2142,MO
1.4,Natural Gas,36.5531,-89.9682,2142,MO
2,Natural Gas,36.5531,-89.9682,2142,MO
2.8,Natural Gas,36.5531,-89.9682,2142,MO
4.3,Natural Gas,36.5531,-89.9682,2142,MO
1.8,Other,36.5531,-89.9682,2142,MO
1.8,Other,36.5531,-89.9682,2142,MO
1.8,Other,36.5531,-89.9682,2142,MO
4,Natural Gas,39.1228,-93.2064,2144,MO
6,Coal,39.1228,-93.2064,2144,MO
16.5,Coal,39.1228,-93.2064,2144,MO
1,Other,39.1228,-93.2064,2144,MO
1,Other,39.1228,-93.2064,2144,MO
1,Other,39.1228,-93.2064,2144,MO
6.3,Natural Gas,39.1228,-93.2064,2144,MO
6.3,Natural Gas,39.1228,-93.2064,2144,MO
15.2,Natural Gas,39.1228,-93.2064,2144,MO
0.6,Other,40.375,-92.125,2145,MO
0.2,Other,40.375,-92.125,2145,MO
0.9,Other,40.375,-92.125,2145,MO
1.1,Other,40.375,-92.125,2145,MO
1.3,Other,40.375,-92.125,2145,MO
1.3,Other,40.375,-92.125,2145,MO
1,Other,40.375,-92.125,2145,MO
1,Other,40.375,-92.125,2145,MO
0.4,Other,40.375,-92.125,2145,MO
1,Other,40.375,-92.125,2145,MO
0.7,Other,39.6525,-91.7994,2146,MO
1.3,Other,39.6525,-91.7994,2146,MO
1.1,Natural Gas,39.6525,-91.7994,2146,MO
1.1,Natural Gas,39.6525,-91.7994,2146,MO
2,Other,39.6525,-91.7994,2146,MO
2,Natural Gas,39.6525,-91.7994,2146,MO
2.2,Natural Gas,39.6525,-91.7994,2146,MO
1.6,Other,39.6525,-91.7994,2146,MO
1.6,Other,39.6525,-91.7994,2146,MO
1.6,Other,39.6525,-91.7994,2146,MO
1.8,Other,39.6525,-91.7994,2146,MO
1.8,Other,39.6525,-91.7994,2146,MO
0.2,Other,38.997852,-93.965656,2148,MO
2,Other,38.997852,-93.965656,2148,MO
1.2,Other,38.997852,-93.965656,2148,MO
3,Other,38.997852,-93.965656,2148,MO
0.9,Other,38.997852,-93.965656,2148,MO
1.3,Other,38.3361,-91.4964,2149,MO
1.8,Other,38.3361,-91.4964,2149,MO
1.8,Other,38.3361,-91.4964,2149,MO
1.3,Other,38.3361,-91.4964,2149,MO
1.8,Other,38.3361,-91.4964,2149,MO
1.8,Other,38.3361,-91.4964,2149,MO
0.5,Other,39.7961,-91.5556,2150,MO
1.5,Other,39.7961,-91.5556,2150,MO
0.8,Other,39.7961,-91.5556,2150,MO
2,Other,39.7961,-91.5556,2150,MO
2,Other,39.7961,-91.5556,2150,MO
0.2,Other,38.0971431,-94.3615632,2154,MO
0.2,Other,38.0971431,-94.3615632,2154,MO
0.2,Other,38.0971431,-94.3615632,2154,MO
0.5,Other,38.0971431,-94.3615632,2154,MO
2,Other,36.8785,-89.6214,2158,MO
2.3,Other,36.8785,-89.6214,2158,MO
22,Coal,37.108611,-93.261944,2161,MO
22,Coal,37.108611,-93.261944,2161,MO
44,Coal,37.108611,-93.261944,2161,MO
60,Coal,37.108611,-93.261944,2161,MO
105,Coal,37.108611,-93.261944,2161,MO
96,Natural Gas,37.108611,-93.261944,2161,MO
101.5,Natural Gas,37.108611,-93.261944,2161,MO
15.3,Other,37.2115916,-93.2961335,2162,MO
0.4,Other,40.0661,-93.6042,2163,MO
0.4,Other,40.0661,-93.6042,2163,MO
1,Other,40.0661,-93.6042,2163,MO
1.1,Other,40.0661,-93.6042,2163,MO
1.3,Other,40.0661,-93.6042,2163,MO
1,Other,40.0661,-93.6042,2163,MO
0.8,Other,40.476742,-93.010018,2164,MO
1.7,Other,40.476742,-93.010018,2164,MO
0.2,Other,40.476742,-93.010018,2164,MO
1,Other,40.476742,-93.010018,2164,MO
0.3,Other,40.476742,-93.010018,2164,MO
0.3,Other,40.476742,-93.010018,2164,MO
1.1,Other,40.476742,-93.010018,2164,MO
1.3,Other,40.476742,-93.010018,2164,MO
2,Other,40.476742,-93.010018,2164,MO
1.2,Other,39.2036,-91.861,2165,MO
1,Other,39.2036,-91.861,2165,MO
1.4,Other,39.2036,-91.861,2165,MO
1.3,Other,39.2036,-91.861,2165,MO
1,Other,39.2036,-91.861,2165,MO
1,Other,39.2036,-91.861,2165,MO
1.2,Other,39.2036,-91.861,2165,MO
1.2,Other,39.2036,-91.861,2165,MO
50,Hydroelectric,36.597,-93.3086,2166,MO
50,Hydroelectric,36.597,-93.3086,2166,MO
50,Hydroelectric,36.597,-93.3086,2166,MO
50,Hydroelectric,36.597,-93.3086,2166,MO
600,Coal,36.5147,-89.5617,2167,MO
600,Coal,36.5147,-89.5617,2167,MO
180,Coal,39.5522,-92.6381,2168,MO
285,Coal,39.5522,-92.6381,2168,MO
670,Coal,39.5522,-92.6381,2168,MO
15,Coal,38.6839,-91.7558,2169,MO
44,Coal,38.6839,-91.7558,2169,MO
23,Coal,39.231534,-94.307979,2171,MO
23,Coal,39.231534,-94.307979,2171,MO
40.7,Natural Gas,47.0539,-104.74,2176,MT
43,Natural Gas,47.0539,-104.74,2176,MT
23.3,Natural Gas,46.4112,-105.7953,2177,MT
7.8,Hydroelectric,47.521331,-111.261442,2181,MT
7.8,Hydroelectric,47.521331,-111.261442,2181,MT
8.4,Hydroelectric,47.521331,-111.261442,2181,MT
24,Hydroelectric,47.5375,-111.194969,2182,MT
24,Hydroelectric,47.5375,-111.194969,2182,MT
2.8,Hydroelectric,46.765941,-111.887341,2185,MT
2.8,Hydroelectric,46.765941,-111.887341,2185,MT
2.8,Hydroelectric,46.765941,-111.887341,2185,MT
2.8,Hydroelectric,46.765941,-111.887341,2185,MT
2.8,Hydroelectric,46.765941,-111.887341,2185,MT
3,Hydroelectric,46.765941,-111.887341,2185,MT
9.6,Hydroelectric,46.9915,-112.0047,2186,MT
9.6,Hydroelectric,46.9915,-112.0047,2186,MT
9.6,Hydroelectric,46.9915,-112.0047,2186,MT
9.6,Hydroelectric,46.9915,-112.0047,2186,MT
163,Coal,45.77562,-108.480999,2187,MT
70.5,Hydroelectric,47.6777,-114.2339,2188,MT
70.5,Hydroelectric,47.6777,-114.2339,2188,MT
70.5,Hydroelectric,47.6777,-114.2339,2188,MT
0.6,Hydroelectric,46.8744527,-113.8871589,2190,MT
0.6,Hydroelectric,46.8744527,-113.8871589,2190,MT
0.6,Hydroelectric,46.8744527,-113.8871589,2190,MT
0.6,Hydroelectric,46.8744527,-113.8871589,2190,MT
0.6,Hydroelectric,46.8744527,-113.8871589,2190,MT
22.5,Hydroelectric,47.581737,-111.060898,2191,MT
22.5,Hydroelectric,47.581737,-111.060898,2191,MT
6.2,Hydroelectric,45.225741,-109.762489,2192,MT
6.2,Hydroelectric,45.225741,-109.762489,2192,MT
4,Hydroelectric,47.5344,-111.2045,2193,MT
4,Hydroelectric,47.5344,-111.2045,2193,MT
4,Hydroelectric,47.5344,-111.2045,2193,MT
4,Hydroelectric,47.5344,-111.2045,2193,MT
4,Hydroelectric,47.5344,-111.2045,2193,MT
4,Hydroelectric,47.5344,-111.2045,2193,MT
5.8,Hydroelectric,47.5344,-111.2045,2193,MT
5.8,Hydroelectric,47.5344,-111.2045,2193,MT
8,Hydroelectric,47.569939,-111.122546,2194,MT
8,Hydroelectric,47.569939,-111.122546,2194,MT
8,Hydroelectric,47.569939,-111.122546,2194,MT
8,Hydroelectric,47.569939,-111.122546,2194,MT
8,Hydroelectric,47.569939,-111.122546,2194,MT
8,Hydroelectric,47.569939,-111.122546,2194,MT
5,Hydroelectric,47.593155,-115.358237,2195,MT
5,Hydroelectric,47.593155,-115.358237,2195,MT
5,Hydroelectric,47.593155,-115.358237,2195,MT
5.4,Hydroelectric,47.593155,-115.358237,2195,MT
5,Hydroelectric,47.593155,-115.358237,2195,MT
5,Hydroelectric,47.593155,-115.358237,2195,MT
57.1,Hydroelectric,47.593155,-115.358237,2195,MT
1,Other,44.4533,-110.8347,2196,WY
1,Other,44.4533,-110.8347,2196,WY
91.8,Hydroelectric,47.960689,-115.73395,2199,MT
76.8,Hydroelectric,47.960689,-115.73395,2199,MT
91.8,Hydroelectric,47.960689,-115.73395,2199,MT
91.8,Hydroelectric,47.960689,-115.73395,2199,MT
114,Hydroelectric,47.960689,-115.73395,2199,MT
107,Hydroelectric,48.341521,-114.01443,2203,MT
107,Hydroelectric,48.341521,-114.01443,2203,MT
107,Hydroelectric,48.341521,-114.01443,2203,MT
107,Hydroelectric,48.341521,-114.01443,2203,MT
62.5,Hydroelectric,45.307406,-107.957515,2204,MT
62.5,Hydroelectric,45.307406,-107.957515,2204,MT
62.5,Hydroelectric,45.307406,-107.957515,2204,MT
62.5,Hydroelectric,45.307406,-107.957515,2204,MT
0.9,Natural Gas,41.3528,-99.4978,2214,NE
0.6,Natural Gas,41.3528,-99.4978,2214,NE
2.4,Natural Gas,40.3883,-95.8464,2215,NE
1,Natural Gas,40.3883,-95.8464,2215,NE
3.3,Natural Gas,40.3883,-95.8464,2215,NE
2.7,Natural Gas,40.3883,-95.8464,2215,NE
5.6,Natural Gas,40.3883,-95.8464,2215,NE
3.7,Natural Gas,40.3883,-95.8464,2215,NE
0.5,Other,41.3286,-100.3258,2216,NE
0.2,Other,41.3286,-100.3258,2216,NE
0.3,Other,41.3286,-100.3258,2216,NE
0.1,Other,41.3286,-100.3258,2216,NE
0.5,Other,40.1381,-99.8272,2217,NE
0.3,Natural Gas,40.1381,-99.8272,2217,NE
0.3,Other,40.1381,-99.8272,2217,NE
0.9,Natural Gas,40.1381,-99.8272,2217,NE
0.9,Other,40.0440808,-101.5391739,2218,NE
0.3,Other,40.0440808,-101.5391739,2218,NE
0.5,Other,41.4031,-99.6392,2221,NE
3.5,Natural Gas,41.4031,-99.6392,2221,NE
0.8,Natural Gas,41.4031,-99.6392,2221,NE
0.8,Natural Gas,41.4031,-99.6392,2221,NE
1,Natural Gas,41.4031,-99.6392,2221,NE
2.1,Natural Gas,41.4031,-99.6392,2221,NE
1.3,Other,41.9144,-98.9906,2222,NE
1.1,Other,41.9144,-98.9906,2222,NE
0.9,Other,41.9144,-98.9906,2222,NE
0.6,Other,41.9144,-98.9906,2222,NE
0.7,Other,40.2267,-100.1358,2223,NE
0.9,Other,40.2267,-100.1358,2223,NE
1.3,Other,40.2267,-100.1358,2223,NE
0.1,Other,40.3717,-98.7236,2225,NE
0.1,Other,40.3717,-98.7236,2225,NE
0.1,Other,40.3717,-98.7236,2225,NE
1,Other,40.3717,-98.7236,2225,NE
108.8,Natural Gas,40.6942,-99.7011,2226,NE
10.8,Hydroelectric,40.959405,-100.397905,2227,NE
10.8,Hydroelectric,40.959405,-100.397905,2227,NE
10.8,Hydroelectric,40.6936,-99.8178,2228,NE
10.8,Hydroelectric,40.6936,-99.8178,2228,NE
22.5,Hydroelectric,40.6839,-99.7447,2229,NE
0.2,Other,41.1056,-102.4703,2230,NE
1.1,Other,41.1056,-102.4703,2230,NE
0.4,Other,40.6253,-96.9558,2231,NE
1.3,Natural Gas,40.6253,-96.9558,2231,NE
0.9,Natural Gas,40.6253,-96.9558,2231,NE
1.1,Natural Gas,40.6253,-96.9558,2231,NE
2.5,Natural Gas,40.6253,-96.9558,2231,NE
3.3,Natural Gas,40.6253,-96.9558,2231,NE
6,Natural Gas,40.6253,-96.9558,2231,NE
0.9,Natural Gas,41.5419,-100.8756,2232,NE
1.1,Natural Gas,41.5419,-100.8756,2232,NE
1.4,Natural Gas,41.5419,-100.8756,2232,NE
1.5,Natural Gas,41.254652,-97.119202,2233,NE
1,Other,41.254652,-97.119202,2233,NE
1,Natural Gas,41.254652,-97.119202,2233,NE
2.3,Natural Gas,41.254652,-97.119202,2233,NE
1.6,Other,41.254652,-97.119202,2233,NE
1.6,Other,41.254652,-97.119202,2233,NE
1.6,Other,41.254652,-97.119202,2233,NE
0.3,Other,40.1408,-97.7239,2234,NE
0.6,Other,40.1408,-97.7239,2234,NE
1.1,Other,40.1408,-97.7239,2234,NE
0.3,Other,40.1408,-97.7239,2234,NE
1.1,Natural Gas,42.2764,-96.7289,2235,NE
0.1,Other,42.2764,-96.7289,2235,NE
0.4,Natural Gas,42.2764,-96.7289,2235,NE
4,Natural Gas,40.133872,-97.184286,2236,NE
2.5,Natural Gas,40.133872,-97.184286,2236,NE
12.5,Natural Gas,40.133872,-97.184286,2236,NE
0.6,Other,40.055,-95.6083,2237,NE
0.9,Other,40.055,-95.6083,2237,NE
2.7,Natural Gas,40.055,-95.6083,2237,NE
1.1,Natural Gas,40.055,-95.6083,2237,NE
2,Natural Gas,40.055,-95.6083,2237,NE
2.5,Natural Gas,40.055,-95.6083,2237,NE
6.2,Natural Gas,40.055,-95.6083,2237,NE
6,Natural Gas,40.055,-95.6083,2237,NE
0.6,Natural Gas,40.0953,-98.9544,2238,NE
1.3,Natural Gas,40.0953,-98.9544,2238,NE
1.1,Natural Gas,40.0953,-98.9544,2238,NE
0.9,Natural Gas,40.0953,-98.9544,2238,NE
16.5,Coal,41.4281,-96.4623,2240,NE
22,Coal,41.4281,-96.4623,2240,NE
91.5,Coal,41.4281,-96.4623,2240,NE
40,Natural Gas,41.4281,-96.4623,2240,NE
18.7,Natural Gas,40.9228,-98.3269,2241,NE
24.9,Natural Gas,40.9228,-98.3269,2241,NE
54.4,Natural Gas,40.9228,-98.3269,2241,NE
16,Natural Gas,40.9228,-98.3269,2241,NE
63.4,Natural Gas,40.9228,-98.3269,2241,NE
63.4,Natural Gas,40.9228,-98.3269,2241,NE
22,Natural Gas,40.583155,-98.420055,2243,NE
17,Natural Gas,40.598839,-98.38863,2244,NE
22,Natural Gas,40.598839,-98.38863,2244,NE
0.5,Other,40.4402885,-99.3698217,2246,NE
1.5,Other,40.4402885,-99.3698217,2246,NE
0.5,Other,40.4402885,-99.3698217,2246,NE
1,Natural Gas,41.235,-103.6597,2248,NE
1,Natural Gas,41.235,-103.6597,2248,NE
1.3,Natural Gas,41.235,-103.6597,2248,NE
1.3,Natural Gas,41.235,-103.6597,2248,NE
1.1,Natural Gas,41.235,-103.6597,2248,NE
3.9,Natural Gas,41.235,-103.6597,2248,NE
1.3,Natural Gas,42.430539,-97.090814,2249,NE
0.9,Natural Gas,42.430539,-97.090814,2249,NE
0.6,Natural Gas,42.430539,-97.090814,2249,NE
0.4,Natural Gas,42.430539,-97.090814,2249,NE
0.2,Natural Gas,42.430539,-97.090814,2249,NE
1.3,Natural Gas,42.430539,-97.090814,2249,NE
27,Natural Gas,40.80788,-96.710667,2250,NE
0.5,Other,41.9375,-96.4731,2253,NE
0.8,Other,41.9375,-96.4731,2253,NE
0.3,Other,41.9375,-96.4731,2253,NE
1.2,Other,41.9375,-96.4731,2253,NE
1.5,Natural Gas,40.6806,-95.8475,2255,NE
2.5,Natural Gas,40.6806,-95.8475,2255,NE
3.1,Natural Gas,40.6806,-95.8475,2255,NE
2,Natural Gas,40.6806,-95.8475,2255,NE
4.1,Natural Gas,40.6806,-95.8475,2255,NE
6.4,Natural Gas,40.6806,-95.8475,2255,NE
6.5,Natural Gas,40.6806,-95.8475,2255,NE
2,Natural Gas,40.6756,-96.177778,2256,NE
2,Natural Gas,40.6756,-96.177778,2256,NE
13.3,Hydroelectric,41.4639,-97.3283,2260,NE
13.3,Hydroelectric,41.4639,-97.3283,2260,NE
13.3,Hydroelectric,41.4639,-97.3283,2260,NE
56.7,Natural Gas,40.5589,-96.7847,2265,NE
56.7,Other,40.187928,-97.577857,2266,NE
1.5,Hydroelectric,40.703511,-99.100753,2268,NE
56.7,Other,40.2214,-100.6508,2271,NE
2.8,Hydroelectric,41.4872,-97.6078,2273,NE
2.8,Hydroelectric,41.4872,-97.6078,2273,NE
2.8,Hydroelectric,41.4872,-97.6078,2273,NE
13.1,Hydroelectric,41.0864,-100.7594,2274,NE
13.1,Hydroelectric,41.0864,-100.7594,2274,NE
108.8,Coal,40.5589,-96.7847,2277,NE
119.9,Coal,40.5589,-96.7847,2277,NE
0.8,Hydroelectric,42.809337,-98.656283,2278,NE
1.6,Hydroelectric,42.809337,-98.656283,2278,NE
0.4,Other,41.9158,-101.1339,2280,NE
0.6,Other,41.9158,-101.1339,2280,NE
502,Nuclear,41.520522,-96.077511,2289,NE
65,Other,41.251488,-95.922682,2290,NE
65,Other,41.251488,-95.922682,2290,NE
73.5,Coal,41.32909,-95.94466,2291,NE
108.8,Coal,41.32909,-95.94466,2291,NE
108.8,Coal,41.32909,-95.94466,2291,NE
136,Coal,41.32909,-95.94466,2291,NE
217.6,Coal,41.32909,-95.94466,2291,NE
55.4,Other,41.170594,-95.970603,2292,NE
55.4,Other,41.170594,-95.970603,2292,NE
105.6,Other,41.170594,-95.970603,2292,NE
58.9,Other,41.170594,-95.970603,2292,NE
58.9,Other,41.170594,-95.970603,2292,NE
3.5,Other,41.170594,-95.970603,2292,NE
5,Other,41.6025,-98.9283,2294,NE
1.5,Other,41.6025,-98.9283,2294,NE
2.5,Other,41.6025,-98.9283,2294,NE
1.5,Other,41.6025,-98.9283,2294,NE
1.5,Other,41.6025,-98.9283,2294,NE
0.6,Natural Gas,40.2581,-99.6108,2295,NE
0.9,Other,40.2581,-99.6108,2295,NE
0.6,Natural Gas,40.2581,-99.6108,2295,NE
1.3,Natural Gas,40.2581,-99.6108,2295,NE
1.5,Natural Gas,42.0903,-96.7769,2296,NE
2,Natural Gas,42.0903,-96.7769,2296,NE
0.5,Natural Gas,42.0903,-96.7769,2296,NE
0.9,Natural Gas,42.0903,-96.7769,2296,NE
0.2,Natural Gas,42.0903,-96.7769,2296,NE
1.1,Other,42.3497,-98.2092,2297,NE
0.9,Other,42.3497,-98.2092,2297,NE
1.2,Other,42.3497,-98.2092,2297,NE
1.8,Other,42.3497,-98.2092,2297,NE
0.5,Other,40.0964,-98.5228,2299,NE
0.9,Other,40.0964,-98.5228,2299,NE
1.3,Other,40.0964,-98.5228,2299,NE
1.3,Other,40.0964,-98.5228,2299,NE
2.2,Other,40.0964,-98.5228,2299,NE
1.1,Other,41.6392,-99.3742,2300,NE
0.9,Other,41.6392,-99.3742,2300,NE
0.4,Other,41.6392,-99.3742,2300,NE
1.2,Natural Gas,41.145634,-102.977836,2302,NE
2.2,Natural Gas,41.145634,-102.977836,2302,NE
0.8,Other,41.145634,-102.977836,2302,NE
1,Natural Gas,41.145634,-102.977836,2302,NE
3.1,Natural Gas,41.145634,-102.977836,2302,NE
0.1,Hydroelectric,41.68138,-98.36756,2303,NE
0.1,Hydroelectric,41.68138,-98.36756,2303,NE
0.2,Other,41.68138,-98.36756,2303,NE
0.4,Other,41.68138,-98.36756,2303,NE
1.3,Other,41.68138,-98.36756,2303,NE
0.7,Other,42.5714,-99.1394,2305,NE
0.2,Other,42.5714,-99.1394,2305,NE
0.2,Other,42.5714,-99.1394,2305,NE
0.8,Other,42.5714,-99.1394,2305,NE
0.5,Other,41.1578,-101.1292,2306,NE
0.9,Other,41.1578,-101.1292,2306,NE
0.2,Other,41.1578,-101.1292,2306,NE
1.4,Other,41.1578,-101.1292,2306,NE
0.7,Other,40.3664,-96.19,2308,NE
1.5,Other,40.3664,-96.19,2308,NE
1.1,Other,40.3664,-96.19,2308,NE
1.3,Other,40.3664,-96.19,2308,NE
2.4,Other,40.3664,-96.19,2308,NE
2.5,Natural Gas,41.2089,-96.6217,2310,NE
0.5,Other,41.2089,-96.6217,2310,NE
4.4,Natural Gas,41.2089,-96.6217,2310,NE
1.2,Natural Gas,41.2089,-96.6217,2310,NE
2.1,Natural Gas,41.2089,-96.6217,2310,NE
3.5,Natural Gas,41.2089,-96.6217,2310,NE
0.6,Natural Gas,42.2644,-96.8756,2311,NE
1.3,Natural Gas,42.2644,-96.8756,2311,NE
1.3,Natural Gas,42.2644,-96.8756,2311,NE
0.9,Natural Gas,42.2644,-96.8756,2311,NE
1.3,Other,42.2278,-97.0183,2312,NE
1,Other,42.2278,-97.0183,2312,NE
1.9,Other,42.2278,-97.0183,2312,NE
2,Other,42.2278,-97.0183,2312,NE
3.5,Other,42.2278,-97.0183,2312,NE
5.1,Other,42.2278,-97.0183,2312,NE
3.5,Other,42.2278,-97.0183,2312,NE
3.5,Other,42.2278,-97.0183,2312,NE
0.9,Natural Gas,41.8292,-96.7161,2313,NE
1.2,Natural Gas,41.8292,-96.7161,2313,NE
2.3,Natural Gas,41.8292,-96.7161,2313,NE
4.1,Natural Gas,41.8292,-96.7161,2313,NE
1.1,Other,40.4797,-96.9604,2315,NE
0.9,Other,40.4797,-96.9604,2315,NE
1.6,Other,40.4797,-96.9604,2315,NE
0.6,Other,41.9903,-96.9203,2316,NE
0.4,Other,41.9903,-96.9203,2316,NE
0.8,Other,41.9903,-96.9203,2316,NE
50,Natural Gas,36.0875,-115.0507,2322,NV
65,Natural Gas,36.0875,-115.0507,2322,NV
75,Natural Gas,36.0875,-115.0507,2322,NV
90,Natural Gas,36.0875,-115.0507,2322,NV
90,Natural Gas,36.0875,-115.0507,2322,NV
72.4,Natural Gas,36.0875,-115.0507,2322,NV
86.9,Natural Gas,36.0875,-115.0507,2322,NV
86.9,Natural Gas,36.0875,-115.0507,2322,NV
86.9,Natural Gas,36.0875,-115.0507,2322,NV
86.9,Natural Gas,36.0875,-115.0507,2322,NV
114,Coal,36.657347,-114.633263,2324,NV
114,Coal,36.657347,-114.633263,2324,NV
114,Coal,36.657347,-114.633263,2324,NV
270,Coal,36.657347,-114.633263,2324,NV
82,Natural Gas,36.1424452,-115.0547544,2326,NV
85,Natural Gas,36.1424452,-115.0547544,2326,NV
105.1,Natural Gas,39.1281,-119.1322,2330,NV
105.1,Natural Gas,39.1281,-119.1322,2330,NV
109.6,Natural Gas,39.5625,-119.525,2336,NV
72.5,Natural Gas,39.5625,-119.525,2336,NV
113.2,Natural Gas,39.5625,-119.525,2336,NV
12.5,Other,39.5625,-119.525,2336,NV
12.5,Other,39.5625,-119.525,2336,NV
72.5,Natural Gas,39.5625,-119.525,2336,NV
100,Natural Gas,39.5625,-119.525,2336,NV
53,Natural Gas,39.5625,-119.525,2336,NV
80,Natural Gas,39.5625,-119.525,2336,NV
818.1,Coal,35.1458,-114.5917,2341,NV
818.1,Coal,35.1458,-114.5917,2341,NV
35.1,Hydroelectric,44.325053,-72.000975,2349,NH
35.1,Hydroelectric,44.325053,-72.000975,2349,NH
35.1,Hydroelectric,44.325053,-72.000975,2349,NH
35.1,Hydroelectric,44.325053,-72.000975,2349,NH
35.1,Hydroelectric,44.3356,-71.8742,2351,NH
35.1,Hydroelectric,44.3356,-71.8742,2351,NH
35.1,Hydroelectric,44.3356,-71.8742,2351,NH
35.1,Hydroelectric,44.3356,-71.8742,2351,NH
2,Hydroelectric,42.77165,-72.5146,2352,VT
2,Hydroelectric,42.77165,-72.5146,2352,VT
2,Hydroelectric,42.77165,-72.5146,2352,VT
2,Hydroelectric,42.77165,-72.5146,2352,VT
2,Hydroelectric,42.77165,-72.5146,2352,VT
2,Hydroelectric,42.77165,-72.5146,2352,VT
4.2,Hydroelectric,42.77165,-72.5146,2352,VT
4.2,Hydroelectric,42.77165,-72.5146,2352,VT
16.2,Hydroelectric,43.667927,-72.303642,2353,VT
16.2,Hydroelectric,43.667927,-72.303642,2353,VT
3.2,Hydroelectric,43.667927,-72.303642,2353,VT
6,Hydroelectric,43.00223,-71.47208,2354,NH
5,Hydroelectric,43.00223,-71.47208,2354,NH
5,Hydroelectric,43.00223,-71.47208,2354,NH
2.8,Hydroelectric,43.597849,-71.717683,2355,NH
2.8,Hydroelectric,43.597849,-71.717683,2355,NH
2.8,Hydroelectric,43.597849,-71.717683,2355,NH
1.8,Hydroelectric,43.447219,-71.6579,2356,NH
4.6,Hydroelectric,43.447219,-71.6579,2356,NH
3.4,Hydroelectric,43.165524,-71.509441,2357,NH
3.4,Hydroelectric,43.165524,-71.509441,2357,NH
2.4,Hydroelectric,43.165524,-71.509441,2357,NH
3.2,Hydroelectric,43.165524,-71.509441,2357,NH
0.4,Hydroelectric,44.408278,-71.195354,2358,NH
0.4,Hydroelectric,44.408278,-71.195354,2358,NH
0.7,Hydroelectric,44.408278,-71.195354,2358,NH
0.7,Hydroelectric,44.408278,-71.195354,2358,NH
1.6,Hydroelectric,43.101699,-71.465662,2359,NH
3.2,Hydroelectric,43.11055,-71.94889,2360,NH
18,Other,44.595117,-71.494398,2362,NH
113.6,Coal,43.1411,-71.4692,2364,NH
345.6,Coal,43.1411,-71.4692,2364,NH
18.6,Other,43.1411,-71.4692,2364,NH
18.6,Other,43.1411,-71.4692,2364,NH
50,Coal,43.0978,-70.7842,2367,NH
50,Coal,43.0978,-70.7842,2367,NH
50,Coal,43.0978,-70.7842,2367,NH
21.2,Other,43.0978,-70.7842,2367,NH
15,Hydroelectric,44.469463,-71.178062,2368,NH
18.6,Other,43.8478,-71.2069,2369,NH
136,Coal,39.2908,-74.6364,2378,NJ
163.2,Coal,39.2908,-74.6364,2378,NJ
176.4,Other,39.2908,-74.6364,2378,NJ
2,Other,39.2908,-74.6364,2378,NJ
2,Other,39.2908,-74.6364,2378,NJ
2,Other,39.2908,-74.6364,2378,NJ
2,Other,39.2908,-74.6364,2378,NJ
41.9,Natural Gas,39.4547,-75.2014,2379,NJ
41.9,Natural Gas,39.4547,-75.2014,2379,NJ
46,Other,39.6893,-74.2618,2380,NJ
21.2,Other,39.6893,-74.2618,2380,NJ
21.2,Other,39.0269,-74.8772,2382,NJ
21.2,Other,39.0269,-74.8772,2382,NJ
37.2,Other,39.0269,-74.8772,2382,NJ
18.6,Other,39.3662,-74.4441,2383,NJ
18.6,Other,39.3662,-74.4441,2383,NJ
18.6,Other,39.3662,-74.4441,2383,NJ
81.6,Natural Gas,39.6831,-75.5083,2384,NJ
53,Other,39.6831,-75.5083,2384,NJ
73.5,Coal,39.6831,-75.5083,2384,NJ
18.6,Natural Gas,39.6831,-75.5083,2384,NJ
53,Other,40.491236,-74.280989,2385,NJ
53,Other,40.491236,-74.280989,2385,NJ
53,Other,40.491236,-74.280989,2385,NJ
53,Other,40.491236,-74.280989,2385,NJ
640.7,Nuclear,39.8143,-74.2062,2388,NJ
125,Other,40.476525,-74.352336,2390,NJ
125,Natural Gas,40.476525,-74.352336,2390,NJ
53,Other,40.476525,-74.352336,2390,NJ
53,Natural Gas,40.476525,-74.352336,2390,NJ
53,Other,40.476525,-74.352336,2390,NJ
53,Natural Gas,40.476525,-74.352336,2390,NJ
54,Other,40.565833,-75.163889,2393,NJ
54,Other,40.565833,-75.163889,2393,NJ
54,Other,40.565833,-75.163889,2393,NJ
54,Other,40.565833,-75.163889,2393,NJ
135,Other,40.565833,-75.163889,2393,NJ
161,Other,40.565833,-75.163889,2393,NJ
24,Other,40.565833,-75.163889,2393,NJ
24,Other,40.565833,-75.163889,2393,NJ
24,Other,40.565833,-75.163889,2393,NJ
24,Other,40.565833,-75.163889,2393,NJ
21.2,Other,40.6947843,-74.10467,2397,NJ
21,Other,40.6947843,-74.10467,2397,NJ
18.6,Natural Gas,40.8375,-74.0244,2398,NJ
112.5,Natural Gas,40.8375,-74.0244,2398,NJ
112.5,Natural Gas,40.8375,-74.0244,2398,NJ
112.5,Natural Gas,40.8375,-74.0244,2398,NJ
112.5,Natural Gas,40.8375,-74.0244,2398,NJ
287.2,Natural Gas,40.8375,-74.0244,2398,NJ
174,Natural Gas,40.8375,-74.0244,2398,NJ
174.2,Natural Gas,40.8375,-74.0244,2398,NJ
258,Natural Gas,40.8375,-74.0244,2398,NJ
18.5,Other,40.076611,-74.879172,2399,NJ
41.8,Other,40.076611,-74.879172,2399,NJ
41.8,Other,40.076611,-74.879172,2399,NJ
41.8,Other,40.076611,-74.879172,2399,NJ
41.8,Other,40.076611,-74.879172,2399,NJ
44.8,Natural Gas,40.076611,-74.879172,2399,NJ
44.8,Natural Gas,40.076611,-74.879172,2399,NJ
44.8,Natural Gas,40.076611,-74.879172,2399,NJ
44.8,Natural Gas,40.076611,-74.879172,2399,NJ
44.9,Natural Gas,40.076611,-74.879172,2399,NJ
41.8,Other,40.076611,-74.879172,2399,NJ
41.8,Other,40.076611,-74.879172,2399,NJ
41.8,Other,40.076611,-74.879172,2399,NJ
41.8,Other,40.076611,-74.879172,2399,NJ
60.5,Natural Gas,40.076611,-74.879172,2399,NJ
60.5,Natural Gas,40.076611,-74.879172,2399,NJ
60.5,Natural Gas,40.076611,-74.879172,2399,NJ
60.5,Natural Gas,40.076611,-74.879172,2399,NJ
41.8,Natural Gas,40.4911,-74.3956,2400,NJ
41.8,Natural Gas,40.4911,-74.3956,2400,NJ
41.8,Natural Gas,40.4911,-74.3956,2400,NJ
41.8,Natural Gas,40.4911,-74.3956,2400,NJ
41.8,Natural Gas,40.4911,-74.3956,2400,NJ
41.8,Natural Gas,40.4911,-74.3956,2400,NJ
41.8,Natural Gas,40.4911,-74.3956,2400,NJ
41.8,Natural Gas,40.4911,-74.3956,2400,NJ
41.8,Natural Gas,40.4911,-74.3956,2400,NJ
41.8,Natural Gas,40.4911,-74.3956,2400,NJ
41.8,Natural Gas,40.4911,-74.3956,2400,NJ
41.8,Natural Gas,40.4911,-74.3956,2400,NJ
93.6,Natural Gas,40.7372,-74.1206,2401,NJ
41.8,Natural Gas,40.7372,-74.1206,2401,NJ
41.8,Natural Gas,40.7372,-74.1206,2401,NJ
41.8,Natural Gas,40.7372,-74.1206,2401,NJ
41.8,Natural Gas,40.7372,-74.1206,2401,NJ
41.8,Natural Gas,40.7372,-74.1206,2401,NJ
41.8,Natural Gas,40.7372,-74.1206,2401,NJ
41.8,Natural Gas,40.7372,-74.1206,2401,NJ
41.8,Natural Gas,40.7372,-74.1206,2401,NJ
41.8,Natural Gas,40.7372,-74.1206,2401,NJ
41.8,Natural Gas,40.7372,-74.1206,2401,NJ
41.8,Natural Gas,40.7372,-74.1206,2401,NJ
41.8,Natural Gas,40.7372,-74.1206,2401,NJ
454.7,Natural Gas,40.7478,-74.0722,2403,NJ
659.7,Coal,40.7478,-74.0722,2403,NJ
115.2,Other,40.7478,-74.0722,2403,NJ
147,Other,40.737283,-74.096464,2404,NJ
147,Other,40.737283,-74.096464,2404,NJ
18.5,Natural Gas,40.737283,-74.096464,2404,NJ
146.2,Natural Gas,40.737283,-74.096464,2404,NJ
146.2,Natural Gas,40.737283,-74.096464,2404,NJ
54,Natural Gas,40.737283,-74.096464,2404,NJ
54,Natural Gas,40.737283,-74.096464,2404,NJ
54,Natural Gas,40.737283,-74.096464,2404,NJ
54,Natural Gas,40.737283,-74.096464,2404,NJ
60.5,Natural Gas,40.737283,-74.096464,2404,NJ
60.5,Natural Gas,40.737283,-74.096464,2404,NJ
60.5,Natural Gas,40.737283,-74.096464,2404,NJ
60.5,Natural Gas,40.737283,-74.096464,2404,NJ
259.7,Other,40.6217,-74.2072,2406,NJ
259.7,Other,40.6217,-74.2072,2406,NJ
18.5,Natural Gas,40.6217,-74.2072,2406,NJ
96.1,Natural Gas,40.6217,-74.2072,2406,NJ
96.1,Natural Gas,40.6217,-74.2072,2406,NJ
96.1,Natural Gas,40.6217,-74.2072,2406,NJ
96.1,Natural Gas,40.6217,-74.2072,2406,NJ
326.4,Coal,40.1792,-74.7339,2408,NJ
326.4,Coal,40.1792,-74.7339,2408,NJ
115.2,Other,40.1792,-74.7339,2408,NJ
18.5,Other,39.86,-75.1853,2409,NJ
1170,Nuclear,39.4625,-75.5358,2410,NJ
1170,Nuclear,39.4625,-75.5358,2410,NJ
41.8,Other,39.4625,-75.5358,2410,NJ
103.2,Natural Gas,40.5558,-74.2469,2411,NJ
100,Natural Gas,40.5558,-74.2469,2411,NJ
108.8,Natural Gas,40.5558,-74.2469,2411,NJ
119,Natural Gas,40.5558,-74.2469,2411,NJ
115.2,Other,40.5558,-74.2469,2411,NJ
4,Other,39.4889,-75.0347,2434,NJ
5,Other,39.4889,-75.0347,2434,NJ
7.5,Other,39.4889,-75.0347,2434,NJ
12.5,Other,39.4889,-75.0347,2434,NJ
16.5,Other,39.4889,-75.0347,2434,NJ
25,Coal,39.4889,-75.0347,2434,NJ
190,Coal,36.69,-108.4814,2442,NM
190,Coal,36.69,-108.4814,2442,NM
253.4,Coal,36.69,-108.4814,2442,NM
818.1,Coal,36.69,-108.4814,2442,NM
818.1,Coal,36.69,-108.4814,2442,NM
50,Natural Gas,31.8047,-106.5472,2444,NM
50,Natural Gas,31.8047,-106.5472,2444,NM
166.5,Natural Gas,31.8047,-106.5472,2444,NM
114,Natural Gas,32.714224,-103.301469,2446,NM
87,Natural Gas,32.714224,-103.301469,2446,NM
12,Natural Gas,32.714224,-103.301469,2446,NM
20,Other,35.594235,-105.2218734,2447,NM
44,Natural Gas,35.171,-106.6019,2450,NM
44,Natural Gas,35.171,-106.6019,2450,NM
66,Natural Gas,35.171,-106.6019,2450,NM
369,Coal,36.8006,-108.4386,2451,NM
369,Coal,36.8006,-108.4386,2451,NM
555,Coal,36.8006,-108.4386,2451,NM
555,Coal,36.8006,-108.4386,2451,NM
16.3,Natural Gas,32.418,-104.21556,2453,NM
75,Natural Gas,32.7131,-103.3533,2454,NM
190.4,Natural Gas,32.7131,-103.3533,2454,NM
126.9,Natural Gas,32.7131,-103.3533,2454,NM
126.9,Natural Gas,32.7131,-103.3533,2454,NM
3,Natural Gas,36.725138,-108.19202,2465,NM
3,Natural Gas,36.725138,-108.19202,2465,NM
9,Natural Gas,36.725138,-108.19202,2465,NM
18.6,Natural Gas,36.725138,-108.19202,2465,NM
0.2,Hydroelectric,36.725138,-108.19202,2465,NM
16.5,Natural Gas,36.725138,-108.19202,2465,NM
1.5,Coal,36.892457,-104.441359,2468,NM
3.7,Coal,36.892457,-104.441359,2468,NM
7.5,Coal,36.892457,-104.441359,2468,NM
8,Natural Gas,36.892457,-104.441359,2468,NM
1,Other,35.1715308,-103.7385869,2469,NM
2.2,Other,35.1715308,-103.7385869,2469,NM
1,Other,35.1715308,-103.7385869,2469,NM
4.1,Other,35.1715308,-103.7385869,2469,NM
3,Other,35.1715308,-103.7385869,2469,NM
4.8,Other,35.1715308,-103.7385869,2469,NM
15,Natural Gas,35.384444,-106.464167,2475,NM
15,Natural Gas,35.384444,-106.464167,2475,NM
15,Natural Gas,35.384444,-106.464167,2475,NM
72,Other,41.571247,-73.974981,2480,NY
73.5,Other,41.571247,-73.974981,2480,NY
147.1,Coal,41.571247,-73.974981,2480,NY
239.4,Coal,41.571247,-73.974981,2480,NY
2.7,Other,41.571247,-73.974981,2480,NY
2.7,Other,41.571247,-73.974981,2480,NY
2.4,Hydroelectric,41.8217,-74.0497,2481,NY
2.4,Hydroelectric,41.8217,-74.0497,2481,NY
25,Hydroelectric,41.8194,-74.6358,2483,NY
21.6,Other,42.291275,-73.986452,2485,NY
4.8,Hydroelectric,41.848191,-74.046678,2486,NY
4.8,Hydroelectric,41.848191,-74.046678,2486,NY
4.8,Hydroelectric,41.848191,-74.046678,2486,NY
21.6,Other,42.3435,-73.8353,2487,NY
376.2,Natural Gas,40.591564,-74.200035,2490,NY
535.5,Natural Gas,40.591564,-74.200035,2490,NY
20,Natural Gas,40.591564,-74.200035,2490,NY
883,Other,40.7798188,-73.9057003,2491,NY
156.2,Other,40.7281,-73.9742,2493,NY
200,Other,40.7281,-73.9742,2493,NY
20,Other,40.6635,-74.0051,2494,NY
20,Other,40.6635,-74.0051,2494,NY
20,Other,40.6635,-74.0051,2494,NY
20,Other,40.6635,-74.0051,2494,NY
20,Other,40.6635,-74.0051,2494,NY
20,Other,40.6635,-74.0051,2494,NY
20,Other,40.6635,-74.0051,2494,NY
20,Other,40.6635,-74.0051,2494,NY
20,Natural Gas,40.6635,-74.0051,2494,NY
20,Natural Gas,40.6635,-74.0051,2494,NY
20,Natural Gas,40.6635,-74.0051,2494,NY
20,Natural Gas,40.6635,-74.0051,2494,NY
20,Natural Gas,40.6635,-74.0051,2494,NY
20,Natural Gas,40.6635,-74.0051,2494,NY
20,Natural Gas,40.6635,-74.0051,2494,NY
20,Natural Gas,40.6635,-74.0051,2494,NY
20,Natural Gas,40.6635,-74.0051,2494,NY
20,Natural Gas,40.6635,-74.0051,2494,NY
20,Natural Gas,40.6635,-74.0051,2494,NY
20,Natural Gas,40.6635,-74.0051,2494,NY
20,Natural Gas,40.6635,-74.0051,2494,NY
20,Natural Gas,40.6635,-74.0051,2494,NY
20,Natural Gas,40.6635,-74.0051,2494,NY
20,Natural Gas,40.6635,-74.0051,2494,NY
20,Other,40.6635,-74.0051,2494,NY
20,Other,40.6635,-74.0051,2494,NY
20,Other,40.6635,-74.0051,2494,NY
20,Other,40.6635,-74.0051,2494,NY
20,Other,40.6635,-74.0051,2494,NY
20,Other,40.6635,-74.0051,2494,NY
20,Other,40.6635,-74.0051,2494,NY
20,Other,40.6635,-74.0051,2494,NY
16.3,Other,40.7052,-73.9807,2496,NY
60,Other,40.7052,-73.9807,2496,NY
16.3,Other,40.7052,-73.9807,2496,NY
16.3,Other,40.7052,-73.9807,2496,NY
1299,Nuclear,41.270556,-73.9527,2497,NY
22,Natural Gas,40.648611,-74.020833,2499,NY
22,Natural Gas,40.648611,-74.020833,2499,NY
22,Natural Gas,40.648611,-74.020833,2499,NY
22,Natural Gas,40.648611,-74.020833,2499,NY
22,Natural Gas,40.648611,-74.020833,2499,NY
22,Natural Gas,40.648611,-74.020833,2499,NY
22,Natural Gas,40.648611,-74.020833,2499,NY
22,Natural Gas,40.648611,-74.020833,2499,NY
22,Natural Gas,40.648611,-74.020833,2499,NY
22,Natural Gas,40.648611,-74.020833,2499,NY
22,Natural Gas,40.648611,-74.020833,2499,NY
22,Natural Gas,40.648611,-74.020833,2499,NY
22,Natural Gas,40.648611,-74.020833,2499,NY
22,Natural Gas,40.648611,-74.020833,2499,NY
22,Natural Gas,40.648611,-74.020833,2499,NY
22,Natural Gas,40.648611,-74.020833,2499,NY
400,Natural Gas,40.759167,-73.946111,2500,NY
400,Natural Gas,40.759167,-73.946111,2500,NY
1027,Natural Gas,40.759167,-73.946111,2500,NY
250,Natural Gas,40.759167,-73.946111,2500,NY
18.6,Natural Gas,40.759167,-73.946111,2500,NY
25,Natural Gas,40.759167,-73.946111,2500,NY
25,Natural Gas,40.759167,-73.946111,2500,NY
42.9,Natural Gas,40.759167,-73.946111,2500,NY
42.9,Natural Gas,40.759167,-73.946111,2500,NY
42.9,Natural Gas,40.759167,-73.946111,2500,NY
42.9,Natural Gas,40.759167,-73.946111,2500,NY
42.9,Natural Gas,40.759167,-73.946111,2500,NY
42.9,Natural Gas,40.759167,-73.946111,2500,NY
42.9,Natural Gas,40.759167,-73.946111,2500,NY
42.9,Natural Gas,40.759167,-73.946111,2500,NY
21.1,Natural Gas,40.759167,-73.946111,2500,NY
21.1,Natural Gas,40.759167,-73.946111,2500,NY
22,Natural Gas,40.759167,-73.946111,2500,NY
22,Natural Gas,40.759167,-73.946111,2500,NY
25,Natural Gas,40.759167,-73.946111,2500,NY
25,Natural Gas,40.759167,-73.946111,2500,NY
74.8,Other,40.7374844,-73.9738236,2502,NY
62.5,Other,40.7374844,-73.9738236,2502,NY
62.5,Other,40.7374844,-73.9738236,2502,NY
17.1,Other,40.771285,-73.99115,2503,NY
18.5,Other,40.768,-73.9515,2504,NY
18.5,Other,40.768,-73.9515,2504,NY
18,Natural Gas,40.616689,-73.647881,2511,NY
18,Natural Gas,40.616689,-73.647881,2511,NY
18,Natural Gas,40.616689,-73.647881,2511,NY
18,Natural Gas,40.616689,-73.647881,2511,NY
18,Natural Gas,40.616689,-73.647881,2511,NY
18,Natural Gas,40.616689,-73.647881,2511,NY
41.8,Natural Gas,40.616689,-73.647881,2511,NY
41.8,Natural Gas,40.616689,-73.647881,2511,NY
41.8,Natural Gas,40.616689,-73.647881,2511,NY
41.8,Natural Gas,40.616689,-73.647881,2511,NY
18,Natural Gas,40.616689,-73.647881,2511,NY
18,Natural Gas,40.616689,-73.647881,2511,NY
188,Natural Gas,40.616689,-73.647881,2511,NY
188,Natural Gas,40.616689,-73.647881,2511,NY
21.3,Other,40.961706,-72.210277,2512,NY
2,Other,40.961706,-72.210277,2512,NY
2,Other,40.961706,-72.210277,2512,NY
2,Other,40.961706,-72.210277,2512,NY
100,Natural Gas,40.61089,-73.761,2513,NY
114,Natural Gas,40.827149,-73.647473,2514,NY
114,Natural Gas,40.827149,-73.647473,2514,NY
16,Other,40.827149,-73.647473,2514,NY
55,Other,40.827149,-73.647473,2514,NY
55,Other,40.827149,-73.647473,2514,NY
53,Natural Gas,40.827149,-73.647473,2514,NY
53,Natural Gas,40.827149,-73.647473,2514,NY
2,Other,41.0425,-71.957778,2515,NY
2,Other,41.0425,-71.957778,2515,NY
2,Other,41.0425,-71.957778,2515,NY
387,Natural Gas,40.923565,-73.342323,2516,NY
387,Natural Gas,40.923565,-73.342323,2516,NY
387,Natural Gas,40.923565,-73.342323,2516,NY
16,Other,40.923565,-73.342323,2516,NY
387,Natural Gas,40.923565,-73.342323,2516,NY
46,Other,40.949696,-73.078507,2517,NY
188,Natural Gas,40.949696,-73.078507,2517,NY
188,Natural Gas,40.949696,-73.078507,2517,NY
16,Other,40.949696,-73.078507,2517,NY
53,Natural Gas,40.949696,-73.078507,2517,NY
53,Natural Gas,40.949696,-73.078507,2517,NY
46,Other,40.949696,-73.078507,2517,NY
52.9,Other,40.96159,-72.864976,2518,NY
18.6,Other,40.96159,-72.864976,2518,NY
11.5,Other,40.899997,-72.381977,2519,NY
14,Other,41.1059,-72.3761,2520,NY
52.4,Other,40.695485,-73.348573,2521,NY
1.2,Hydroelectric,44.695,-73.6219,2522,NY
1.2,Hydroelectric,44.695,-73.6219,2522,NY
3.1,Hydroelectric,44.695,-73.6219,2522,NY
43.8,Coal,42.1117,-75.9747,2526,NY
75,Coal,42.1117,-75.9747,2526,NY
50,Coal,42.6789,-76.9483,2527,NY
112,Coal,42.6789,-76.9483,2527,NY
1.7,Other,43.9719,-74.1861,2528,NY
30,Coal,42.1225434,-76.9825788,2529,NY
40,Coal,42.1225434,-76.9825788,2529,NY
4,Hydroelectric,44.6389,-73.7492,2530,NY
4,Hydroelectric,44.6389,-73.7492,2530,NY
7,Hydroelectric,44.6389,-73.7492,2530,NY
30,Coal,42.2934906,-75.4794624,2531,NY
30,Coal,42.2934906,-75.4794624,2531,NY
3.2,Hydroelectric,44.7053,-73.5967,2532,NY
3.2,Hydroelectric,44.7053,-73.5967,2532,NY
6,Hydroelectric,44.7053,-73.5967,2532,NY
2,Hydroelectric,42.4684286,-77.1134163,2533,NY
155.3,Coal,42.6028,-76.6336,2535,NY
167.2,Coal,42.6028,-76.6336,2535,NY
100,Natural Gas,42.594196,-73.763752,2539,NY
100,Natural Gas,42.594196,-73.763752,2539,NY
100,Natural Gas,42.594196,-73.763752,2539,NY
100,Natural Gas,42.594196,-73.763752,2539,NY
4,Hydroelectric,44.660338,-74.860265,2540,NY
10,Hydroelectric,43.019113,-74.741349,2543,NY
10,Hydroelectric,43.019113,-74.741349,2543,NY
0.4,Hydroelectric,43.9275,-75.3331,2544,NY
0.6,Hydroelectric,43.9275,-75.3331,2544,NY
1,Hydroelectric,43.9275,-75.3331,2544,NY
9,Hydroelectric,43.5317,-75.9531,2545,NY
9,Hydroelectric,43.5317,-75.9531,2545,NY
9,Hydroelectric,43.5317,-75.9531,2545,NY
9,Hydroelectric,43.5317,-75.9531,2545,NY
2,Hydroelectric,44.000122,-75.813151,2546,NY
2,Hydroelectric,44.000122,-75.813151,2546,NY
2,Hydroelectric,44.000122,-75.813151,2546,NY
15,Hydroelectric,44.506474,-74.753442,2547,NY
8,Hydroelectric,44.211407,-75.059441,2548,NY
8,Hydroelectric,44.211407,-75.059441,2548,NY
80,Coal,42.97,-78.93,2549,NY
100,Coal,42.97,-78.93,2549,NY
100,Coal,42.97,-78.93,2549,NY
100,Coal,42.97,-78.93,2549,NY
218,Coal,42.97,-78.93,2549,NY
218,Coal,42.97,-78.93,2549,NY
1,Hydroelectric,44.7533,-74.2169,2550,NY
1,Hydroelectric,44.7533,-74.2169,2550,NY
1,Hydroelectric,44.7533,-74.2169,2550,NY
11,Hydroelectric,44.5839,-74.9583,2551,NY
12,Hydroelectric,44.5839,-74.9583,2551,NY
13,Hydroelectric,44.5839,-74.9583,2551,NY
4,Hydroelectric,44.0381,-75.6806,2552,NY
4,Hydroelectric,44.0381,-75.6806,2552,NY
4,Hydroelectric,44.0381,-75.6806,2552,NY
80,Coal,42.491467,-79.346631,2554,NY
80,Coal,42.491467,-79.346631,2554,NY
200,Coal,42.491467,-79.346631,2554,NY
200,Coal,42.491467,-79.346631,2554,NY
2,Hydroelectric,43.909714,-75.200831,2555,NY
1,Hydroelectric,43.909714,-75.200831,2555,NY
1,Hydroelectric,43.909714,-75.200831,2555,NY
2,Hydroelectric,43.909714,-75.200831,2555,NY
0.5,Hydroelectric,44.638365,-75.49052,2556,NY
1,Hydroelectric,44.638365,-75.49052,2556,NY
1,Hydroelectric,44.638365,-75.49052,2556,NY
0.4,Hydroelectric,43.922831,-75.277923,2557,NY
0.4,Hydroelectric,43.922831,-75.277923,2557,NY
0.6,Hydroelectric,43.922831,-75.277923,2557,NY
1.6,Hydroelectric,43.922831,-75.277923,2557,NY
1,Hydroelectric,43.927536,-75.288322,2559,NY
1,Hydroelectric,43.927536,-75.288322,2559,NY
1,Hydroelectric,43.0092,-74.5372,2560,NY
1,Hydroelectric,43.0092,-74.5372,2560,NY
1,Hydroelectric,43.0092,-74.5372,2560,NY
1,Hydroelectric,43.0092,-74.5372,2560,NY
4,Hydroelectric,44.7989,-74.9856,2561,NY
24,Hydroelectric,44.527491,-74.849177,2562,NY
2,Hydroelectric,44.2217,-75.0742,2563,NY
3,Hydroelectric,44.2217,-75.0742,2563,NY
1,Hydroelectric,44.4372,-73.9725,2564,NY
1,Hydroelectric,44.4372,-73.9725,2564,NY
0.8,Hydroelectric,43.32411,-76.418984,2566,NY
0.5,Hydroelectric,43.32411,-76.418984,2566,NY
0.5,Hydroelectric,43.2358,-78.3906,2568,NY
0.5,Hydroelectric,43.2358,-78.3906,2568,NY
0.5,Hydroelectric,43.2358,-78.3906,2568,NY
5,Hydroelectric,43.323441,-76.420841,2569,NY
5,Hydroelectric,43.323441,-76.420841,2569,NY
4,Hydroelectric,44.6192,-74.9733,2571,NY
4,Hydroelectric,44.6192,-74.9733,2571,NY
1.8,Hydroelectric,44.0217,-75.6511,2572,NY
1.8,Hydroelectric,44.0217,-75.6511,2572,NY
1.8,Hydroelectric,44.0217,-75.6511,2572,NY
0.5,Hydroelectric,44.6172,-75.4042,2573,NY
0.5,Hydroelectric,44.6172,-75.4042,2573,NY
2.8,Hydroelectric,43.4436,-76.4961,2574,NY
2.8,Hydroelectric,43.4436,-76.4961,2574,NY
2.8,Hydroelectric,43.4436,-76.4961,2574,NY
3.5,Hydroelectric,43.4436,-76.4961,2574,NY
2,Hydroelectric,43.9247,-75.3731,2575,NY
2,Hydroelectric,43.9247,-75.3731,2575,NY
2,Hydroelectric,43.9247,-75.3731,2575,NY
2,Hydroelectric,44.5306,-74.9331,2576,NY
2,Hydroelectric,44.5306,-74.9331,2576,NY
2,Hydroelectric,44.5306,-74.9331,2576,NY
1.5,Hydroelectric,44.5306,-74.9331,2576,NY
1.5,Hydroelectric,44.5306,-74.9331,2576,NY
1.5,Hydroelectric,44.5306,-74.9331,2576,NY
1.5,Hydroelectric,44.5306,-74.9331,2576,NY
3,Hydroelectric,43.170948,-78.691551,2578,NY
3,Hydroelectric,43.061017,-74.764347,2579,NY
3,Hydroelectric,43.061017,-74.764347,2579,NY
2,Hydroelectric,42.920374,-73.508886,2580,NY
2,Hydroelectric,42.920374,-73.508886,2580,NY
2,Hydroelectric,44.0117,-75.7967,2581,NY
2,Hydroelectric,44.0117,-75.7967,2581,NY
2,Hydroelectric,44.0117,-75.7967,2581,NY
4,Hydroelectric,43.524103,-75.970318,2582,NY
4,Hydroelectric,43.524103,-75.970318,2582,NY
1,Hydroelectric,44.877326,-74.306288,2583,NY
0.8,Hydroelectric,42.9028547,-73.6873405,2584,NY
0.8,Hydroelectric,42.9028547,-73.6873405,2584,NY
0.8,Hydroelectric,42.9028547,-73.6873405,2584,NY
0.7,Hydroelectric,42.9028547,-73.6873405,2584,NY
0.7,Hydroelectric,42.9028547,-73.6873405,2584,NY
0.7,Hydroelectric,42.9028547,-73.6873405,2584,NY
0.7,Hydroelectric,42.9028547,-73.6873405,2584,NY
2,Hydroelectric,43.4003,-76.4739,2586,NY
2,Hydroelectric,43.4003,-76.4739,2586,NY
2,Hydroelectric,43.4003,-76.4739,2586,NY
2,Hydroelectric,43.4003,-76.4739,2586,NY
2,Hydroelectric,43.4003,-76.4739,2586,NY
4,Hydroelectric,43.8719,-75.1364,2588,NY
4,Hydroelectric,43.8719,-75.1364,2588,NY
641.8,Nuclear,43.5211,-76.41,2589,NY
1259.3,Nuclear,43.5211,-76.41,2589,NY
5,Hydroelectric,44.8053,-74.9975,2590,NY
2,Hydroelectric,44.7439,-75.0042,2591,NY
92,Other,43.4586,-76.5319,2594,NY
901.8,Other,43.4586,-76.5319,2594,NY
901.8,Other,43.4586,-76.5319,2594,NY
2,Hydroelectric,43.3161,-76.4153,2595,NY
2,Hydroelectric,43.3161,-76.4153,2595,NY
2,Hydroelectric,43.3161,-76.4153,2595,NY
1,Hydroelectric,43.3156,-76.4172,2596,NY
1,Hydroelectric,43.3156,-76.4172,2596,NY
1,Hydroelectric,43.3156,-76.4172,2596,NY
3,Hydroelectric,44.63,-74.8258,2597,NY
1.5,Hydroelectric,44.233419,-74.566217,2598,NY
0.6,Hydroelectric,44.233419,-74.566217,2598,NY
0.6,Hydroelectric,44.233419,-74.566217,2598,NY
19,Hydroelectric,43.291861,-75.147734,2599,NY
25,Hydroelectric,44.5178,-74.8228,2600,NY
2,Hydroelectric,44.835,-74.9803,2601,NY
1,Hydroelectric,44.2678,-75.1961,2604,NY
1,Hydroelectric,44.2678,-75.1961,2604,NY
1,Hydroelectric,44.2678,-75.1961,2604,NY
1,Hydroelectric,44.2678,-75.1961,2604,NY
8,Hydroelectric,42.78498,-73.707983,2605,NY
7,Hydroelectric,42.78498,-73.707983,2605,NY
7,Hydroelectric,42.78498,-73.707983,2605,NY
7,Hydroelectric,42.78498,-73.707983,2605,NY
13,Hydroelectric,42.78498,-73.707983,2605,NY
4,Hydroelectric,42.8992,-73.5989,2606,NY
4,Hydroelectric,42.8992,-73.5989,2606,NY
4,Hydroelectric,42.8992,-73.5989,2606,NY
4,Hydroelectric,42.8992,-73.5989,2606,NY
2,Hydroelectric,43.096823,-73.582107,2607,NY
1,Hydroelectric,43.9775,-75.8942,2608,NY
1,Hydroelectric,43.9775,-75.8942,2608,NY
7,Hydroelectric,43.2797,-73.7094,2609,NY
7,Hydroelectric,43.2797,-73.7094,2609,NY
7,Hydroelectric,43.2797,-73.7094,2609,NY
7,Hydroelectric,43.2797,-73.7094,2609,NY
8,Hydroelectric,43.9206,-75.2433,2610,NY
8,Hydroelectric,43.9206,-75.2433,2610,NY
21,Hydroelectric,44.5133,-74.8831,2611,NY
9,Hydroelectric,43.2339,-73.7556,2612,NY
47,Hydroelectric,43.2339,-73.7556,2612,NY
26,Hydroelectric,44.4553,-74.7614,2613,NY
36,Hydroelectric,43.2978,-73.8853,2614,NY
2,Hydroelectric,44.642181,-74.976473,2616,NY
2,Hydroelectric,44.642181,-74.976473,2616,NY
1,Hydroelectric,43.927002,-75.321877,2617,NY
1,Hydroelectric,43.927002,-75.321877,2617,NY
1,Hydroelectric,43.927002,-75.321877,2617,NY
1,Hydroelectric,43.927002,-75.321877,2617,NY
6.8,Hydroelectric,43.2758,-75.1567,2619,NY
6.4,Hydroelectric,43.2758,-75.1567,2619,NY
8.7,Hydroelectric,43.2758,-75.1567,2619,NY
2,Hydroelectric,43.4486,-76.5056,2621,NY
2,Hydroelectric,43.4486,-76.5056,2621,NY
2,Hydroelectric,43.4486,-76.5056,2621,NY
2,Hydroelectric,43.4486,-76.5056,2621,NY
2,Hydroelectric,43.3272,-78.2394,2623,NY
2,Hydroelectric,43.3272,-78.2394,2623,NY
1,Hydroelectric,44.7661,-74.9997,2624,NY
1,Hydroelectric,44.7661,-74.9997,2624,NY
555,Natural Gas,41.2044,-73.9689,2625,NY
555,Natural Gas,41.2044,-73.9689,2625,NY
18,Hydroelectric,41.8592,-74.5106,2627,NY
46.5,Natural Gas,41.1269,-74.1653,2628,NY
69,Natural Gas,41.255635,-73.982162,2629,NY
179.5,Coal,41.255635,-73.982162,2629,NY
200.6,Coal,41.255635,-73.982162,2629,NY
4,Hydroelectric,41.537722,-74.771383,2630,NY
10,Hydroelectric,41.4625,-74.7578,2631,NY
41.9,Natural Gas,41.4278,-74.4186,2632,NY
5,Hydroelectric,41.5633231,-74.7854389,2633,NY
7,Hydroelectric,41.5717,-74.7828,2634,NY
3,Hydroelectric,43.1522,-77.6098,2638,NY
6.5,Hydroelectric,43.1611,-77.615,2639,NY
19,Other,43.162437,-77.61953,2640,NY
12.8,Hydroelectric,43.1803,-77.6278,2641,NY
12.8,Hydroelectric,43.1803,-77.6278,2641,NY
18,Hydroelectric,43.1803,-77.6278,2641,NY
46,Coal,43.268263,-77.631482,2642,NY
62.5,Coal,43.268263,-77.631482,2642,NY
62.5,Coal,43.268263,-77.631482,2642,NY
81.6,Coal,43.268263,-77.631482,2642,NY
19,Natural Gas,43.151,-77.6601,2644,NY
0.6,Hydroelectric,42.5042,-78.0828,2646,NY
0.4,Hydroelectric,42.5042,-78.0828,2646,NY
2.1,Other,40.6561,-73.5922,2678,NY
2.9,Other,40.6561,-73.5922,2678,NY
3.1,Other,40.6561,-73.5922,2678,NY
5.1,Other,40.6561,-73.5922,2678,NY
9.6,Other,40.6447,-73.5683,2679,NY
9.6,Other,40.6447,-73.5683,2679,NY
18.1,Other,40.6447,-73.5683,2679,NY
60.5,Natural Gas,40.6447,-73.5683,2679,NY
1.2,Other,41.101111,-72.371944,2681,NY
1.8,Other,41.101111,-72.371944,2681,NY
3.8,Other,41.101111,-72.371944,2681,NY
28.7,Coal,42.0933,-79.2478,2682,NY
25,Coal,42.0933,-79.2478,2682,NY
47.3,Natural Gas,42.0933,-79.2478,2682,NY
2.8,Hydroelectric,42.8056,-73.72264,2685,NY
2.8,Hydroelectric,42.8056,-73.72264,2685,NY
3,Hydroelectric,42.8056,-73.72264,2685,NY
3,Hydroelectric,42.8056,-73.72264,2685,NY
2.8,Hydroelectric,42.80746,-73.84269,2686,NY
2.8,Hydroelectric,42.80746,-73.84269,2686,NY
3,Hydroelectric,42.80746,-73.84269,2686,NY
3,Hydroelectric,42.80746,-73.84269,2686,NY
250,Hydroelectric,42.4423,-74.4479,2691,NY
250,Hydroelectric,42.4423,-74.4479,2691,NY
250,Hydroelectric,42.4423,-74.4479,2691,NY
250,Hydroelectric,42.4423,-74.4479,2691,NY
20,Hydroelectric,43.1428,-79.0215,2692,NY
20,Hydroelectric,43.1428,-79.0215,2692,NY
20,Hydroelectric,43.1428,-79.0215,2692,NY
20,Hydroelectric,43.1428,-79.0215,2692,NY
20,Hydroelectric,43.1428,-79.0215,2692,NY
20,Hydroelectric,43.1428,-79.0215,2692,NY
20,Hydroelectric,43.1428,-79.0215,2692,NY
20,Hydroelectric,43.1428,-79.0215,2692,NY
20,Hydroelectric,43.1428,-79.0215,2692,NY
20,Hydroelectric,43.1428,-79.0215,2692,NY
20,Hydroelectric,43.1428,-79.0215,2692,NY
20,Hydroelectric,43.1428,-79.0215,2692,NY
193.5,Hydroelectric,43.1427,-79.0394,2693,NY
193.5,Hydroelectric,43.1427,-79.0394,2693,NY
193.5,Hydroelectric,43.1427,-79.0394,2693,NY
193.5,Hydroelectric,43.1427,-79.0394,2693,NY
193.5,Hydroelectric,43.1427,-79.0394,2693,NY
193.5,Hydroelectric,43.1427,-79.0394,2693,NY
193.5,Hydroelectric,43.1427,-79.0394,2693,NY
150.3,Hydroelectric,43.1427,-79.0394,2693,NY
150.3,Hydroelectric,43.1427,-79.0394,2693,NY
193.5,Hydroelectric,43.1427,-79.0394,2693,NY
193.5,Hydroelectric,43.1427,-79.0394,2693,NY
193.5,Hydroelectric,43.1427,-79.0394,2693,NY
193.5,Hydroelectric,43.1427,-79.0394,2693,NY
57,Hydroelectric,45.0038,-74.7994,2694,NY
57,Hydroelectric,45.0038,-74.7994,2694,NY
57,Hydroelectric,45.0038,-74.7994,2694,NY
57,Hydroelectric,45.0038,-74.7994,2694,NY
57,Hydroelectric,45.0038,-74.7994,2694,NY
57,Hydroelectric,45.0038,-74.7994,2694,NY
57,Hydroelectric,45.0038,-74.7994,2694,NY
57,Hydroelectric,45.0038,-74.7994,2694,NY
57,Hydroelectric,45.0038,-74.7994,2694,NY
57,Hydroelectric,45.0038,-74.7994,2694,NY
57,Hydroelectric,45.0038,-74.7994,2694,NY
57,Hydroelectric,45.0038,-74.7994,2694,NY
57,Hydroelectric,45.0038,-74.7994,2694,NY
57,Hydroelectric,45.0038,-74.7994,2694,NY
57,Hydroelectric,45.0038,-74.7994,2694,NY
57,Hydroelectric,45.0038,-74.7994,2694,NY
2,Other,40.6331,-73.6375,2695,NY
2.4,Other,40.6331,-73.6375,2695,NY
3.5,Natural Gas,40.6331,-73.6375,2695,NY
3.5,Natural Gas,40.6331,-73.6375,2695,NY
5.2,Natural Gas,40.6331,-73.6375,2695,NY
5.5,Natural Gas,40.6331,-73.6375,2695,NY
5.5,Natural Gas,40.6331,-73.6375,2695,NY
6.2,Natural Gas,40.6331,-73.6375,2695,NY
2.7,Hydroelectric,43.975801,-75.874669,2700,NY
2.7,Hydroelectric,43.975801,-75.874669,2700,NY
2.7,Hydroelectric,43.975801,-75.874669,2700,NY
206.6,Coal,35.4731,-82.5417,2706,NC
207,Coal,35.4731,-82.5417,2706,NC
211.7,Natural Gas,35.4731,-82.5417,2706,NC
211.8,Natural Gas,35.4731,-82.5417,2706,NC
3.2,Hydroelectric,34.9833,-79.8775,2707,NC
3.2,Hydroelectric,34.9833,-79.8775,2707,NC
3.2,Hydroelectric,34.9833,-79.8775,2707,NC
5,Hydroelectric,34.9833,-79.8775,2707,NC
5,Hydroelectric,34.9833,-79.8775,2707,NC
5,Hydroelectric,34.9833,-79.8775,2707,NC
17.5,Other,34.9833,-79.8775,2707,NC
17.5,Other,34.9833,-79.8775,2707,NC
17.5,Other,34.9833,-79.8775,2707,NC
17.5,Other,34.9833,-79.8775,2707,NC
15,Other,35.595,-79.0495,2708,NC
15,Other,35.595,-79.0495,2708,NC
140.6,Coal,35.595,-79.0495,2708,NC
187.9,Coal,35.595,-79.0495,2708,NC
18,Other,35.595,-79.0495,2708,NC
18,Other,35.595,-79.0495,2708,NC
18,Other,35.595,-79.0495,2708,NC
18,Other,35.595,-79.0495,2708,NC
75,Coal,35.379866,-78.087795,2709,NC
75,Coal,35.379866,-78.087795,2709,NC
252.4,Coal,35.379866,-78.087795,2709,NC
16.3,Other,35.379866,-78.087795,2709,NC
29.9,Other,35.379866,-78.087795,2709,NC
29.9,Other,35.379866,-78.087795,2709,NC
29.9,Other,35.379866,-78.087795,2709,NC
2.5,Hydroelectric,35.702527,-82.710571,2710,NC
2.5,Hydroelectric,35.702527,-82.710571,2710,NC
16.3,Other,34.745765,-76.810259,2711,NC
410.8,Coal,36.4833,-79.0731,2712,NC
657,Coal,36.4833,-79.0731,2712,NC
745.2,Coal,36.4833,-79.0731,2712,NC
745.2,Coal,36.4833,-79.0731,2712,NC
16.3,Other,36.4833,-79.0731,2712,NC
112.5,Coal,34.283056,-77.985278,2713,NC
112.5,Coal,34.283056,-77.985278,2713,NC
446.6,Coal,34.283056,-77.985278,2713,NC
16.3,Other,34.283056,-77.985278,2713,NC
37.5,Other,34.283056,-77.985278,2713,NC
37.5,Other,34.283056,-77.985278,2713,NC
22,Hydroelectric,35.206741,-80.06483,2714,NC
18,Hydroelectric,35.206741,-80.06483,2714,NC
22,Hydroelectric,35.206741,-80.06483,2714,NC
22,Hydroelectric,35.206741,-80.06483,2714,NC
36,Hydroelectric,35.6946,-83.0503,2715,NC
36,Hydroelectric,35.6946,-83.0503,2715,NC
36,Hydroelectric,35.6946,-83.0503,2715,NC
46,Coal,34.587538,-78.97552,2716,NC
46,Coal,34.587538,-78.97552,2716,NC
73.5,Coal,34.587538,-78.97552,2716,NC
39.7,Other,34.587538,-78.97552,2716,NC
39.7,Other,34.587538,-78.97552,2716,NC
48.6,Other,34.587538,-78.97552,2716,NC
48.6,Other,34.587538,-78.97552,2716,NC
165,Coal,35.1897,-81.0122,2718,NC
165,Coal,35.1897,-81.0122,2718,NC
275,Coal,35.1897,-81.0122,2718,NC
275,Coal,35.1897,-81.0122,2718,NC
275,Coal,35.1897,-81.0122,2718,NC
10,Hydroelectric,35.7428,-81.8372,2719,NC
10,Hydroelectric,35.7428,-81.8372,2719,NC
80,Coal,35.7133,-80.3767,2720,NC
40,Coal,35.7133,-80.3767,2720,NC
125,Coal,35.7133,-80.3767,2720,NC
125,Coal,35.7133,-80.3767,2720,NC
34.8,Natural Gas,35.7133,-80.3767,2720,NC
34.8,Natural Gas,35.7133,-80.3767,2720,NC
34.8,Natural Gas,35.7133,-80.3767,2720,NC
40,Coal,35.22,-81.7594,2721,NC
40,Coal,35.22,-81.7594,2721,NC
65,Coal,35.22,-81.7594,2721,NC
65,Coal,35.22,-81.7594,2721,NC
570.9,Coal,35.22,-81.7594,2721,NC
87.5,Hydroelectric,35.4346,-80.9588,2722,NC
87.5,Hydroelectric,35.4346,-80.9588,2722,NC
87.5,Hydroelectric,35.4346,-80.9588,2722,NC
87.5,Hydroelectric,35.4346,-80.9588,2722,NC
70,Coal,36.4862,-79.7208,2723,NC
70,Coal,36.4862,-79.7208,2723,NC
150,Coal,36.4862,-79.7208,2723,NC
35.2,Natural Gas,36.4862,-79.7208,2723,NC
35.2,Natural Gas,36.4862,-79.7208,2723,NC
27.4,Natural Gas,36.4862,-79.7208,2723,NC
8.6,Hydroelectric,35.7575,-81.0894,2726,NC
8.6,Hydroelectric,35.7575,-81.0894,2726,NC
8.6,Hydroelectric,35.7575,-81.0894,2726,NC
350,Coal,35.5975,-80.9658,2727,NC
350,Coal,35.5975,-80.9658,2727,NC
648,Coal,35.5975,-80.9658,2727,NC
648,Coal,35.5975,-80.9658,2727,NC
15,Hydroelectric,35.3339,-80.9867,2728,NC
15,Hydroelectric,35.3339,-80.9867,2728,NC
15,Hydroelectric,35.3339,-80.9867,2728,NC
15,Hydroelectric,35.3339,-80.9867,2728,NC
18,Hydroelectric,35.8214,-81.1922,2729,NC
18,Hydroelectric,35.8214,-81.1922,2729,NC
8.5,Hydroelectric,35.774234,-81.437773,2730,NC
8.5,Hydroelectric,35.774234,-81.437773,2730,NC
8.5,Hydroelectric,35.774234,-81.437773,2730,NC
100,Coal,35.36,-80.9742,2732,NC
100,Coal,35.36,-80.9742,2732,NC
133,Coal,35.36,-80.9742,2732,NC
133,Coal,35.36,-80.9742,2732,NC
33.8,Natural Gas,35.36,-80.9742,2732,NC
33.8,Natural Gas,35.36,-80.9742,2732,NC
33.8,Natural Gas,35.36,-80.9742,2732,NC
33.8,Natural Gas,35.36,-80.9742,2732,NC
2.7,Hydroelectric,35.334767,-82.186369,2735,NC
2.7,Hydroelectric,35.334767,-82.186369,2735,NC
2.5,Hydroelectric,35.245006,-82.389371,2736,NC
2.5,Hydroelectric,35.245006,-82.389371,2736,NC
9,Hydroelectric,35.242677,-83.072007,2741,NC
6.4,Hydroelectric,35.2531,-83.0983,2743,NC
0.5,Hydroelectric,35.2194,-83.3708,2745,NC
0.5,Hydroelectric,35.2194,-83.3708,2745,NC
0.6,Hydroelectric,35.0647,-83.9258,2746,NC
0.6,Hydroelectric,35.0647,-83.9258,2746,NC
0.6,Hydroelectric,35.0647,-83.9258,2746,NC
43.2,Hydroelectric,35.2715,-83.6762,2747,NC
10.8,Hydroelectric,35.2139,-83.0028,2749,NC
21.6,Hydroelectric,35.233988,-83.125398,2750,NC
3,Hydroelectric,35.247011,-83.128111,2751,NC
44.4,Hydroelectric,36.499147,-77.811543,2756,NC
44.4,Hydroelectric,36.499147,-77.811543,2756,NC
44.4,Hydroelectric,36.499147,-77.811543,2756,NC
44.4,Hydroelectric,36.499147,-77.811543,2756,NC
23.8,Other,36.066293,-75.700052,2757,NC
23.8,Other,36.066293,-75.700052,2757,NC
25,Hydroelectric,36.4789,-77.6722,2758,NC
25,Hydroelectric,36.4789,-77.6722,2758,NC
25,Hydroelectric,36.4789,-77.6722,2758,NC
25,Hydroelectric,36.4789,-77.6722,2758,NC
1.2,Hydroelectric,35.42591,-82.184005,2773,NC
2.4,Hydroelectric,35.42591,-82.184005,2773,NC
10,Hydroelectric,35.019131,-83.791438,2778,NC
81,Hydroelectric,35.4507,-83.805,2779,NC
76.5,Hydroelectric,35.4507,-83.805,2779,NC
81,Hydroelectric,35.4507,-83.805,2779,NC
70.6,Hydroelectric,35.150864,-84.177533,2780,NC
95,Hydroelectric,35.150864,-84.177533,2780,NC
3,Other,35.267222,-75.534722,2783,NC
3,Other,35.267222,-75.534722,2783,NC
3,Other,35.267222,-75.534722,2783,NC
3,Other,35.267222,-75.534722,2783,NC
3,Other,35.267222,-75.534722,2783,NC
40,Coal,46.8669,-100.8836,2790,ND
75,Coal,46.8669,-100.8836,2790,ND
5,Natural Gas,48.145,-103.1364,2791,ND
5,Natural Gas,48.145,-103.1364,2791,ND
24.1,Other,46.905665,-98.662183,2801,ND
24.1,Other,46.905665,-98.662183,2801,ND
0.6,Other,48.4108,-97.4158,2811,ND
0.8,Other,48.4108,-97.4158,2811,ND
1.3,Other,48.4108,-97.4158,2811,ND
1.3,Other,48.4108,-97.4158,2811,ND
128,Hydroelectric,47.4945,-101.4115,2815,ND
128,Hydroelectric,47.4945,-101.4115,2815,ND
128,Hydroelectric,47.4945,-101.4115,2815,ND
115,Hydroelectric,47.4945,-101.4115,2815,ND
115,Hydroelectric,47.4945,-101.4115,2815,ND
216,Coal,47.371389,-101.834444,2817,ND
440,Coal,47.371389,-101.834444,2817,ND
0.7,Other,47.9383,-97.935,2821,ND
0.7,Other,47.9383,-97.935,2821,ND
0.7,Other,47.9383,-97.935,2821,ND
1,Other,47.9383,-97.935,2821,ND
1,Other,47.9383,-97.935,2821,ND
1,Other,47.9383,-97.935,2821,ND
1.1,Other,47.9383,-97.935,2821,ND
1.1,Other,47.9383,-97.935,2821,ND
1.1,Other,47.9383,-97.935,2821,ND
1.1,Other,47.9383,-97.935,2821,ND
1.1,Other,47.9383,-97.935,2821,ND
1.6,Other,46.9986,-96.9975,2822,ND
1.6,Other,46.9986,-96.9975,2822,ND
1.6,Other,46.9986,-96.9975,2822,ND
257,Coal,47.065854,-101.213093,2823,ND
477,Coal,47.065854,-101.213093,2823,ND
190.2,Coal,47.286643,-101.331908,2824,ND
615.2,Coal,40.2522,-80.6486,2828,OH
615.2,Coal,40.2522,-80.6486,2828,OH
650,Coal,40.2522,-80.6486,2828,OH
115,Coal,38.9917,-84.2981,2830,OH
112.5,Coal,38.9917,-84.2981,2830,OH
125,Coal,38.9917,-84.2981,2830,OH
163.2,Coal,38.9917,-84.2981,2830,OH
244.8,Coal,38.9917,-84.2981,2830,OH
460.8,Coal,38.9917,-84.2981,2830,OH
52.9,Other,38.9917,-84.2981,2830,OH
52.9,Other,38.9917,-84.2981,2830,OH
52.9,Other,38.9917,-84.2981,2830,OH
52.9,Other,38.9917,-84.2981,2830,OH
100,Natural Gas,39.465,-84.3778,2831,OH
16.5,Natural Gas,39.465,-84.3778,2831,OH
21.3,Other,39.465,-84.3778,2831,OH
21.3,Other,39.465,-84.3778,2831,OH
100,Coal,39.1128,-84.8036,2832,OH
163.2,Coal,39.1128,-84.8036,2832,OH
557.1,Coal,39.1128,-84.8036,2832,OH
557.7,Coal,39.1128,-84.8036,2832,OH
16.5,Other,39.1128,-84.8036,2832,OH
16.5,Other,39.1128,-84.8036,2832,OH
16.5,Other,39.1128,-84.8036,2832,OH
16.5,Other,39.1128,-84.8036,2832,OH
256,Coal,41.9086,-80.7697,2835,OH
46,Coal,41.9086,-80.7697,2835,OH
46,Coal,41.9086,-80.7697,2835,OH
46,Coal,41.9086,-80.7697,2835,OH
46,Coal,41.9086,-80.7697,2835,OH
75,Natural Gas,41.504453,-82.054619,2836,OH
86,Coal,41.504453,-82.054619,2836,OH
680,Coal,41.504453,-82.054619,2836,OH
29,Other,41.504453,-82.054619,2836,OH
123,Coal,41.6711,-81.4425,2837,OH
123,Coal,41.6711,-81.4425,2837,OH
123,Coal,41.6711,-81.4425,2837,OH
208,Coal,41.6711,-81.4425,2837,OH
680,Coal,41.6711,-81.4425,2837,OH
32,Other,41.6711,-81.4425,2837,OH
256,Coal,41.5356,-81.6419,2838,OH
2,Other,41.5356,-81.6419,2838,OH
2,Other,41.5356,-81.6419,2838,OH
148,Coal,40.1842,-81.8811,2840,OH
136,Coal,40.1842,-81.8811,2840,OH
161.5,Coal,40.1842,-81.8811,2840,OH
841.5,Coal,40.1842,-81.8811,2840,OH
443.9,Coal,40.1842,-81.8811,2840,OH
443.9,Coal,40.1842,-81.8811,2840,OH
106.2,Coal,39.7933,-83.0097,2843,OH
103.5,Natural Gas,39.727249,-84.211084,2847,OH
106.1,Natural Gas,39.727249,-84.211084,2847,OH
99,Natural Gas,39.727249,-84.211084,2847,OH
2.7,Other,39.727249,-84.211084,2847,OH
2.7,Other,39.727249,-84.211084,2847,OH
2.7,Other,39.727249,-84.211084,2847,OH
2.7,Other,39.727249,-84.211084,2847,OH
69,Coal,39.6088,-84.2921,2848,OH
69,Coal,39.6088,-84.2921,2848,OH
69,Coal,39.6088,-84.2921,2848,OH
69,Coal,39.6088,-84.2921,2848,OH
69,Coal,39.6088,-84.2921,2848,OH
69,Coal,39.6088,-84.2921,2848,OH
32.6,Other,39.6088,-84.2921,2848,OH
610.2,Coal,38.6361,-83.6939,2850,OH
610.2,Coal,38.6361,-83.6939,2850,OH
610.2,Coal,38.6361,-83.6939,2850,OH
610.2,Coal,38.6361,-83.6939,2850,OH
2.7,Other,38.6361,-83.6939,2850,OH
2.7,Other,38.6361,-83.6939,2850,OH
2.7,Other,38.6361,-83.6939,2850,OH
2.7,Other,38.6361,-83.6939,2850,OH
2.7,Other,39.7667,-84.1739,2851,OH
2.7,Other,39.7667,-84.1739,2851,OH
2.7,Other,39.7667,-84.1739,2851,OH
2.7,Other,39.7667,-84.1739,2851,OH
2.7,Other,39.7667,-84.1739,2851,OH
2.7,Other,40.27917,-84.19097,2852,OH
2.7,Other,40.27917,-84.19097,2852,OH
2.7,Other,40.27917,-84.19097,2852,OH
2.7,Other,40.27917,-84.19097,2852,OH
2.7,Other,40.27917,-84.19097,2852,OH
18.5,Natural Gas,39.603,-84.2047,2854,OH
18.5,Natural Gas,39.603,-84.2047,2854,OH
18.5,Natural Gas,39.603,-84.2047,2854,OH
17.5,Natural Gas,39.603,-84.2047,2854,OH
17.5,Natural Gas,39.603,-84.2047,2854,OH
17.5,Natural Gas,39.603,-84.2047,2854,OH
17.5,Natural Gas,39.603,-84.2047,2854,OH
113.6,Natural Gas,41.469455,-82.186149,2857,OH
28.8,Other,41.469455,-82.186149,2857,OH
28.8,Other,41.469455,-82.186149,2857,OH
27,Other,39.9242,-83.8508,2860,OH
27,Other,39.9242,-83.8508,2860,OH
125,Coal,41.166928,-80.74769,2861,OH
125,Coal,41.166928,-80.74769,2861,OH
35,Other,41.166928,-80.74769,2861,OH
62.5,Coal,39.91,-80.760833,2864,OH
62.5,Coal,39.91,-80.760833,2864,OH
103.4,Coal,39.91,-80.760833,2864,OH
156.2,Coal,39.91,-80.760833,2864,OH
156.2,Coal,39.91,-80.760833,2864,OH
2.5,Other,39.91,-80.760833,2864,OH
2.5,Other,39.91,-80.760833,2864,OH
2.5,Other,39.91,-80.760833,2864,OH
190.4,Coal,40.5317,-80.6319,2866,OH
190.4,Coal,40.5317,-80.6319,2866,OH
190.4,Coal,40.5317,-80.6319,2866,OH
190.4,Coal,40.5317,-80.6319,2866,OH
334,Coal,40.5317,-80.6319,2866,OH
680,Coal,40.5317,-80.6319,2866,OH
680,Coal,40.5317,-80.6319,2866,OH
2.5,Other,40.5317,-80.6319,2866,OH
2.5,Other,40.5317,-80.6319,2866,OH
2.5,Other,40.5317,-80.6319,2866,OH
2.5,Other,40.5317,-80.6319,2866,OH
2.5,Other,40.5317,-80.6319,2866,OH
35,Coal,40.465315,-80.600325,2867,OH
69,Coal,40.465315,-80.600325,2867,OH
69,Coal,40.465315,-80.600325,2867,OH
85,Natural Gas,41.429444,-82.264444,2869,OH
85,Natural Gas,41.429444,-82.264444,2869,OH
85,Natural Gas,41.429444,-82.264444,2869,OH
85,Natural Gas,41.429444,-82.264444,2869,OH
85,Natural Gas,41.429444,-82.264444,2869,OH
65.3,Other,41.429444,-82.264444,2869,OH
65.3,Other,41.429444,-82.264444,2869,OH
219.6,Coal,39.5908,-81.6797,2872,OH
219.6,Coal,39.5908,-81.6797,2872,OH
237.5,Coal,39.5908,-81.6797,2872,OH
237.5,Coal,39.5908,-81.6797,2872,OH
615.2,Coal,39.5908,-81.6797,2872,OH
217.2,Coal,38.9144,-82.1289,2876,OH
217.2,Coal,38.9144,-82.1289,2876,OH
217.2,Coal,38.9144,-82.1289,2876,OH
217.2,Coal,38.9144,-82.1289,2876,OH
217.2,Coal,38.9144,-82.1289,2876,OH
72,Coal,41.6536339,-83.5156623,2877,OH
140.6,Other,41.6917,-83.4378,2878,OH
140.6,Coal,41.6917,-83.4378,2878,OH
140.6,Coal,41.6917,-83.4378,2878,OH
217.6,Coal,41.6917,-83.4378,2878,OH
16,Other,41.6917,-83.4378,2878,OH
15,Other,41.305203,-84.334622,2880,OH
15,Natural Gas,41.305203,-84.334622,2880,OH
15,Natural Gas,41.305203,-84.334622,2880,OH
135,Natural Gas,41.305203,-84.334622,2880,OH
135,Natural Gas,41.305203,-84.334622,2880,OH
135,Natural Gas,41.305203,-84.334622,2880,OH
19,Other,41.5014,-84.4283,2881,OH
0.7,Other,39.9861,-84.5503,2902,OH
0.5,Other,39.9861,-84.5503,2902,OH
15.8,Natural Gas,41.471822,-84.543148,2903,OH
16,Natural Gas,41.471822,-84.543148,2903,OH
2.5,Other,41.471822,-84.543148,2903,OH
5,Natural Gas,41.471822,-84.543148,2903,OH
16,Natural Gas,41.556867,-81.58796,2906,OH
25,Coal,41.4981736,-82.0763918,2908,OH
25,Coal,41.4981736,-82.0763918,2908,OH
25,Coal,41.4981736,-82.0763918,2908,OH
85,Coal,41.4981736,-82.0763918,2908,OH
16,Natural Gas,41.474,-81.7145,2909,OH
16,Natural Gas,41.474,-81.7145,2909,OH
4,Coal,40.520066,-81.46815,2914,OH
8,Coal,40.520066,-81.46815,2914,OH
19.5,Coal,40.520066,-81.46815,2914,OH
2.6,Other,40.520066,-81.46815,2914,OH
19.5,Natural Gas,40.520066,-81.46815,2914,OH
10,Natural Gas,39.4098,-84.5543,2917,OH
25,Natural Gas,39.4098,-84.5543,2917,OH
25,Coal,39.4098,-84.5543,2917,OH
50.6,Coal,39.4098,-84.5543,2917,OH
11.2,Natural Gas,39.4098,-84.5543,2917,OH
16.3,Natural Gas,39.4098,-84.5543,2917,OH
0.7,Other,39.432181,-84.210925,2921,OH
1.2,Other,39.432181,-84.210925,2921,OH
1.2,Other,39.432181,-84.210925,2921,OH
2,Other,39.432181,-84.210925,2921,OH
3,Other,39.432181,-84.210925,2921,OH
6,Other,39.432181,-84.210925,2921,OH
5.6,Other,39.432181,-84.210925,2921,OH
14,Other,39.432181,-84.210925,2921,OH
1.1,Other,41.2836,-82.2194,2933,OH
0.9,Other,41.2836,-82.2194,2933,OH
0.6,Other,41.2836,-82.2194,2933,OH
2,Natural Gas,41.2836,-82.2194,2933,OH
2.5,Other,41.2836,-82.2194,2933,OH
2.6,Other,41.2836,-82.2194,2933,OH
3,Other,41.2836,-82.2194,2933,OH
0.4,Natural Gas,41.2836,-82.2194,2933,OH
0.5,Natural Gas,41.2836,-82.2194,2933,OH
3.1,Natural Gas,41.2836,-82.2194,2933,OH
3.1,Natural Gas,41.2836,-82.2194,2933,OH
2.1,Natural Gas,41.2836,-82.2194,2933,OH
5,Coal,40.850964,-81.765764,2935,OH
7.5,Coal,40.850964,-81.765764,2935,OH
22,Coal,40.850964,-81.765764,2935,OH
25,Coal,40.850964,-81.765764,2935,OH
25,Coal,40.850964,-81.765764,2935,OH
7.5,Coal,41.7265,-81.254,2936,OH
16.5,Coal,41.7265,-81.254,2936,OH
22,Coal,41.7265,-81.254,2936,OH
7.5,Coal,41.7265,-81.254,2936,OH
4,Coal,40.133848,-84.237258,2937,OH
7.5,Coal,40.133848,-84.237258,2937,OH
12.5,Coal,40.133848,-84.237258,2937,OH
20,Coal,40.133848,-84.237258,2937,OH
20,Other,40.133848,-84.237258,2937,OH
0.8,Coal,40.133848,-84.237258,2937,OH
16.3,Other,40.133848,-84.237258,2937,OH
6,Coal,40.5458,-84.3889,2942,OH
10,Coal,40.5458,-84.3889,2942,OH
14,Other,40.5458,-84.3889,2942,OH
0.8,Other,40.5458,-84.3889,2942,OH
11,Natural Gas,40.5458,-84.3889,2942,OH
12.5,Coal,40.88,-82.6567,2943,OH
12.5,Coal,40.88,-82.6567,2943,OH
5,Coal,40.88,-82.6567,2943,OH
7,Coal,40.88,-82.6567,2943,OH
3,Natural Gas,40.88,-82.6567,2943,OH
0.6,Other,39.7486,-81.0958,2945,OH
1.2,Other,39.7486,-81.0958,2945,OH
1.5,Other,39.7486,-81.0958,2945,OH
2.1,Other,39.7486,-81.0958,2945,OH
1.2,Other,39.7486,-81.0958,2945,OH
1.2,Other,39.7486,-81.0958,2945,OH
73,Natural Gas,34.5050586,-96.9960081,2947,OK
15,Natural Gas,36.37125,-97.87374,2950,OK
15,Natural Gas,36.37125,-97.87374,2950,OK
15,Natural Gas,36.37125,-97.87374,2950,OK
15,Natural Gas,36.37125,-97.87374,2950,OK
163,Natural Gas,35.50866,-97.17969,2951,OK
443,Natural Gas,35.50866,-97.17969,2951,OK
60.5,Natural Gas,35.50866,-97.17969,2951,OK
60.5,Natural Gas,35.50866,-97.17969,2951,OK
27,Natural Gas,35.50866,-97.17969,2951,OK
220,Natural Gas,35.50866,-97.17969,2951,OK
173,Natural Gas,35.76135,-95.28732,2952,OK
572,Coal,35.76135,-95.28732,2952,OK
572,Coal,35.76135,-95.28732,2952,OK
572,Coal,35.76135,-95.28732,2952,OK
82,Natural Gas,35.46988,-97.67498,2953,OK
63,Natural Gas,35.46988,-97.67498,2953,OK
133,Natural Gas,35.46988,-97.67498,2953,OK
253,Natural Gas,35.46988,-97.67498,2953,OK
41,Natural Gas,35.46988,-97.67498,2953,OK
41,Natural Gas,35.46988,-97.67498,2953,OK
567,Natural Gas,34.96645,-96.7258,2956,OK
567,Natural Gas,34.96645,-96.7258,2956,OK
567,Natural Gas,34.96645,-96.7258,2956,OK
23,Natural Gas,34.96645,-96.7258,2956,OK
11,Natural Gas,36.375389,-99.370179,2958,OK
170,Natural Gas,36.4317,-95.7008,2963,OK
473,Natural Gas,36.4317,-95.7008,2963,OK
473,Coal,36.4317,-95.7008,2963,OK
473,Coal,36.4317,-95.7008,2963,OK
4.5,Other,36.4317,-95.7008,2963,OK
84,Natural Gas,35.1009,-98.3524,2964,OK
84,Natural Gas,35.1009,-98.3524,2964,OK
315,Natural Gas,35.1009,-98.3524,2964,OK
2,Other,35.1009,-98.3524,2964,OK
170,Natural Gas,36.116492,-95.990974,2965,OK
95,Natural Gas,36.116492,-95.990974,2965,OK
170,Natural Gas,36.116492,-95.990974,2965,OK
8.2,Other,36.116492,-95.990974,2965,OK
53,Natural Gas,35.3233,-96.1352,2966,OK
53,Natural Gas,35.3233,-96.1352,2966,OK
53,Natural Gas,35.3233,-96.1352,2966,OK
4,Other,35.3233,-96.1352,2966,OK
2.5,Other,35.982597,-96.775683,2975,OK
1,Other,35.982597,-96.775683,2975,OK
0.5,Other,35.982597,-96.775683,2975,OK
0.5,Other,35.982597,-96.775683,2975,OK
0.5,Other,35.982597,-96.775683,2975,OK
0.8,Other,35.982597,-96.775683,2975,OK
2.5,Other,35.982597,-96.775683,2975,OK
2.5,Other,35.982597,-96.775683,2975,OK
3,Other,35.982597,-96.775683,2975,OK
4.5,Other,35.982597,-96.775683,2975,OK
6.3,Other,35.982597,-96.775683,2975,OK
0.1,Other,36.2656,-98.4794,2978,OK
0.5,Other,36.2656,-98.4794,2978,OK
0.8,Other,36.2656,-98.4794,2978,OK
1,Other,36.2656,-98.4794,2978,OK
30,Hydroelectric,36.2317,-95.1822,2980,OK
30,Hydroelectric,36.2317,-95.1822,2980,OK
30,Hydroelectric,36.2317,-95.1822,2980,OK
30,Hydroelectric,36.2317,-95.1822,2980,OK
19.6,Hydroelectric,36.4675,-95.041389,2981,OK
19.6,Hydroelectric,36.4675,-95.041389,2981,OK
19.6,Hydroelectric,36.4675,-95.041389,2981,OK
19.6,Hydroelectric,36.4675,-95.041389,2981,OK
19.6,Hydroelectric,36.4675,-95.041389,2981,OK
19.6,Hydroelectric,36.4675,-95.041389,2981,OK
0.5,Hydroelectric,36.4675,-95.041389,2981,OK
48,Hydroelectric,36.264685,-95.103558,2982,OK
48,Hydroelectric,36.264685,-95.103558,2982,OK
48,Hydroelectric,36.264685,-95.103558,2982,OK
48,Hydroelectric,36.264685,-95.103558,2982,OK
48,Hydroelectric,36.264685,-95.103558,2982,OK
48,Hydroelectric,36.264685,-95.103558,2982,OK
35,Hydroelectric,36.1508,-96.2517,2984,OK
35,Hydroelectric,36.1508,-96.2517,2984,OK
27.5,Hydroelectric,35.34447,-94.7755,2985,OK
27.5,Hydroelectric,35.34447,-94.7755,2985,OK
27.5,Hydroelectric,35.34447,-94.7755,2985,OK
27.5,Hydroelectric,35.34447,-94.7755,2985,OK
2.8,Natural Gas,35.8575,-97.9277,2986,OK
1.3,Natural Gas,35.8575,-97.9277,2986,OK
3.1,Natural Gas,35.8575,-97.9277,2986,OK
1.1,Natural Gas,35.8575,-97.9277,2986,OK
0.8,Natural Gas,35.8575,-97.9277,2986,OK
20,Hydroelectric,35.5531,-95.1708,2987,OK
20,Hydroelectric,35.5531,-95.1708,2987,OK
20,Hydroelectric,35.5531,-95.1708,2987,OK
1.1,Natural Gas,34.8347959,-97.6025319,2990,OK
1,Natural Gas,34.8347959,-97.6025319,2990,OK
1.2,Natural Gas,34.8347959,-97.6025319,2990,OK
1.1,Natural Gas,34.8347959,-97.6025319,2990,OK
1.3,Natural Gas,34.8347959,-97.6025319,2990,OK
1.5,Natural Gas,34.8347959,-97.6025319,2990,OK
3,Natural Gas,34.8347959,-97.6025319,2990,OK
2,Natural Gas,34.8347959,-97.6025319,2990,OK
2,Natural Gas,34.8347959,-97.6025319,2990,OK
1.1,Natural Gas,34.8836,-99.5022,2991,OK
0.6,Natural Gas,34.8836,-99.5022,2991,OK
0.4,Natural Gas,34.8836,-99.5022,2991,OK
1.5,Natural Gas,34.8836,-99.5022,2991,OK
2,Natural Gas,34.8836,-99.5022,2991,OK
2.1,Natural Gas,34.8836,-99.5022,2991,OK
1.4,Other,36.6678,-96.3303,2995,OK
2,Other,36.6678,-96.3303,2995,OK
3.1,Other,36.6678,-96.3303,2995,OK
2.5,Other,36.6678,-96.3303,2995,OK
7,Other,36.7198919,-97.0859648,2997,OK
2.8,Natural Gas,36.7198919,-97.0859648,2997,OK
1.7,Natural Gas,36.7198919,-97.0859648,2997,OK
3.3,Natural Gas,36.7198919,-97.0859648,2997,OK
4,Natural Gas,36.7198919,-97.0859648,2997,OK
7,Natural Gas,36.7198919,-97.0859648,2997,OK
2.5,Other,36.7198919,-97.0859648,2997,OK
10,Natural Gas,36.1438,-97.0681,3000,OK
12.7,Natural Gas,36.1438,-97.0681,3000,OK
2,Other,36.1438,-97.0681,3000,OK
2,Other,36.1438,-97.0681,3000,OK
2,Other,36.1438,-97.0681,3000,OK
11.2,Hydroelectric,35.8693,-95.2269,3003,OK
11.2,Hydroelectric,35.8693,-95.2269,3003,OK
11.2,Hydroelectric,35.8693,-95.2269,3003,OK
11.2,Hydroelectric,35.8693,-95.2269,3003,OK
19.5,Hydroelectric,35.595,-95.0511,3004,OK
19.5,Hydroelectric,35.595,-95.0511,3004,OK
15,Natural Gas,35.0847,-98.23,3006,OK
15,Natural Gas,35.0847,-98.23,3006,OK
44,Natural Gas,35.0847,-98.23,3006,OK
100,Natural Gas,35.0847,-98.23,3006,OK
100,Natural Gas,35.0847,-98.23,3006,OK
100,Natural Gas,35.0847,-98.23,3006,OK
45,Natural Gas,36.43725,-99.22543,3008,OK
125,Natural Gas,36.43725,-99.22543,3008,OK
135,Natural Gas,36.43725,-99.22543,3008,OK
130.5,Hydroelectric,45.2439,-116.7008,3013,OR
130.5,Hydroelectric,45.2439,-116.7008,3013,OR
130.5,Hydroelectric,45.2439,-116.7008,3013,OR
47.5,Hydroelectric,44.971643,-116.835042,3014,OR
47.5,Hydroelectric,44.971643,-116.835042,3014,OR
47.5,Hydroelectric,44.971643,-116.835042,3014,OR
47.5,Hydroelectric,44.971643,-116.835042,3014,OR
15,Hydroelectric,43.251244,-122.337924,3020,OR
26,Hydroelectric,43.266894,-122.409807,3021,OR
2.8,Hydroelectric,42.514575,-122.757062,3024,OR
3.2,Hydroelectric,42.224847,-121.795496,3025,OR
11,Hydroelectric,43.274221,-122.448978,3026,OR
39.9,Hydroelectric,42.093611,-122.0703,3028,OR
39.9,Hydroelectric,42.093611,-122.0703,3028,OR
29,Hydroelectric,43.3558,-122.2494,3029,OR
6,Hydroelectric,45.7043858,-121.5019921,3031,OR
3.8,Hydroelectric,42.730717,-122.515122,3032,OR
16,Hydroelectric,42.731237,-122.513974,3033,OR
16,Hydroelectric,42.731237,-122.513974,3033,OR
7.2,Hydroelectric,42.730606,-122.41846,3034,OR
1,Hydroelectric,42.733073,-122.515079,3035,OR
18,Hydroelectric,43.2939,-122.4728,3036,OR
11,Hydroelectric,43.3061,-122.5014,3037,OR
14.2,Hydroelectric,43.272729,-122.447498,3040,OR
14.2,Hydroelectric,43.272729,-122.447498,3040,OR
14.2,Hydroelectric,43.272729,-122.447498,3040,OR
1.1,Hydroelectric,45.266702,-117.212732,3041,OR
5.2,Hydroelectric,45.4283263,-122.2336812,3044,OR
5.2,Hydroelectric,45.4283263,-122.2336812,3044,OR
5.2,Hydroelectric,45.4283263,-122.2336812,3044,OR
5.2,Hydroelectric,45.4283263,-122.2336812,3044,OR
3.1,Hydroelectric,45.268045,-122.32009,3045,OR
3.1,Hydroelectric,45.268045,-122.32009,3045,OR
2.7,Hydroelectric,45.268045,-122.32009,3045,OR
4.5,Hydroelectric,45.268045,-122.32009,3045,OR
4,Hydroelectric,45.268045,-122.32009,3045,OR
19.2,Hydroelectric,45.268045,-122.32009,3045,OR
19.2,Hydroelectric,45.243287,-122.27995,3047,OR
19.2,Hydroelectric,45.243287,-122.27995,3047,OR
45,Hydroelectric,44.694374,-121.231379,3048,OR
32.4,Hydroelectric,44.694374,-121.231379,3048,OR
32.4,Hydroelectric,44.694374,-121.231379,3048,OR
3.3,Hydroelectric,45.299991,-122.350023,3049,OR
3.3,Hydroelectric,45.299991,-122.350023,3049,OR
3.3,Hydroelectric,45.299991,-122.350023,3049,OR
3.9,Hydroelectric,45.299991,-122.350023,3049,OR
5,Hydroelectric,45.299991,-122.350023,3049,OR
82.3,Hydroelectric,44.605837,-121.277334,3050,OR
82.3,Hydroelectric,44.605837,-121.277334,3050,OR
82.3,Hydroelectric,44.605837,-121.277334,3050,OR
1.2,Hydroelectric,45.354004,-122.618954,3053,OR
1.2,Hydroelectric,45.354004,-122.618954,3053,OR
1.2,Hydroelectric,45.354004,-122.618954,3053,OR
1.2,Hydroelectric,45.354004,-122.618954,3053,OR
1.2,Hydroelectric,45.354004,-122.618954,3053,OR
1.2,Hydroelectric,45.354004,-122.618954,3053,OR
1.2,Hydroelectric,45.354004,-122.618954,3053,OR
1.2,Hydroelectric,45.354004,-122.618954,3053,OR
1,Hydroelectric,45.354004,-122.618954,3053,OR
1.2,Hydroelectric,45.354004,-122.618954,3053,OR
1.2,Hydroelectric,45.354004,-122.618954,3053,OR
1.2,Hydroelectric,45.354004,-122.618954,3053,OR
1.2,Hydroelectric,45.354004,-122.618954,3053,OR
52.2,Hydroelectric,44.285977,-122.041352,3067,OR
52.2,Hydroelectric,44.285977,-122.041352,3067,OR
9.9,Hydroelectric,44.285977,-122.041352,3067,OR
6,Hydroelectric,44.1011,-122.6892,3068,OR
7.5,Hydroelectric,44.1011,-122.6892,3068,OR
8,Hydroelectric,44.069636,-122.835046,3071,OR
18,Hydroelectric,44.7514,-122.2832,3074,OR
43.2,Hydroelectric,45.6441,-121.941009,3075,OR
59.5,Hydroelectric,45.6441,-121.941009,3075,OR
54,Hydroelectric,45.6441,-121.941009,3075,OR
54,Hydroelectric,45.6441,-121.941009,3075,OR
54,Hydroelectric,45.6441,-121.941009,3075,OR
54,Hydroelectric,45.6441,-121.941009,3075,OR
54,Hydroelectric,45.6441,-121.941009,3075,OR
54,Hydroelectric,45.6441,-121.941009,3075,OR
54,Hydroelectric,45.6441,-121.941009,3075,OR
54,Hydroelectric,45.6441,-121.941009,3075,OR
66.5,Hydroelectric,45.6441,-121.941009,3075,OR
66.5,Hydroelectric,45.6441,-121.941009,3075,OR
66.5,Hydroelectric,45.6441,-121.941009,3075,OR
66.5,Hydroelectric,45.6441,-121.941009,3075,OR
66.5,Hydroelectric,45.6441,-121.941009,3075,OR
66.5,Hydroelectric,45.6441,-121.941009,3075,OR
66.5,Hydroelectric,45.6441,-121.941009,3075,OR
66.5,Hydroelectric,45.6441,-121.941009,3075,OR
13.1,Hydroelectric,45.6441,-121.941009,3075,OR
13.1,Hydroelectric,45.6441,-121.941009,3075,OR
13,Hydroelectric,44.1307,-122.2439,3076,OR
13,Hydroelectric,44.1307,-122.2439,3076,OR
50,Hydroelectric,44.7224,-122.2511,3077,OR
50,Hydroelectric,44.7224,-122.2511,3077,OR
15,Hydroelectric,43.9242,-122.8055,3078,OR
40,Hydroelectric,44.4494,-122.5494,3080,OR
40,Hydroelectric,44.4494,-122.5494,3080,OR
15,Hydroelectric,43.7107,-122.4238,3081,OR
15,Hydroelectric,43.7107,-122.4238,3081,OR
135,Hydroelectric,45.71644,-120.69408,3082,OR
135,Hydroelectric,45.71644,-120.69408,3082,OR
135,Hydroelectric,45.71644,-120.69408,3082,OR
135,Hydroelectric,45.71644,-120.69408,3082,OR
135,Hydroelectric,45.71644,-120.69408,3082,OR
135,Hydroelectric,45.71644,-120.69408,3082,OR
135,Hydroelectric,45.71644,-120.69408,3082,OR
135,Hydroelectric,45.71644,-120.69408,3082,OR
135,Hydroelectric,45.71644,-120.69408,3082,OR
135,Hydroelectric,45.71644,-120.69408,3082,OR
135,Hydroelectric,45.71644,-120.69408,3082,OR
135,Hydroelectric,45.71644,-120.69408,3082,OR
135,Hydroelectric,45.71644,-120.69408,3082,OR
135,Hydroelectric,45.71644,-120.69408,3082,OR
135,Hydroelectric,45.71644,-120.69408,3082,OR
135,Hydroelectric,45.71644,-120.69408,3082,OR
40,Hydroelectric,43.9153,-122.7531,3083,OR
40,Hydroelectric,43.9153,-122.7531,3083,OR
40,Hydroelectric,43.9153,-122.7531,3083,OR
70,Hydroelectric,45.9402,-119.2988,3084,OR
70,Hydroelectric,45.9402,-119.2988,3084,OR
70,Hydroelectric,45.9402,-119.2988,3084,OR
70,Hydroelectric,45.9402,-119.2988,3084,OR
70,Hydroelectric,45.9402,-119.2988,3084,OR
70,Hydroelectric,45.9402,-119.2988,3084,OR
70,Hydroelectric,45.9402,-119.2988,3084,OR
70,Hydroelectric,45.9402,-119.2988,3084,OR
70,Hydroelectric,45.9402,-119.2988,3084,OR
70,Hydroelectric,45.9402,-119.2988,3084,OR
70,Hydroelectric,45.9402,-119.2988,3084,OR
70,Hydroelectric,45.9402,-119.2988,3084,OR
70,Hydroelectric,45.9402,-119.2988,3084,OR
80.5,Hydroelectric,45.9402,-119.2988,3084,OR
65.3,Natural Gas,40.464851,-80.043761,3096,PA
25.5,Other,40.464851,-80.043761,3096,PA
25.5,Other,40.464851,-80.043761,3096,PA
25.5,Other,40.464851,-80.043761,3096,PA
65.3,Natural Gas,40.464851,-80.043761,3096,PA
65.3,Natural Gas,40.464851,-80.043761,3096,PA
145,Natural Gas,40.464851,-80.043761,3096,PA
100,Coal,40.251829,-79.918022,3098,PA
100,Coal,40.251829,-79.918022,3098,PA
125,Coal,40.251829,-79.918022,3098,PA
185,Coal,40.251829,-79.918022,3098,PA
69,Coal,40.4519933,-80.0157633,3099,PA
81,Coal,40.4519933,-80.0157633,3099,PA
81,Coal,40.4519933,-80.0157633,3099,PA
179,Coal,40.4519933,-80.0157633,3099,PA
19.6,Other,39.908732,-76.988454,3109,PA
20,Natural Gas,39.8662,-77.1648,3110,PA
20,Natural Gas,39.8662,-77.1648,3110,PA
20,Natural Gas,39.8662,-77.1648,3110,PA
27,Other,40.122941,-77.172292,3111,PA
27,Other,40.122941,-77.172292,3111,PA
27,Other,39.8442,-77.3508,3112,PA
172,Coal,40.910205,-75.079398,3113,PA
255,Coal,40.910205,-75.079398,3113,PA
18,Other,40.910205,-75.079398,3113,PA
20,Other,40.910205,-75.079398,3113,PA
156,Other,40.910205,-75.079398,3113,PA
20,Other,41.061194,-75.058242,3114,PA
75,Coal,40.3056,-75.9081,3115,PA
75,Coal,40.3056,-75.9081,3115,PA
75,Coal,40.3056,-75.9081,3115,PA
18,Other,40.3056,-75.9081,3115,PA
18,Other,40.3056,-75.9081,3115,PA
27,Other,39.760634,-76.635341,3116,PA
27,Other,39.760634,-76.635341,3116,PA
19.6,Hydroelectric,40.113625,-76.71195,3117,PA
936,Coal,40.3842,-79.0611,3118,PA
936,Coal,40.3842,-79.0611,3118,PA
2.8,Other,40.3842,-79.0611,3118,PA
2.8,Other,40.3842,-79.0611,3118,PA
2.8,Other,40.3842,-79.0611,3118,PA
2.8,Other,40.3842,-79.0611,3118,PA
24,Natural Gas,41.706475,-77.08184,3120,PA
660,Coal,40.512825,-79.196107,3122,PA
660,Coal,40.512825,-79.196107,3122,PA
692,Coal,40.512825,-79.196107,3122,PA
10,Hydroelectric,41.192088,-79.433501,3124,PA
10,Hydroelectric,41.192088,-79.433501,3124,PA
10,Hydroelectric,41.192088,-79.433501,3124,PA
62,Coal,40.40625,-79.03366,3130,PA
156.2,Coal,40.40625,-79.03366,3130,PA
125,Coal,41.06755,-78.366228,3131,PA
125,Coal,41.06755,-78.366228,3131,PA
188,Coal,41.06755,-78.366228,3131,PA
188,Coal,41.06755,-78.366228,3131,PA
2,Other,41.06755,-78.366228,3131,PA
2,Other,41.06755,-78.366228,3131,PA
2,Other,41.06755,-78.366228,3131,PA
42,Coal,41.835947,-79.188668,3132,PA
42,Coal,41.835947,-79.188668,3132,PA
53.1,Other,41.835947,-79.188668,3132,PA
53,Other,41.5147355,-80.0143922,3134,PA
936,Coal,40.6604,-79.3411,3136,PA
936,Coal,40.6604,-79.3411,3136,PA
3,Other,40.6604,-79.3411,3136,PA
3,Other,40.6604,-79.3411,3136,PA
3,Other,40.6604,-79.3411,3136,PA
3,Other,40.6604,-79.3411,3136,PA
35,Coal,40.937939,-80.369007,3138,PA
35,Coal,40.937939,-80.369007,3138,PA
98,Coal,40.937939,-80.369007,3138,PA
114,Coal,40.937939,-80.369007,3138,PA
136,Coal,40.937939,-80.369007,3138,PA
3.2,Other,40.937939,-80.369007,3138,PA
3.2,Other,40.937939,-80.369007,3138,PA
16,Other,40.608388,-75.45599,3139,PA
16,Other,40.608388,-75.45599,3139,PA
16,Other,40.608388,-75.45599,3139,PA
16,Other,40.608388,-75.45599,3139,PA
363.3,Coal,40.096111,-76.6962,3140,PA
405,Coal,40.096111,-76.6962,3140,PA
790.4,Coal,40.096111,-76.6962,3140,PA
2.7,Other,40.096111,-76.6962,3140,PA
2.7,Other,40.096111,-76.6962,3140,PA
2.7,Other,40.096111,-76.6962,3140,PA
18.5,Other,40.689064,-76.219639,3142,PA
18.5,Other,40.689064,-76.219639,3142,PA
16,Other,40.257865,-76.857897,3143,PA
16,Other,40.257865,-76.857897,3143,PA
16,Other,40.257865,-76.857897,3143,PA
16,Other,40.257865,-76.857897,3143,PA
16,Other,40.9353,-76.0284,3144,PA
16,Other,40.9353,-76.0284,3144,PA
10.4,Hydroelectric,39.827198,-76.331772,3145,PA
12,Hydroelectric,39.827198,-76.331772,3145,PA
10.4,Hydroelectric,39.827198,-76.331772,3145,PA
10.4,Hydroelectric,39.827198,-76.331772,3145,PA
10.4,Hydroelectric,39.827198,-76.331772,3145,PA
10.4,Hydroelectric,39.827198,-76.331772,3145,PA
10.4,Hydroelectric,39.827198,-76.331772,3145,PA
10.4,Hydroelectric,39.827198,-76.331772,3145,PA
10.4,Hydroelectric,39.827198,-76.331772,3145,PA
12,Hydroelectric,39.827198,-76.331772,3145,PA
16,Other,41.282405,-75.816439,3146,PA
16,Other,41.282405,-75.816439,3146,PA
18.5,Other,41.1189,-77.4709,3147,PA
156.2,Coal,40.797762,-75.105416,3148,PA
156.2,Coal,40.797762,-75.105416,3148,PA
850.5,Other,40.797762,-75.105416,3148,PA
850.5,Other,40.797762,-75.105416,3148,PA
23.5,Other,40.797762,-75.105416,3148,PA
23.5,Other,40.797762,-75.105416,3148,PA
23.5,Other,40.797762,-75.105416,3148,PA
23.5,Other,40.797762,-75.105416,3148,PA
2.7,Other,40.797762,-75.105416,3148,PA
2.7,Other,40.797762,-75.105416,3148,PA
805.5,Coal,41.0714,-76.6672,3149,PA
819,Coal,41.0714,-76.6672,3149,PA
17.2,Coal,41.0714,-76.6672,3149,PA
75,Coal,40.8361,-76.825,3152,PA
90,Coal,40.8361,-76.825,3152,PA
103.5,Coal,40.8361,-76.825,3152,PA
156.2,Coal,40.8361,-76.825,3152,PA
23.6,Other,40.8361,-76.825,3152,PA
23.6,Other,40.8361,-76.825,3152,PA
5.5,Other,40.8361,-76.825,3152,PA
20,Hydroelectric,41.467858,-75.130895,3153,PA
20,Hydroelectric,41.467858,-75.130895,3153,PA
18.5,Other,40.1908,-76.94579,3154,PA
18.5,Other,40.1908,-76.94579,3154,PA
16,Other,41.2361,-77.00755,3155,PA
16,Other,41.2361,-77.00755,3155,PA
18.6,Other,39.8301,-75.3837,3157,PA
18.6,Other,39.8301,-75.3837,3157,PA
18.6,Other,39.8301,-75.3837,3157,PA
187.5,Coal,39.9604651,-75.312283,3159,PA
230,Other,39.9604651,-75.312283,3159,PA
2.7,Other,39.9604651,-75.312283,3159,PA
2.7,Other,39.968021,-75.125203,3160,PA
156.2,Other,39.968021,-75.125203,3160,PA
156.2,Other,39.968021,-75.125203,3160,PA
21.2,Other,39.968021,-75.125203,3160,PA
18.6,Other,39.968021,-75.125203,3160,PA
18.6,Other,39.968021,-75.125203,3160,PA
18.6,Other,39.968021,-75.125203,3160,PA
353.6,Coal,39.858,-75.323,3161,PA
353.6,Coal,39.858,-75.323,3161,PA
391,Other,39.858,-75.323,3161,PA
391,Other,39.858,-75.323,3161,PA
18.6,Other,39.858,-75.323,3161,PA
18.6,Other,39.858,-75.323,3161,PA
21.2,Other,39.858,-75.323,3161,PA
21.2,Other,39.858,-75.323,3161,PA
21.2,Other,40.176486,-74.789976,3162,PA
21.2,Other,40.176486,-74.789976,3162,PA
21.2,Other,40.176486,-74.789976,3162,PA
21.2,Other,40.2352,-75.6193,3163,PA
21.2,Other,40.2352,-75.6193,3163,PA
21.2,Other,40.2352,-75.6193,3163,PA
100,Hydroelectric,39.8076,-76.2993,3164,PA
100,Hydroelectric,39.8076,-76.2993,3164,PA
100,Hydroelectric,39.8076,-76.2993,3164,PA
100,Hydroelectric,39.8076,-76.2993,3164,PA
100,Hydroelectric,39.8076,-76.2993,3164,PA
100,Hydroelectric,39.8076,-76.2993,3164,PA
100,Hydroelectric,39.8076,-76.2993,3164,PA
100,Hydroelectric,39.8076,-76.2993,3164,PA
1152,Nuclear,39.758936,-76.268742,3166,PA
1152,Nuclear,39.758936,-76.268742,3166,PA
65.8,Other,39.984469,-75.075247,3168,PA
65.8,Other,39.984469,-75.075247,3168,PA
190.4,Other,39.9419,-75.1883,3169,PA
18.6,Other,39.9419,-75.1883,3169,PA
21.2,Other,39.9419,-75.1883,3169,PA
2.7,Other,39.9419,-75.1883,3169,PA
18.6,Other,39.9144,-75.135,3170,PA
18.6,Other,39.9144,-75.135,3170,PA
18.6,Other,39.9144,-75.135,3170,PA
18.6,Other,39.9144,-75.135,3170,PA
33,Hydroelectric,39.9244,-76.39,3175,PA
33,Hydroelectric,39.9244,-76.39,3175,PA
32,Hydroelectric,39.9244,-76.39,3175,PA
32,Hydroelectric,39.9244,-76.39,3175,PA
32,Hydroelectric,39.9244,-76.39,3175,PA
32,Hydroelectric,39.9244,-76.39,3175,PA
32,Hydroelectric,39.9244,-76.39,3175,PA
37.5,Hydroelectric,39.9244,-76.39,3175,PA
37.5,Hydroelectric,39.9244,-76.39,3175,PA
37.5,Hydroelectric,39.9244,-76.39,3175,PA
37.5,Hydroelectric,39.9244,-76.39,3175,PA
37.5,Hydroelectric,39.9244,-76.39,3175,PA
2,Hydroelectric,39.9244,-76.39,3175,PA
2,Hydroelectric,39.9244,-76.39,3175,PA
49.9,Coal,41.217101,-76.0955076,3176,PA
44,Natural Gas,41.217101,-76.0955076,3176,PA
163.2,Coal,40.929167,-79.465556,3178,PA
156.2,Coal,40.929167,-79.465556,3178,PA
576,Coal,39.855556,-79.9275,3179,PA
576,Coal,39.855556,-79.9275,3179,PA
576,Coal,39.855556,-79.9275,3179,PA
74.7,Other,40.221111,-79.968333,3181,PA
74.7,Other,40.221111,-79.968333,3181,PA
299.2,Coal,40.221111,-79.968333,3181,PA
74.7,Other,40.5454299,-79.7678726,3182,PA
140.6,Other,40.5454299,-79.7678726,3182,PA
125,Natural Gas,41.8167,-71.4042,3236,RI
125,Natural Gas,41.8167,-71.4042,3236,RI
48,Natural Gas,41.8167,-71.4042,3236,RI
46,Natural Gas,41.8167,-71.4042,3236,RI
125,Natural Gas,41.8167,-71.4042,3236,RI
46,Natural Gas,41.8167,-71.4042,3236,RI
1.5,Hydroelectric,41.7783921,-71.6410598,3245,RI
66.8,Natural Gas,34.4185,-80.1657,3250,SC
65.8,Other,34.4185,-80.1657,3250,SC
66.8,Natural Gas,34.4185,-80.1657,3250,SC
65.8,Other,34.4185,-80.1657,3250,SC
66.8,Natural Gas,34.4185,-80.1657,3250,SC
65.8,Other,34.4185,-80.1657,3250,SC
66.8,Natural Gas,34.4185,-80.1657,3250,SC
65.8,Other,34.4185,-80.1657,3250,SC
66.8,Other,34.4185,-80.1657,3250,SC
65.8,Other,34.4185,-80.1657,3250,SC
66.8,Other,34.4185,-80.1657,3250,SC
158,Natural Gas,34.4185,-80.1657,3250,SC
158,Natural Gas,34.4185,-80.1657,3250,SC
206.6,Coal,34.4017,-80.1589,3251,SC
768.6,Nuclear,34.4017,-80.1589,3251,SC
16.3,Natural Gas,34.4017,-80.1589,3251,SC
0.7,Hydroelectric,34.455514,-82.199339,3253,SC
0.7,Hydroelectric,34.455514,-82.199339,3253,SC
22.7,Natural Gas,34.1692,-81.9025,3254,SC
22.7,Natural Gas,34.1692,-81.9025,3254,SC
22.7,Natural Gas,34.1692,-81.9025,3254,SC
22.7,Natural Gas,34.1692,-81.9025,3254,SC
17.8,Natural Gas,34.1692,-81.9025,3254,SC
17.8,Natural Gas,34.1692,-81.9025,3254,SC
17.8,Natural Gas,34.1692,-81.9025,3254,SC
17.8,Natural Gas,34.1692,-81.9025,3254,SC
17.8,Natural Gas,34.1692,-81.9025,3254,SC
17.8,Natural Gas,34.1692,-81.9025,3254,SC
5,Hydroelectric,34.1692,-81.9025,3254,SC
5,Hydroelectric,34.1692,-81.9025,3254,SC
5,Hydroelectric,34.1692,-81.9025,3254,SC
15,Hydroelectric,34.5414,-80.8756,3255,SC
15,Hydroelectric,34.5414,-80.8756,3255,SC
15,Hydroelectric,34.5414,-80.8756,3255,SC
15,Hydroelectric,34.5583,-80.8914,3256,SC
15,Hydroelectric,34.5583,-80.8914,3256,SC
15,Hydroelectric,34.5583,-80.8914,3256,SC
9.3,Hydroelectric,34.6,-80.8928,3257,SC
8.8,Hydroelectric,34.6,-80.8928,3257,SC
8.8,Hydroelectric,34.6,-80.8928,3257,SC
9.4,Hydroelectric,34.6,-80.8928,3257,SC
6,Hydroelectric,34.6,-80.8928,3257,SC
1.4,Hydroelectric,35.1381,-81.5975,3258,SC
1.4,Hydroelectric,35.1381,-81.5975,3258,SC
1.4,Hydroelectric,35.1381,-81.5975,3258,SC
2.5,Hydroelectric,35.1381,-81.5975,3258,SC
3,Hydroelectric,34.5592,-80.8917,3259,SC
3,Hydroelectric,34.5592,-80.8917,3259,SC
3,Hydroelectric,34.5592,-80.8917,3259,SC
3,Hydroelectric,34.5592,-80.8917,3259,SC
3,Hydroelectric,34.5592,-80.8917,3259,SC
3,Hydroelectric,34.5592,-80.8917,3259,SC
3,Hydroelectric,34.5592,-80.8917,3259,SC
3,Hydroelectric,34.5592,-80.8917,3259,SC
1,Hydroelectric,34.527475,-82.374964,3261,SC
1,Hydroelectric,34.527475,-82.374964,3261,SC
1,Hydroelectric,34.527475,-82.374964,3261,SC
1,Hydroelectric,34.527475,-82.374964,3261,SC
153,Hydroelectric,34.9594,-82.9147,3262,SC
153,Hydroelectric,34.9594,-82.9147,3262,SC
153,Hydroelectric,34.9594,-82.9147,3262,SC
153,Hydroelectric,34.9594,-82.9147,3262,SC
90,Coal,34.6022,-82.435,3264,SC
90,Coal,34.6022,-82.435,3264,SC
175,Coal,34.6022,-82.435,3264,SC
35.1,Natural Gas,34.6022,-82.435,3264,SC
35.1,Natural Gas,34.6022,-82.435,3264,SC
35.1,Natural Gas,34.6022,-82.435,3264,SC
886.7,Nuclear,34.7939,-82.8986,3265,SC
886.7,Nuclear,34.7939,-82.8986,3265,SC
893.3,Nuclear,34.7939,-82.8986,3265,SC
3,Hydroelectric,34.54,-80.8778,3266,SC
3,Hydroelectric,34.54,-80.8778,3266,SC
3,Hydroelectric,34.54,-80.8778,3266,SC
3,Hydroelectric,34.54,-80.8778,3266,SC
5,Hydroelectric,34.54,-80.8778,3266,SC
5,Hydroelectric,34.54,-80.8778,3266,SC
3,Hydroelectric,34.54,-80.8778,3266,SC
3,Hydroelectric,34.54,-80.8778,3266,SC
0.6,Hydroelectric,34.852224,-82.483959,3267,SC
0.6,Hydroelectric,34.852224,-82.483959,3267,SC
0.6,Hydroelectric,34.852224,-82.483959,3267,SC
0.6,Hydroelectric,34.852224,-82.483959,3267,SC
11.2,Hydroelectric,34.3355,-80.7021,3270,SC
11.2,Hydroelectric,34.3355,-80.7021,3270,SC
11.2,Hydroelectric,34.3355,-80.7021,3270,SC
11.2,Hydroelectric,34.3355,-80.7021,3270,SC
11.2,Hydroelectric,34.3355,-80.7021,3270,SC
15,Hydroelectric,35.0218,-81.0078,3271,SC
15,Hydroelectric,35.0218,-81.0078,3271,SC
15,Hydroelectric,35.0218,-81.0078,3271,SC
15,Hydroelectric,35.0218,-81.0078,3271,SC
3,Hydroelectric,35.0314,-81.4936,3272,SC
3,Hydroelectric,35.0314,-81.4936,3272,SC
3,Hydroelectric,35.0314,-81.4936,3272,SC
3,Hydroelectric,35.0314,-81.4936,3272,SC
3,Hydroelectric,35.0314,-81.4936,3272,SC
3,Hydroelectric,35.0314,-81.4936,3272,SC
4.2,Hydroelectric,34.7792,-81.4561,3275,SC
4.2,Hydroelectric,34.7792,-81.4561,3275,SC
4.2,Hydroelectric,34.7792,-81.4561,3275,SC
4.2,Hydroelectric,34.7792,-81.4561,3275,SC
1.2,Hydroelectric,34.7792,-81.4561,3275,SC
11.5,Natural Gas,32.4249117,-80.7462994,3277,SC
11.5,Natural Gas,32.4249117,-80.7462994,3277,SC
11.5,Natural Gas,32.4249117,-80.7462994,3277,SC
136,Coal,33.0647,-80.6228,3280,SC
136,Coal,33.0647,-80.6228,3280,SC
217.6,Coal,33.0647,-80.6228,3280,SC
19.6,Natural Gas,33.980254,-81.04067,3281,SC
19.6,Natural Gas,33.980254,-81.04067,3281,SC
1.6,Hydroelectric,33.9972,-81.0494,3283,SC
1.6,Hydroelectric,33.9972,-81.0494,3283,SC
1.6,Hydroelectric,33.9972,-81.0494,3283,SC
1.3,Hydroelectric,33.9972,-81.0494,3283,SC
1.3,Hydroelectric,33.9972,-81.0494,3283,SC
1.6,Hydroelectric,33.9972,-81.0494,3283,SC
1.6,Hydroelectric,33.9972,-81.0494,3283,SC
11.5,Natural Gas,32.8509782,-80.0221014,3284,SC
122,Natural Gas,32.8265,-79.9634,3285,SC
16.3,Other,32.298805,-81.073866,3286,SC
146.8,Coal,34.0556,-81.2172,3287,SC
146.8,Coal,34.0556,-81.2172,3287,SC
1.3,Hydroelectric,34.6642,-81.4486,3289,SC
1.3,Hydroelectric,34.6642,-81.4486,3289,SC
1.3,Hydroelectric,34.6642,-81.4486,3289,SC
1.3,Hydroelectric,34.6642,-81.4486,3289,SC
2.4,Hydroelectric,34.26132,-81.330852,3290,SC
2.4,Hydroelectric,34.26132,-81.330852,3290,SC
2.4,Hydroelectric,34.26132,-81.330852,3290,SC
2.4,Hydroelectric,34.26132,-81.330852,3290,SC
2.4,Hydroelectric,34.26132,-81.330852,3290,SC
2.4,Hydroelectric,34.26132,-81.330852,3290,SC
17.5,Natural Gas,34.2642,-81.3308,3291,SC
17.5,Natural Gas,34.2642,-81.3308,3291,SC
19.5,Natural Gas,34.2642,-81.3308,3291,SC
19.5,Natural Gas,34.2642,-81.3308,3291,SC
32.5,Hydroelectric,34.0533,-81.2172,3293,SC
32.5,Hydroelectric,34.0533,-81.2172,3293,SC
32.5,Hydroelectric,34.0533,-81.2172,3293,SC
32.5,Hydroelectric,34.0533,-81.2172,3293,SC
67.5,Hydroelectric,34.0533,-81.2172,3293,SC
75,Natural Gas,33.435,-81.9111,3295,SC
75,Natural Gas,33.435,-81.9111,3295,SC
100,Coal,33.435,-81.9111,3295,SC
95,Natural Gas,33.435,-81.9111,3295,SC
95,Natural Gas,33.435,-81.9111,3295,SC
19.6,Natural Gas,33.435,-81.9111,3295,SC
16.3,Natural Gas,33.435,-81.9111,3295,SC
16.3,Natural Gas,33.435,-81.9111,3295,SC
69.3,Natural Gas,33.435,-81.9111,3295,SC
385.9,Coal,33.8264,-80.6228,3297,SC
385.9,Coal,33.8264,-80.6228,3297,SC
26.9,Natural Gas,33.0158,-79.9297,3298,SC
26.9,Natural Gas,33.0158,-79.9297,3298,SC
632.7,Coal,33.0158,-79.9297,3298,SC
1.8,Hydroelectric,34.2572,-82.6097,3305,SC
0.8,Hydroelectric,34.2572,-82.6097,3305,SC
1.1,Other,34.2572,-82.6097,3305,SC
81.6,Coal,33.8264,-79.0533,3317,SC
81.6,Coal,33.8264,-79.0533,3317,SC
26.6,Other,32.20912,-80.69867,3318,SC
26.6,Other,32.20912,-80.69867,3318,SC
64.7,Other,32.20912,-80.69867,3318,SC
50,Other,33.2422,-79.9875,3319,SC
50,Other,33.2422,-79.9875,3319,SC
172.8,Coal,33.2422,-79.9875,3319,SC
172.8,Coal,33.2422,-79.9875,3319,SC
30.6,Hydroelectric,33.2422,-79.9875,3319,SC
30.6,Hydroelectric,33.2422,-79.9875,3319,SC
30.6,Hydroelectric,33.2422,-79.9875,3319,SC
30.6,Hydroelectric,33.2422,-79.9875,3319,SC
10.2,Hydroelectric,33.2422,-79.9875,3319,SC
11.5,Other,33.7089,-78.9233,3320,SC
11.5,Other,33.7089,-78.9233,3320,SC
26.6,Other,33.7089,-78.9233,3320,SC
26.6,Other,33.7089,-78.9233,3320,SC
35.3,Other,33.7089,-78.9233,3320,SC
2,Hydroelectric,33.453759,-80.163986,3321,SC
40,Hydroelectric,33.6602,-82.1961,3323,SC
40,Hydroelectric,33.6602,-82.1961,3323,SC
48,Hydroelectric,33.6602,-82.1961,3323,SC
48,Hydroelectric,33.6602,-82.1961,3323,SC
48,Hydroelectric,33.6602,-82.1961,3323,SC
48,Hydroelectric,33.6602,-82.1961,3323,SC
48,Hydroelectric,33.6602,-82.1961,3323,SC
2,Other,44.087235,-103.260959,3325,SD
2,Other,44.087235,-103.260959,3325,SD
2,Other,44.087235,-103.260959,3325,SD
2,Other,44.087235,-103.260959,3325,SD
2,Other,44.087235,-103.260959,3325,SD
25,Natural Gas,44.087235,-103.260959,3325,SD
25,Natural Gas,44.087235,-103.260959,3325,SD
25,Natural Gas,44.087235,-103.260959,3325,SD
25,Natural Gas,44.087235,-103.260959,3325,SD
25,Coal,44.087235,-103.260959,3325,SD
75,Natural Gas,43.605126,-96.64044,3334,SD
28.8,Other,45.429884,-98.49396,3338,SD
2.7,Other,44.8733,-97.8808,3341,SD
2.7,Other,45.0356,-99.0475,3342,SD
0.6,Other,44.5217,-99.5269,3343,SD
1.3,Other,44.5217,-99.5269,3343,SD
2.7,Other,44.5217,-99.5269,3343,SD
15,Natural Gas,44.369507,-98.17223,3344,SD
42.9,Natural Gas,44.369507,-98.17223,3344,SD
0.5,Other,44.3617,-98.1896,3346,SD
1.7,Other,44.3617,-98.1896,3346,SD
1.3,Natural Gas,44.8769,-98.8739,3347,SD
1.3,Natural Gas,44.8769,-98.8739,3347,SD
1.3,Natural Gas,44.8769,-98.8739,3347,SD
0.7,Other,45.3302891,-97.5155642,3348,SD
1.9,Other,45.3302891,-97.5155642,3348,SD
24.1,Other,44.364871,-97.381063,3352,SD
24.1,Other,44.364871,-97.381063,3352,SD
112,Hydroelectric,44.4504,-100.3866,3356,SD
112,Hydroelectric,44.4504,-100.3866,3356,SD
112,Hydroelectric,44.4504,-100.3866,3356,SD
112,Hydroelectric,44.4504,-100.3866,3356,SD
112,Hydroelectric,44.4504,-100.3866,3356,SD
112,Hydroelectric,44.4504,-100.3866,3356,SD
112,Hydroelectric,44.4504,-100.3866,3356,SD
40,Hydroelectric,43.0653,-98.5539,3373,SD
40,Hydroelectric,43.0653,-98.5539,3373,SD
40,Hydroelectric,43.0653,-98.5539,3373,SD
40,Hydroelectric,43.0653,-98.5539,3373,SD
40,Hydroelectric,43.0653,-98.5539,3373,SD
40,Hydroelectric,43.0653,-98.5539,3373,SD
40,Hydroelectric,43.0653,-98.5539,3373,SD
40,Hydroelectric,43.0653,-98.5539,3373,SD
67.2,Hydroelectric,44.0384,-99.4463,3375,SD
67.2,Hydroelectric,44.0384,-99.4463,3375,SD
67.2,Hydroelectric,44.0384,-99.4463,3375,SD
58.5,Hydroelectric,44.0384,-99.4463,3375,SD
58.5,Hydroelectric,44.0384,-99.4463,3375,SD
58.5,Hydroelectric,44.0384,-99.4463,3375,SD
58.5,Hydroelectric,44.0384,-99.4463,3375,SD
58.5,Hydroelectric,44.0384,-99.4463,3375,SD
330,Coal,35.074087,-90.14868,3393,TN
330,Coal,35.074087,-90.14868,3393,TN
330,Coal,35.074087,-90.14868,3393,TN
23.9,Natural Gas,35.074087,-90.14868,3393,TN
23.9,Natural Gas,35.074087,-90.14868,3393,TN
23.9,Natural Gas,35.074087,-90.14868,3393,TN
23.9,Natural Gas,35.074087,-90.14868,3393,TN
23.9,Natural Gas,35.074087,-90.14868,3393,TN
23.9,Natural Gas,35.074087,-90.14868,3393,TN
23.9,Natural Gas,35.074087,-90.14868,3393,TN
59.6,Natural Gas,35.074087,-90.14868,3393,TN
59.6,Natural Gas,35.074087,-90.14868,3393,TN
59.6,Natural Gas,35.074087,-90.14868,3393,TN
59.6,Natural Gas,35.074087,-90.14868,3393,TN
23.9,Natural Gas,35.074087,-90.14868,3393,TN
23.9,Natural Gas,35.074087,-90.14868,3393,TN
23.9,Natural Gas,35.074087,-90.14868,3393,TN
23.9,Natural Gas,35.074087,-90.14868,3393,TN
23.9,Natural Gas,35.074087,-90.14868,3393,TN
23.9,Natural Gas,35.074087,-90.14868,3393,TN
23.9,Natural Gas,35.074087,-90.14868,3393,TN
23.9,Natural Gas,35.074087,-90.14868,3393,TN
23.9,Natural Gas,35.074087,-90.14868,3393,TN
52.2,Hydroelectric,35.167712,-84.295601,3394,TN
41.4,Hydroelectric,35.167712,-84.295601,3394,TN
26.4,Hydroelectric,36.4403,-82.4381,3395,TN
25,Hydroelectric,36.4403,-82.4381,3395,TN
29.6,Hydroelectric,36.4403,-82.4381,3395,TN
950,Coal,36.0211,-84.1567,3396,TN
33.4,Hydroelectric,36.168176,-83.49768,3397,TN
34.6,Hydroelectric,36.168176,-83.49768,3397,TN
34.6,Hydroelectric,36.168176,-83.49768,3397,TN
32.4,Hydroelectric,36.168176,-83.49768,3397,TN
39.9,Hydroelectric,35.101791,-85.229467,3398,TN
39.9,Hydroelectric,35.101791,-85.229467,3398,TN
39.9,Hydroelectric,35.101791,-85.229467,3398,TN
39.9,Hydroelectric,35.101791,-85.229467,3398,TN
1300,Coal,36.3903,-87.6539,3399,TN
1300,Coal,36.3903,-87.6539,3399,TN
31.5,Hydroelectric,35.9623,-83.5393,3400,TN
41.4,Hydroelectric,35.9623,-83.5393,3400,TN
31.5,Hydroelectric,35.9623,-83.5393,3400,TN
41.4,Hydroelectric,35.9623,-83.5393,3400,TN
29.7,Hydroelectric,36.4982,-82.5086,3401,TN
29.7,Hydroelectric,36.4982,-82.5086,3401,TN
35.5,Hydroelectric,35.7917,-84.2431,3402,TN
34.2,Hydroelectric,35.7917,-84.2431,3402,TN
34.2,Hydroelectric,35.7917,-84.2431,3402,TN
40.6,Hydroelectric,35.7917,-84.2431,3402,TN
300,Coal,36.3156,-86.4006,3403,TN
300,Coal,36.3156,-86.4006,3403,TN
327.6,Coal,36.3156,-86.4006,3403,TN
327.6,Coal,36.3156,-86.4006,3403,TN
81.3,Natural Gas,36.3156,-86.4006,3403,TN
81.3,Natural Gas,36.3156,-86.4006,3403,TN
81.3,Natural Gas,36.3156,-86.4006,3403,TN
81.3,Natural Gas,36.3156,-86.4006,3403,TN
84.5,Natural Gas,36.3156,-86.4006,3403,TN
84.5,Natural Gas,36.3156,-86.4006,3403,TN
84.5,Natural Gas,36.3156,-86.4006,3403,TN
84.5,Natural Gas,36.3156,-86.4006,3403,TN
15.3,Hydroelectric,35.806732,-85.634063,3404,TN
18.4,Hydroelectric,35.806732,-85.634063,3404,TN
200,Coal,36.3767,-82.9639,3405,TN
200,Coal,36.3767,-82.9639,3405,TN
200,Coal,36.3767,-82.9639,3405,TN
200,Coal,36.3767,-82.9639,3405,TN
125,Coal,36.0278,-87.9861,3406,TN
125,Coal,36.0278,-87.9861,3406,TN
125,Coal,36.0278,-87.9861,3406,TN
125,Coal,36.0278,-87.9861,3406,TN
147,Coal,36.0278,-87.9861,3406,TN
147,Coal,36.0278,-87.9861,3406,TN
172.8,Coal,36.0278,-87.9861,3406,TN
172.8,Coal,36.0278,-87.9861,3406,TN
172.8,Coal,36.0278,-87.9861,3406,TN
172.8,Coal,36.0278,-87.9861,3406,TN
68,Natural Gas,36.0278,-87.9861,3406,TN
68,Natural Gas,36.0278,-87.9861,3406,TN
68,Natural Gas,36.0278,-87.9861,3406,TN
68,Natural Gas,36.0278,-87.9861,3406,TN
68,Natural Gas,36.0278,-87.9861,3406,TN
68,Natural Gas,36.0278,-87.9861,3406,TN
68,Natural Gas,36.0278,-87.9861,3406,TN
84.5,Natural Gas,36.0278,-87.9861,3406,TN
84.5,Natural Gas,36.0278,-87.9861,3406,TN
84.5,Natural Gas,36.0278,-87.9861,3406,TN
84.5,Natural Gas,36.0278,-87.9861,3406,TN
68,Natural Gas,36.0278,-87.9861,3406,TN
68,Natural Gas,36.0278,-87.9861,3406,TN
68,Natural Gas,36.0278,-87.9861,3406,TN
68,Natural Gas,36.0278,-87.9861,3406,TN
68,Natural Gas,36.0278,-87.9861,3406,TN
68,Natural Gas,36.0278,-87.9861,3406,TN
68,Natural Gas,36.0278,-87.9861,3406,TN
68,Natural Gas,36.0278,-87.9861,3406,TN
68,Natural Gas,36.0278,-87.9861,3406,TN
175,Coal,35.8992,-84.5194,3407,TN
175,Coal,35.8992,-84.5194,3407,TN
175,Coal,35.8992,-84.5194,3407,TN
175,Coal,35.8992,-84.5194,3407,TN
200,Coal,35.8992,-84.5194,3407,TN
200,Coal,35.8992,-84.5194,3407,TN
200,Coal,35.8992,-84.5194,3407,TN
200,Coal,35.8992,-84.5194,3407,TN
200,Coal,35.8992,-84.5194,3407,TN
36,Hydroelectric,35.8853,-84.3003,3408,TN
36,Hydroelectric,35.8853,-84.3003,3408,TN
27.4,Hydroelectric,35.0017,-85.6218,3409,TN
27.9,Hydroelectric,35.0017,-85.6218,3409,TN
24.3,Hydroelectric,35.0017,-85.6218,3409,TN
24.3,Hydroelectric,35.0017,-85.6218,3409,TN
65.7,Hydroelectric,36.2242,-84.0914,3411,TN
65.7,Hydroelectric,36.2242,-84.0914,3411,TN
3.8,Hydroelectric,35.0947,-84.6478,3412,TN
3.8,Hydroelectric,35.0947,-84.6478,3412,TN
3.8,Hydroelectric,35.0947,-84.6478,3412,TN
3.8,Hydroelectric,35.0947,-84.6478,3412,TN
3.8,Hydroelectric,35.0947,-84.6478,3412,TN
11.5,Hydroelectric,35.082271,-84.49115,3413,TN
11.5,Hydroelectric,35.082271,-84.49115,3413,TN
28.8,Hydroelectric,35.075,-84.4833,3414,TN
40,Hydroelectric,35.0683,-88.2494,3415,TN
40,Hydroelectric,35.0683,-88.2494,3415,TN
40,Hydroelectric,35.0683,-88.2494,3415,TN
40,Hydroelectric,35.0683,-88.2494,3415,TN
40,Hydroelectric,35.0683,-88.2494,3415,TN
40,Hydroelectric,35.0683,-88.2494,3415,TN
38.5,Hydroelectric,36.523174,-82.090213,3416,TN
45,Hydroelectric,35.1967,-86.2783,3417,TN
0.7,Hydroelectric,35.1967,-86.2783,3417,TN
28.8,Hydroelectric,36.3413,-82.1264,3418,TN
28.8,Hydroelectric,36.3413,-82.1264,3418,TN
60,Coal,35.6019916,-84.7889399,3419,TN
60,Coal,35.6019916,-84.7889399,3419,TN
60,Coal,35.6019916,-84.7889399,3419,TN
60,Coal,35.6019916,-84.7889399,3419,TN
33.4,Hydroelectric,35.619673,-84.785527,3420,TN
33.4,Hydroelectric,35.619673,-84.785527,3420,TN
33.4,Hydroelectric,35.619673,-84.785527,3420,TN
33.4,Hydroelectric,35.619673,-84.785527,3420,TN
33.4,Hydroelectric,35.619673,-84.785527,3420,TN
1.2,Hydroelectric,34.883836,-84.28207,3421,TN
1.2,Hydroelectric,34.883836,-84.28207,3421,TN
1.2,Hydroelectric,34.883836,-84.28207,3421,TN
7,Hydroelectric,34.883836,-84.28207,3421,TN
33.3,Hydroelectric,36.289539,-85.94416,3423,TN
33.3,Hydroelectric,36.289539,-85.94416,3423,TN
33.3,Hydroelectric,36.289539,-85.94416,3423,TN
18,Hydroelectric,36.5378,-85.4517,3424,TN
18,Hydroelectric,36.5378,-85.4517,3424,TN
18,Hydroelectric,36.5378,-85.4517,3424,TN
28.7,Hydroelectric,36.2972,-86.6556,3426,TN
25,Hydroelectric,36.2972,-86.6556,3426,TN
25,Hydroelectric,36.2972,-86.6556,3426,TN
25,Hydroelectric,36.2972,-86.6556,3426,TN
28,Hydroelectric,36.1564,-86.6186,3428,TN
261,Natural Gas,28.647244,-96.545753,3436,TX
4,Hydroelectric,28.829535,-100.552234,3437,TX
4,Hydroelectric,28.829535,-100.552234,3437,TX
4,Hydroelectric,28.829535,-100.552234,3437,TX
75,Natural Gas,26.2240796,-98.3936905,3438,TX
113.7,Natural Gas,26.2240796,-98.3936905,3438,TX
34.5,Natural Gas,27.5667,-99.5089,3439,TX
37.5,Natural Gas,27.5667,-99.5089,3439,TX
115.2,Natural Gas,27.5667,-99.5089,3439,TX
75,Natural Gas,27.8442884,-97.6128374,3440,TX
75,Natural Gas,27.8442884,-97.6128374,3440,TX
163.2,Natural Gas,27.8442884,-97.6128374,3440,TX
261,Natural Gas,27.8442884,-97.6128374,3440,TX
32.5,Natural Gas,27.819412,-97.419203,3441,TX
180,Natural Gas,27.819412,-97.419203,3441,TX
351,Natural Gas,27.819412,-97.419203,3441,TX
23,Natural Gas,26.1393705,-97.6409739,3442,TX
23,Natural Gas,26.1393705,-97.6409739,3442,TX
163.2,Natural Gas,26.1393705,-97.6409739,3442,TX
49.1,Natural Gas,26.1393705,-97.6409739,3442,TX
75,Natural Gas,28.7883,-97.01,3443,TX
180,Natural Gas,28.7883,-97.01,3443,TX
261,Natural Gas,28.7883,-97.01,3443,TX
396.5,Natural Gas,32.8358,-96.5458,3452,TX
531,Natural Gas,32.8358,-96.5458,3452,TX
31.2,Natural Gas,32.7231,-96.9358,3453,TX
74.9,Natural Gas,32.7231,-96.9358,3453,TX
135.7,Natural Gas,32.7231,-96.9358,3453,TX
136,Natural Gas,32.7231,-96.9358,3453,TX
580.5,Natural Gas,32.7231,-96.9358,3453,TX
176.8,Natural Gas,32.9515595,-96.9762215,3454,TX
170.4,Natural Gas,32.9515595,-96.9762215,3454,TX
361.3,Natural Gas,32.9515595,-96.9762215,3454,TX
79.6,Natural Gas,32.7760031,-96.7211026,3455,TX
125,Natural Gas,32.7760031,-96.7211026,3455,TX
136,Natural Gas,32.7760031,-96.7211026,3455,TX
81.6,Natural Gas,31.983587,-106.431777,3456,TX
81.6,Natural Gas,31.983587,-106.431777,3456,TX
121.8,Natural Gas,31.983587,-106.431777,3456,TX
120,Natural Gas,31.983587,-106.431777,3456,TX
85,Natural Gas,31.983587,-106.431777,3456,TX
85,Natural Gas,31.983587,-106.431777,3456,TX
271.4,Natural Gas,30.4356,-95.5214,3457,TX
271.4,Natural Gas,30.4356,-95.5214,3457,TX
44,Natural Gas,30.0601324,-94.0392834,3458,TX
69.1,Natural Gas,30.0601324,-94.0392834,3458,TX
69.1,Natural Gas,30.0601324,-94.0392834,3458,TX
113.6,Natural Gas,30.0601324,-94.0392834,3458,TX
239.4,Natural Gas,30.0242,-93.878,3459,TX
239.4,Natural Gas,30.0242,-93.878,3459,TX
473.4,Natural Gas,30.0242,-93.878,3459,TX
591.6,Natural Gas,30.0242,-93.878,3459,TX
507.4,Natural Gas,30.0242,-93.878,3459,TX
765,Natural Gas,29.75,-94.9256,3460,TX
765,Natural Gas,29.75,-94.9256,3460,TX
765,Natural Gas,29.75,-94.9256,3460,TX
187.8,Natural Gas,29.7198738,-95.2252004,3461,TX
446.4,Natural Gas,29.822201,-95.219429,3464,TX
72,Natural Gas,29.822201,-95.219429,3464,TX
72,Natural Gas,29.822201,-95.219429,3464,TX
72,Natural Gas,29.822201,-95.219429,3464,TX
72,Natural Gas,29.822201,-95.219429,3464,TX
72,Natural Gas,29.822201,-95.219429,3464,TX
72,Natural Gas,29.822201,-95.219429,3464,TX
16,Natural Gas,29.6525574,-95.4465415,3465,TX
16,Natural Gas,29.6525574,-95.4465415,3465,TX
16,Natural Gas,29.6525574,-95.4465415,3465,TX
16,Natural Gas,29.6525574,-95.4465415,3465,TX
16,Natural Gas,29.6525574,-95.4465415,3465,TX
16,Natural Gas,29.6525574,-95.4465415,3465,TX
484.5,Natural Gas,29.4867052,-94.982735,3466,TX
484.5,Natural Gas,29.4867052,-94.982735,3466,TX
580.5,Natural Gas,29.4867052,-94.982735,3466,TX
765,Natural Gas,29.4867052,-94.982735,3466,TX
225.3,Natural Gas,29.726775,-95.059827,3468,TX
225.3,Natural Gas,29.726775,-95.059827,3468,TX
32.6,Natural Gas,29.726775,-95.059827,3468,TX
16.3,Natural Gas,29.726775,-95.059827,3468,TX
187.8,Natural Gas,29.726775,-95.059827,3468,TX
187.8,Natural Gas,29.726775,-95.059827,3468,TX
247.8,Natural Gas,29.9417,-95.5306,3469,TX
113.1,Natural Gas,29.9417,-95.5306,3469,TX
113.1,Natural Gas,29.9417,-95.5306,3469,TX
51.3,Natural Gas,29.9417,-95.5306,3469,TX
51.3,Natural Gas,29.9417,-95.5306,3469,TX
51.3,Natural Gas,29.9417,-95.5306,3469,TX
51.3,Natural Gas,29.9417,-95.5306,3469,TX
51.3,Natural Gas,29.9417,-95.5306,3469,TX
51.3,Natural Gas,29.9417,-95.5306,3469,TX
56.7,Natural Gas,29.9417,-95.5306,3469,TX
56.7,Natural Gas,29.9417,-95.5306,3469,TX
85,Natural Gas,29.9417,-95.5306,3469,TX
85,Natural Gas,29.9417,-95.5306,3469,TX
85,Natural Gas,29.9417,-95.5306,3469,TX
85,Natural Gas,29.9417,-95.5306,3469,TX
85,Natural Gas,29.9417,-95.5306,3469,TX
85,Natural Gas,29.9417,-95.5306,3469,TX
16.3,Natural Gas,29.9417,-95.5306,3469,TX
187.8,Natural Gas,29.4828,-95.6311,3470,TX
187.8,Natural Gas,29.4828,-95.6311,3470,TX
299.2,Natural Gas,29.4828,-95.6311,3470,TX
580.5,Natural Gas,29.4828,-95.6311,3470,TX
734.1,Coal,29.4828,-95.6311,3470,TX
734.1,Coal,29.4828,-95.6311,3470,TX
614.6,Coal,29.4828,-95.6311,3470,TX
614.6,Coal,29.4828,-95.6311,3470,TX
16.3,Natural Gas,29.4828,-95.6311,3470,TX
410,Natural Gas,29.522385,-95.1053878,3471,TX
16.3,Natural Gas,29.522385,-95.1053878,3471,TX
38,Natural Gas,32.3766,-94.6415,3476,TX
38,Natural Gas,32.3766,-94.6415,3476,TX
74,Natural Gas,32.3766,-94.6415,3476,TX
351,Natural Gas,32.3766,-94.6415,3476,TX
40,Natural Gas,32.9215,-94.7226,3477,TX
180,Natural Gas,32.848163,-94.547986,3478,TX
351,Natural Gas,32.848163,-94.547986,3478,TX
351,Natural Gas,32.848163,-94.547986,3478,TX
248,Natural Gas,33.5239,-101.7392,3482,TX
248,Natural Gas,33.5239,-101.7392,3482,TX
49,Natural Gas,35.9667,-101.865,3483,TX
114,Natural Gas,35.283357,-101.746423,3484,TX
114,Natural Gas,35.283357,-101.746423,3484,TX
248,Natural Gas,35.283357,-101.746423,3484,TX
48,Natural Gas,34.1661,-102.4114,3485,TX
98,Natural Gas,34.1661,-102.4114,3485,TX
98,Natural Gas,34.1661,-102.4114,3485,TX
190.4,Natural Gas,34.1661,-102.4114,3485,TX
25,Natural Gas,35.209,-101.8414,3487,TX
122.5,Natural Gas,32.9056,-97.4792,3489,TX
187.5,Natural Gas,32.9056,-97.4792,3489,TX
396.1,Natural Gas,32.9056,-97.4792,3489,TX
247.7,Natural Gas,33.1344,-98.6117,3490,TX
387,Natural Gas,33.1344,-98.6117,3490,TX
43.7,Natural Gas,32.7283,-97.2192,3491,TX
74.8,Natural Gas,32.7283,-97.2192,3491,TX
404.8,Natural Gas,32.7283,-97.2192,3491,TX
455,Natural Gas,32.7283,-97.2192,3491,TX
455,Natural Gas,32.7283,-97.2192,3491,TX
18.4,Natural Gas,32.3358,-100.9156,3492,TX
46,Natural Gas,32.3358,-100.9156,3492,TX
75,Natural Gas,32.3358,-100.9156,3492,TX
170.4,Natural Gas,32.3358,-100.9156,3492,TX
517.5,Natural Gas,32.3358,-100.9156,3492,TX
89.4,Natural Gas,32.3358,-100.9156,3492,TX
89.4,Natural Gas,32.3358,-100.9156,3492,TX
89.4,Natural Gas,32.3358,-100.9156,3492,TX
89.4,Natural Gas,32.3358,-100.9156,3492,TX
89.4,Natural Gas,32.3358,-100.9156,3492,TX
89.4,Natural Gas,32.3358,-100.9156,3492,TX
81.2,Natural Gas,32.763746,-97.3373866,3493,TX
114.9,Natural Gas,31.5839,-102.9633,3494,TX
535.5,Natural Gas,31.5839,-102.9633,3494,TX
89.4,Natural Gas,31.5839,-102.9633,3494,TX
89.4,Natural Gas,31.5839,-102.9633,3494,TX
89.4,Natural Gas,31.5839,-102.9633,3494,TX
89.4,Natural Gas,31.5839,-102.9633,3494,TX
89.4,Natural Gas,31.5839,-102.9633,3494,TX
593.4,Coal,31.8206,-96.0544,3497,TX
593.4,Coal,31.8206,-96.0544,3497,TX
156.2,Natural Gas,33.1457882,-96.8045552,3500,TX
2,Other,31.4647,-96.985,3502,TX
2,Other,31.4647,-96.985,3502,TX
2,Other,31.4647,-96.985,3502,TX
79.6,Natural Gas,31.4647,-96.985,3502,TX
236,Natural Gas,31.4647,-96.985,3502,TX
112.5,Natural Gas,33.553375,-95.3615779,3503,TX
2,Other,31.93985,-94.989834,3504,TX
2,Other,31.93985,-94.989834,3504,TX
2,Other,31.93985,-94.989834,3504,TX
2,Other,31.93985,-94.989834,3504,TX
2,Other,31.93985,-94.989834,3504,TX
176.8,Natural Gas,31.93985,-94.989834,3504,TX
526.6,Natural Gas,31.93985,-94.989834,3504,TX
580.5,Natural Gas,31.5870049,-96.9203648,3506,TX
799.2,Natural Gas,31.5870049,-96.9203648,3506,TX
239.3,Natural Gas,32.124519,-96.101277,3507,TX
2,Other,32.124519,-96.101277,3507,TX
2,Other,32.124519,-96.101277,3507,TX
198.9,Natural Gas,33.628143,-96.367605,3508,TX
580.5,Natural Gas,33.628143,-96.367605,3508,TX
396,Natural Gas,33.628143,-96.367605,3508,TX
15,Natural Gas,32.5783809,-99.6778446,3517,TX
5,Natural Gas,30.9078197,-102.9197316,3520,TX
20,Natural Gas,34.2671715,-99.6768566,3521,TX
20,Natural Gas,34.2671715,-99.6768566,3521,TX
75,Natural Gas,32.5397834,-100.3797318,3523,TX
34.5,Natural Gas,33.1576031,-99.7337014,3524,TX
37.5,Natural Gas,33.1576031,-99.7337014,3524,TX
54.4,Natural Gas,33.1576031,-99.7337014,3524,TX
115.2,Natural Gas,33.1576031,-99.7337014,3524,TX
1.1,Other,29.5651855,-104.3796521,3525,TX
1.1,Other,29.5651855,-104.3796521,3525,TX
5,Natural Gas,31.0629271,-102.388474,3526,TX
37.5,Natural Gas,31.0629271,-102.388474,3526,TX
99,Natural Gas,31.0629271,-102.388474,3526,TX
25,Natural Gas,31.3906125,-100.4910321,3527,TX
101,Natural Gas,31.3906125,-100.4910321,3527,TX
321,Natural Gas,30.3033,-97.6128,3548,TX
405,Natural Gas,30.3033,-97.6128,3548,TX
51.5,Natural Gas,30.3033,-97.6128,3548,TX
51.5,Natural Gas,30.3033,-97.6128,3548,TX
51.5,Natural Gas,30.3033,-97.6128,3548,TX
51.5,Natural Gas,30.3033,-97.6128,3548,TX
0.3,Solar,30.3033,-97.6128,3548,TX
100,Natural Gas,30.250262,-97.720121,3549,TX
100,Natural Gas,30.250262,-97.720121,3549,TX
165,Natural Gas,30.250262,-97.720121,3549,TX
193,Natural Gas,30.250262,-97.720121,3549,TX
12.5,Hydroelectric,32.872476,-98.425984,3557,TX
12.5,Hydroelectric,32.872476,-98.425984,3557,TX
2,Natural Gas,33.1798395,-102.2833627,3558,TX
3.1,Natural Gas,33.1798395,-102.2833627,3558,TX
2.7,Natural Gas,33.1798395,-102.2833627,3558,TX
3.6,Natural Gas,33.1798395,-102.2833627,3558,TX
4,Natural Gas,33.1798395,-102.2833627,3558,TX
6.5,Natural Gas,33.1798395,-102.2833627,3558,TX
24,Natural Gas,25.9131,-97.5214,3559,TX
27,Natural Gas,25.9131,-97.5214,3559,TX
59,Natural Gas,25.9131,-97.5214,3559,TX
61,Natural Gas,25.9131,-97.5214,3559,TX
1.3,Other,25.9131,-97.5214,3559,TX
1.3,Other,25.9131,-97.5214,3559,TX
1.3,Other,25.9131,-97.5214,3559,TX
1.3,Other,25.9131,-97.5214,3559,TX
1.3,Other,25.9131,-97.5214,3559,TX
1.3,Other,25.9131,-97.5214,3559,TX
1.3,Other,25.9131,-97.5214,3559,TX
1.3,Other,25.9131,-97.5214,3559,TX
13,Natural Gas,30.64741,-96.372316,3561,TX
24,Natural Gas,30.64741,-96.372316,3561,TX
25,Natural Gas,30.64741,-96.372316,3561,TX
54,Natural Gas,30.64741,-96.372316,3561,TX
22,Natural Gas,30.64741,-96.372316,3561,TX
1.5,Natural Gas,31.8321515,-99.4219132,3566,TX
1,Natural Gas,31.8321515,-99.4219132,3566,TX
1.3,Natural Gas,31.8321515,-99.4219132,3566,TX
1.5,Natural Gas,31.8321515,-99.4219132,3566,TX
2.2,Natural Gas,31.8321515,-99.4219132,3566,TX
2.5,Natural Gas,31.8321515,-99.4219132,3566,TX
1.5,Natural Gas,31.8321515,-99.4219132,3566,TX
1.3,Natural Gas,31.8321515,-99.4219132,3566,TX
4,Natural Gas,31.8321515,-99.4219132,3566,TX
0.2,Natural Gas,34.0292588,-98.9189575,3571,TX
0.2,Natural Gas,34.0292588,-98.9189575,3571,TX
0.5,Natural Gas,34.0292588,-98.9189575,3571,TX
0.5,Natural Gas,34.0292588,-98.9189575,3571,TX
1.5,Natural Gas,34.0292588,-98.9189575,3571,TX
1.2,Natural Gas,34.0292588,-98.9189575,3571,TX
1.2,Natural Gas,33.9845232,-101.3376574,3573,TX
1.2,Natural Gas,33.9845232,-101.3376574,3573,TX
1.2,Natural Gas,33.9845232,-101.3376574,3573,TX
1.2,Natural Gas,33.9845232,-101.3376574,3573,TX
2,Natural Gas,33.9845232,-101.3376574,3573,TX
7.5,Natural Gas,32.915366,-96.644108,3574,TX
7.5,Natural Gas,32.915366,-96.644108,3574,TX
18.7,Natural Gas,32.915366,-96.644108,3574,TX
18.7,Natural Gas,32.915366,-96.644108,3574,TX
44,Natural Gas,32.915366,-96.644108,3574,TX
75,Natural Gas,33.068055,-96.452481,3576,TX
113.4,Natural Gas,33.068055,-96.452481,3576,TX
156.6,Natural Gas,33.068055,-96.452481,3576,TX
82.7,Natural Gas,33.068055,-96.452481,3576,TX
1.4,Hydroelectric,29.593951,-98.040734,3581,TX
1.4,Hydroelectric,29.593951,-98.040734,3581,TX
1.8,Hydroelectric,29.640187,-98.045934,3582,TX
1.8,Hydroelectric,29.640187,-98.045934,3582,TX
2.4,Hydroelectric,29.495193,-97.624948,3583,TX
2.4,Hydroelectric,29.4681,-97.4919,3584,TX
1.2,Hydroelectric,29.537565,-97.932106,3585,TX
1.2,Hydroelectric,29.537565,-97.932106,3585,TX
2.4,Hydroelectric,29.548136,-97.999587,3586,TX
8,Hydroelectric,30.293424,-97.784408,3594,TX
8,Hydroelectric,30.293424,-97.784408,3594,TX
18.3,Hydroelectric,30.7507,-98.4176,3595,TX
18.3,Hydroelectric,30.7507,-98.4176,3595,TX
11.2,Hydroelectric,30.7507,-98.4176,3595,TX
30,Hydroelectric,30.556,-98.3384,3597,TX
30,Hydroelectric,30.556,-98.3384,3597,TX
15,Hydroelectric,30.731599,-98.385422,3598,TX
15,Hydroelectric,30.555288,-98.257593,3599,TX
15,Hydroelectric,30.555288,-98.257593,3599,TX
34,Hydroelectric,30.3899,-97.9073,3600,TX
34.5,Hydroelectric,30.3899,-97.9073,3600,TX
34,Hydroelectric,30.3899,-97.9073,3600,TX
144,Natural Gas,30.1456,-97.2708,3601,TX
144,Natural Gas,30.1456,-97.2708,3601,TX
351,Natural Gas,30.1456,-97.2708,3601,TX
44,Natural Gas,33.5211,-101.7906,3602,TX
53.6,Natural Gas,33.5211,-101.7906,3602,TX
12.5,Natural Gas,33.5211,-101.7906,3602,TX
18.5,Natural Gas,33.5211,-101.7906,3602,TX
22,Natural Gas,33.5211,-101.7906,3602,TX
11.5,Natural Gas,33.6039,-101.8408,3604,TX
11.5,Natural Gas,33.6039,-101.8408,3604,TX
22,Natural Gas,33.6039,-101.8408,3604,TX
40,Natural Gas,33.6039,-101.8408,3604,TX
22,Natural Gas,33.6039,-101.8408,3604,TX
2.4,Natural Gas,27.800237,-97.6630038,3608,TX
2.4,Natural Gas,27.800237,-97.6630038,3608,TX
2.4,Natural Gas,27.800237,-97.6630038,3608,TX
1,Natural Gas,27.800237,-97.6630038,3608,TX
1,Natural Gas,27.800237,-97.6630038,3608,TX
2.6,Natural Gas,27.800237,-97.6630038,3608,TX
4.1,Natural Gas,27.800237,-97.6630038,3608,TX
5,Natural Gas,27.800237,-97.6630038,3608,TX
75,Natural Gas,29.3525,-98.5761,3609,TX
113.7,Natural Gas,29.3525,-98.5761,3609,TX
57.4,Natural Gas,29.3525,-98.5761,3609,TX
57.4,Natural Gas,29.3525,-98.5761,3609,TX
57.4,Natural Gas,29.3525,-98.5761,3609,TX
57.4,Natural Gas,29.3525,-98.5761,3609,TX
113.6,Natural Gas,29.3366832,-98.4629124,3610,TX
446,Natural Gas,29.308056,-98.3242,3611,TX
446,Natural Gas,29.308056,-98.3242,3611,TX
225,Natural Gas,29.2567,-98.3825,3612,TX
252,Natural Gas,29.2567,-98.3825,3612,TX
417,Natural Gas,29.2567,-98.3825,3612,TX
75,Natural Gas,29.5304685,-98.4125933,3613,TX
113.6,Natural Gas,29.5304685,-98.4125933,3613,TX
113.6,Natural Gas,29.5304685,-98.4125933,3613,TX
191.7,Natural Gas,29.5304685,-98.4125933,3613,TX
0.4,Natural Gas,34.5372398,-101.7764268,3619,TX
1,Natural Gas,34.5372398,-101.7764268,3619,TX
1.1,Natural Gas,34.5372398,-101.7764268,3619,TX
1.1,Natural Gas,34.5372398,-101.7764268,3619,TX
1.8,Natural Gas,34.5372398,-101.7764268,3619,TX
1.8,Natural Gas,34.5372398,-101.7764268,3619,TX
1.7,Natural Gas,34.5372398,-101.7764268,3619,TX
4.8,Natural Gas,34.5372398,-101.7764268,3619,TX
3,Natural Gas,34.5372398,-101.7764268,3619,TX
2.4,Other,34.0801317,-99.1848213,3623,TX
1.3,Other,34.0801317,-99.1848213,3623,TX
2,Other,34.0801317,-99.1848213,3623,TX
4.1,Other,34.0801317,-99.1848213,3623,TX
1.3,Other,34.0801317,-99.1848213,3623,TX
0.3,Other,32.7553,-97.7939,3624,TX
0.3,Other,32.7553,-97.7939,3624,TX
0.3,Other,32.7553,-97.7939,3624,TX
0.8,Other,32.7553,-97.7939,3624,TX
1.4,Other,32.7553,-97.7939,3624,TX
1.3,Natural Gas,32.7553,-97.7939,3624,TX
1.3,Natural Gas,32.7553,-97.7939,3624,TX
1.2,Natural Gas,33.6554791,-96.9078319,3625,TX
0.9,Natural Gas,33.6554791,-96.9078319,3625,TX
0.5,Natural Gas,33.6554791,-96.9078319,3625,TX
1.2,Natural Gas,33.6554791,-96.9078319,3625,TX
16.5,Natural Gas,32.77878,-97.694542,3627,TX
16.5,Natural Gas,32.77878,-97.694542,3627,TX
38,Natural Gas,32.77878,-97.694542,3627,TX
66,Natural Gas,32.6581,-98.3103,3628,TX
100,Natural Gas,32.6581,-98.3103,3628,TX
200,Natural Gas,32.6581,-98.3103,3628,TX
118.8,Natural Gas,32.6581,-98.3103,3628,TX
118.8,Natural Gas,32.6581,-98.3103,3628,TX
22,Natural Gas,28.9275,-99.0919,3630,TX
22,Natural Gas,28.9275,-99.0919,3630,TX
22,Natural Gas,28.9275,-99.0919,3630,TX
11.2,Natural Gas,28.8947,-97.135,3631,TX
11.2,Natural Gas,28.8947,-97.135,3631,TX
22,Natural Gas,28.8947,-97.135,3631,TX
1.6,Other,28.8947,-97.135,3631,TX
1.6,Other,28.8947,-97.135,3631,TX
49.2,Natural Gas,28.8947,-97.135,3631,TX
49.2,Natural Gas,28.8947,-97.135,3631,TX
49.2,Natural Gas,28.8947,-97.135,3631,TX
42,Natural Gas,28.8947,-97.135,3631,TX
1.3,Hydroelectric,38.2683,-112.4806,3643,UT
1.2,Hydroelectric,38.2683,-112.4806,3643,UT
75,Coal,39.7272,-110.8644,3644,UT
113.6,Coal,39.7272,-110.8644,3644,UT
15,Hydroelectric,41.834702,-112.052114,3646,UT
15,Hydroelectric,41.834702,-112.052114,3646,UT
69,Natural Gas,40.7686,-111.9289,3648,UT
69,Natural Gas,40.7686,-111.9289,3648,UT
113.6,Natural Gas,40.7686,-111.9289,3648,UT
47,Natural Gas,40.7686,-111.9289,3648,UT
47,Natural Gas,40.7686,-111.9289,3648,UT
47,Natural Gas,40.7686,-111.9289,3648,UT
2,Hydroelectric,40.619173,-111.78208,3651,UT
2.4,Hydroelectric,40.315796,-111.654691,3655,UT
2.4,Hydroelectric,40.315796,-111.654691,3655,UT
5.5,Hydroelectric,40.315796,-111.654691,3655,UT
2.5,Hydroelectric,41.243643,-111.946478,3656,UT
2.5,Hydroelectric,41.243643,-111.946478,3656,UT
0.6,Hydroelectric,40.544942,-111.502911,3658,UT
0.6,Hydroelectric,40.544942,-111.502911,3658,UT
1,Hydroelectric,40.6236,-111.7533,3659,UT
3.8,Hydroelectric,41.137621,-111.884948,3661,UT
1.2,Natural Gas,40.886867,-111.885332,3665,UT
1.2,Natural Gas,40.886867,-111.885332,3665,UT
1,Natural Gas,40.886867,-111.885332,3665,UT
1,Natural Gas,40.886867,-111.885332,3665,UT
2.5,Natural Gas,40.886867,-111.885332,3665,UT
0.1,Other,40.886867,-111.885332,3665,UT
5.2,Natural Gas,40.886867,-111.885332,3665,UT
7,Natural Gas,40.886867,-111.885332,3665,UT
0.6,Hydroelectric,41.501619,-111.99345,3666,UT
0.6,Hydroelectric,41.501619,-111.99345,3666,UT
0.7,Hydroelectric,41.746364,-111.746023,3675,UT
0.7,Hydroelectric,41.746364,-111.746023,3675,UT
0.7,Hydroelectric,41.746364,-111.746023,3675,UT
0.1,Hydroelectric,41.746364,-111.746023,3675,UT
0.6,Other,41.746364,-111.746023,3675,UT
0.6,Hydroelectric,39.255911,-111.621491,3676,UT
1,Hydroelectric,39.255911,-111.621491,3676,UT
2.2,Natural Gas,40.6666016,-111.8950836,3683,UT
1,Natural Gas,40.6666016,-111.8950836,3683,UT
1,Natural Gas,40.6666016,-111.8950836,3683,UT
3,Natural Gas,40.6666016,-111.8950836,3683,UT
7.5,Natural Gas,40.242907,-111.663094,3686,UT
2.5,Other,40.242907,-111.663094,3686,UT
2.5,Other,40.242907,-111.663094,3686,UT
2.5,Other,40.242907,-111.663094,3686,UT
2.5,Other,40.242907,-111.663094,3686,UT
0.5,Hydroelectric,40.167136,-111.499461,3688,UT
1,Hydroelectric,40.167136,-111.499461,3688,UT
1.7,Hydroelectric,40.080042,-111.604846,3691,UT
1.7,Hydroelectric,40.080042,-111.604846,3691,UT
0.2,Hydroelectric,40.080042,-111.604846,3691,UT
2,Hydroelectric,41.136547,-111.831441,3697,UT
2,Hydroelectric,41.136547,-111.831441,3697,UT
1.9,Hydroelectric,40.7904,-111.4043,3698,UT
1.4,Hydroelectric,37.9858,-111.4383,3699,UT
1.4,Hydroelectric,37.9858,-111.4383,3699,UT
1.4,Hydroelectric,37.9858,-111.4383,3699,UT
0.6,Hydroelectric,40.53796,-110.06676,3704,UT
0.6,Hydroelectric,40.53796,-110.06676,3704,UT
13.2,Other,43.4011,-72.4203,3708,VT
1,Hydroelectric,43.9921,-72.1282,3709,VT
0.5,Hydroelectric,43.9921,-72.1282,3709,VT
0.6,Hydroelectric,43.381225,-72.598242,3710,VT
0.6,Hydroelectric,43.381225,-72.598242,3710,VT
0.5,Hydroelectric,43.381225,-72.598242,3710,VT
3,Hydroelectric,44.6356,-73.12,3711,VT
1.4,Hydroelectric,44.6534,-72.9961,3712,VT
2.1,Hydroelectric,44.6534,-72.9961,3712,VT
1,Hydroelectric,43.6368,-72.9758,3714,VT
1,Hydroelectric,43.6368,-72.9758,3714,VT
0.8,Hydroelectric,44.0249,-73.1768,3716,VT
0.8,Hydroelectric,44.0249,-73.1768,3716,VT
0.8,Hydroelectric,44.0249,-73.1768,3716,VT
3.7,Hydroelectric,44.641433,-73.113364,3717,VT
3.7,Hydroelectric,44.641433,-73.113364,3717,VT
6.3,Hydroelectric,44.6381,-73.1625,3720,VT
1.3,Hydroelectric,43.694,-72.955,3722,VT
1.3,Hydroelectric,43.694,-72.955,3722,VT
1,Hydroelectric,43.694,-72.955,3722,VT
13.2,Other,43.603,-72.9923,3723,VT
1.3,Hydroelectric,43.8954,-73.1007,3724,VT
2.2,Hydroelectric,43.898584,-73.053125,3725,VT
1.3,Other,44.808697,-73.070774,3726,VT
1.3,Other,44.808697,-73.070774,3726,VT
3,Hydroelectric,44.0661,-73.2158,3728,VT
0.9,Other,44.937653,-72.179924,3730,VT
0.9,Other,44.937653,-72.179924,3730,VT
0.9,Other,44.937653,-72.179924,3730,VT
0.9,Other,44.937653,-72.179924,3730,VT
1.1,Other,44.937653,-72.179924,3730,VT
1.1,Other,44.937653,-72.179924,3730,VT
1.1,Other,44.937653,-72.179924,3730,VT
1.7,Hydroelectric,44.937579,-72.179968,3731,VT
1.7,Hydroelectric,44.937579,-72.179968,3731,VT
0.6,Hydroelectric,44.937579,-72.179968,3731,VT
41.8,Other,44.251,-72.6027,3734,VT
18,Other,44.4906,-73.1703,3735,VT
1.8,Hydroelectric,44.4821,-73.1164,3737,VT
1.8,Hydroelectric,44.4821,-73.1164,3737,VT
1.8,Hydroelectric,44.4821,-73.1164,3737,VT
1.8,Hydroelectric,44.4821,-73.1164,3737,VT
1,Other,44.4821,-73.1164,3737,VT
1,Other,44.4821,-73.1164,3737,VT
1,Other,44.4821,-73.1164,3737,VT
1,Other,44.4821,-73.1164,3737,VT
5,Hydroelectric,44.3606,-72.3356,3739,VT
1.6,Hydroelectric,44.292391,-72.6824,3740,VT
1.6,Hydroelectric,44.292391,-72.6824,3740,VT
1,Hydroelectric,44.4056,-72.1881,3743,VT
13.6,Hydroelectric,43.1375,-72.4464,3745,VT
13.6,Hydroelectric,43.1375,-72.4464,3745,VT
13.6,Hydroelectric,43.1375,-72.4464,3745,VT
11.2,Hydroelectric,42.7936,-72.9144,3746,VT
11.2,Hydroelectric,42.7936,-72.9144,3746,VT
11.2,Hydroelectric,42.7936,-72.9144,3746,VT
1.1,Hydroelectric,44.999274,-71.530164,3750,VT
563.4,Nuclear,42.7786,-72.5133,3751,VT
0.7,Hydroelectric,44.887379,-72.055357,3753,VT
0.7,Hydroelectric,44.887379,-72.055357,3753,VT
1.4,Other,44.887379,-72.055357,3753,VT
25.5,Other,44.4814,-73.2239,3754,VT
0.3,Hydroelectric,44.500222,-71.998921,3762,VT
0.3,Hydroelectric,44.500222,-71.998921,3762,VT
1.3,Hydroelectric,44.500222,-71.998921,3762,VT
0.6,Hydroelectric,44.561831,-72.602369,3764,VT
1.2,Hydroelectric,44.561831,-72.602369,3764,VT
0.8,Hydroelectric,44.577553,-72.611861,3765,VT
0.8,Hydroelectric,44.577553,-72.611861,3765,VT
2.8,Hydroelectric,36.8081,-80.9386,3772,VA
2.8,Hydroelectric,36.8081,-80.9386,3772,VA
2.8,Hydroelectric,36.8081,-80.9386,3772,VA
5.4,Hydroelectric,36.7858,-80.9333,3773,VA
5.4,Hydroelectric,36.7858,-80.9333,3773,VA
5.4,Hydroelectric,36.7858,-80.9333,3773,VA
5.4,Hydroelectric,36.7858,-80.9333,3773,VA
18.7,Hydroelectric,37.075,-80.5847,3774,VA
18.7,Hydroelectric,37.075,-80.5847,3774,VA
18.7,Hydroelectric,37.075,-80.5847,3774,VA
18.7,Hydroelectric,37.075,-80.5847,3774,VA
237.5,Coal,36.9333,-82.1997,3775,VA
237.5,Coal,36.9333,-82.1997,3775,VA
237.5,Coal,36.9333,-82.1997,3775,VA
100,Coal,37.3706,-80.8633,3776,VA
237.5,Coal,37.3706,-80.8633,3776,VA
20,Hydroelectric,37.0933,-79.4025,3777,VA
20,Hydroelectric,37.0933,-79.4025,3777,VA
2.4,Hydroelectric,37.2544,-79.8756,3778,VA
1.2,Hydroelectric,37.2544,-79.8756,3778,VA
12.5,Hydroelectric,37.4639,-79.1856,3779,VA
2.5,Hydroelectric,37.4639,-79.1856,3779,VA
2.5,Hydroelectric,37.4639,-79.1856,3779,VA
2.5,Hydroelectric,37.4639,-79.1856,3779,VA
2.5,Hydroelectric,37.4639,-79.1856,3779,VA
66,Hydroelectric,37.0413,-79.5356,3780,VA
150.1,Hydroelectric,37.0413,-79.5356,3780,VA
115.3,Hydroelectric,37.0413,-79.5356,3780,VA
150.1,Hydroelectric,37.0413,-79.5356,3780,VA
66,Hydroelectric,37.0413,-79.5356,3780,VA
2,Other,37.2717,-75.9682,3782,VA
2,Other,37.2717,-75.9682,3782,VA
2,Other,37.2717,-75.9682,3782,VA
2,Other,37.2717,-75.9682,3782,VA
2,Other,37.2717,-75.9682,3782,VA
2,Other,37.2717,-75.9682,3782,VA
27,Other,37.7061,-75.7031,3785,VA
92,Coal,38.8203,-77.0411,3788,VA
92,Coal,38.8203,-77.0411,3788,VA
110,Coal,38.8203,-77.0411,3788,VA
110,Coal,38.8203,-77.0411,3788,VA
110,Coal,38.8203,-77.0411,3788,VA
0.6,Hydroelectric,38.676667,-78.498888,3789,VA
0.4,Hydroelectric,38.676667,-78.498888,3789,VA
0.6,Hydroelectric,38.676667,-78.498888,3789,VA
0.4,Hydroelectric,38.571389,-78.593611,3790,VA
0.4,Hydroelectric,38.571389,-78.593611,3790,VA
0.6,Hydroelectric,38.571389,-78.593611,3790,VA
69,Coal,37.7089,-78.2878,3796,VA
185.2,Coal,37.7089,-78.2878,3796,VA
112.5,Coal,37.3822,-77.3833,3797,VA
187.5,Coal,37.3822,-77.3833,3797,VA
359,Coal,37.3822,-77.3833,3797,VA
693.9,Coal,37.3822,-77.3833,3797,VA
145,Natural Gas,37.3822,-77.3833,3797,VA
148,Natural Gas,37.3822,-77.3833,3797,VA
74.4,Natural Gas,37.3822,-77.3833,3797,VA
79.2,Natural Gas,37.3822,-77.3833,3797,VA
1.5,Hydroelectric,37.592887,-79.380823,3798,VA
1.5,Hydroelectric,37.592887,-79.380823,3798,VA
1.5,Hydroelectric,37.592887,-79.380823,3798,VA
1.5,Hydroelectric,37.592887,-79.380823,3798,VA
1.5,Hydroelectric,37.592887,-79.380823,3798,VA
20.7,Other,37.777,-79.892,3799,VA
20.7,Other,37.777,-79.892,3799,VA
20.7,Other,37.777,-79.892,3799,VA
20.7,Other,37.777,-79.892,3799,VA
20.7,Other,37.95,-76.711,3800,VA
20.7,Other,37.95,-76.711,3800,VA
20.7,Other,37.95,-76.711,3800,VA
20.7,Other,37.95,-76.711,3800,VA
185.2,Coal,36.7711,-76.3019,3803,VA
16.3,Other,36.7711,-76.3019,3803,VA
23.8,Other,36.7711,-76.3019,3803,VA
23.8,Other,36.7711,-76.3019,3803,VA
23.8,Other,36.7711,-76.3019,3803,VA
23.8,Other,36.7711,-76.3019,3803,VA
18.5,Other,36.7711,-76.3019,3803,VA
16.3,Other,36.7711,-76.3019,3803,VA
16.3,Other,36.7711,-76.3019,3803,VA
112.5,Coal,36.7711,-76.3019,3803,VA
112.5,Coal,36.7711,-76.3019,3803,VA
239.3,Coal,36.7711,-76.3019,3803,VA
69,Other,38.5367,-77.2806,3804,VA
69,Other,38.5367,-77.2806,3804,VA
113.6,Natural Gas,38.5367,-77.2806,3804,VA
239.3,Natural Gas,38.5367,-77.2806,3804,VA
882,Other,38.5367,-77.2806,3804,VA
174,Natural Gas,38.5367,-77.2806,3804,VA
174,Natural Gas,38.5367,-77.2806,3804,VA
265,Natural Gas,38.5367,-77.2806,3804,VA
16,Other,38.5367,-77.2806,3804,VA
16,Other,38.5367,-77.2806,3804,VA
16,Other,38.5367,-77.2806,3804,VA
16,Other,38.5367,-77.2806,3804,VA
16,Other,38.5367,-77.2806,3804,VA
16,Other,38.5367,-77.2806,3804,VA
847.5,Nuclear,37.1661,-76.6986,3806,VA
847.5,Nuclear,37.1661,-76.6986,3806,VA
187.5,Coal,37.2144,-76.4611,3809,VA
187.5,Coal,37.2144,-76.4611,3809,VA
882,Other,37.2144,-76.4611,3809,VA
2.5,Hydroelectric,37.5736,-79.3715,3821,VA
2.5,Hydroelectric,37.5736,-79.3715,3821,VA
1.5,Natural Gas,38.4689483,-78.0033723,3823,VA
1.2,Natural Gas,38.4689483,-78.0033723,3823,VA
1.5,Other,38.4689483,-78.0033723,3823,VA
0.8,Other,38.4689483,-78.0033723,3823,VA
2,Other,38.4689483,-78.0033723,3823,VA
0.8,Other,38.4689483,-78.0033723,3823,VA
3.7,Hydroelectric,36.666866,-80.447897,3825,VA
3.7,Hydroelectric,36.666866,-80.447897,3825,VA
3.7,Hydroelectric,36.666866,-80.447897,3825,VA
1.3,Hydroelectric,36.664145,-79.883588,3826,VA
1,Hydroelectric,37.078366,-80.572726,3827,VA
12,Hydroelectric,36.59943,-78.3005,3833,VA
32,Hydroelectric,36.59943,-78.3005,3833,VA
32,Hydroelectric,36.59943,-78.3005,3833,VA
32,Hydroelectric,36.59943,-78.3005,3833,VA
32,Hydroelectric,36.59943,-78.3005,3833,VA
32,Hydroelectric,36.59943,-78.3005,3833,VA
32,Hydroelectric,36.59943,-78.3005,3833,VA
6.7,Hydroelectric,36.7803,-80.0281,3834,VA
6.7,Hydroelectric,36.7803,-80.0281,3834,VA
0.6,Hydroelectric,36.7803,-80.0281,3834,VA
729.9,Coal,46.755938,-122.859764,3845,WA
729.9,Coal,46.755938,-122.859764,3845,WA
60.5,Natural Gas,46.755938,-122.859764,3845,WA
60.5,Natural Gas,46.755938,-122.859764,3845,WA
60.5,Natural Gas,46.755938,-122.859764,3845,WA
60.5,Natural Gas,46.755938,-122.859764,3845,WA
80,Natural Gas,46.755938,-122.859764,3845,WA
4.8,Hydroelectric,45.84823,-121.504883,3846,WA
4.8,Hydroelectric,45.84823,-121.504883,3846,WA
45,Hydroelectric,45.9567,-122.554444,3847,WA
45,Hydroelectric,45.9567,-122.554444,3847,WA
45,Hydroelectric,45.9567,-122.554444,3847,WA
1,Hydroelectric,45.9567,-122.554444,3847,WA
1.4,Hydroelectric,46.7322337,-120.701035,3848,WA
3,Hydroelectric,46.6978669,-120.6529843,3849,WA
3.3,Hydroelectric,46.6978669,-120.6529843,3849,WA
80,Hydroelectric,46.060833,-122.201667,3850,WA
80,Hydroelectric,46.060833,-122.201667,3850,WA
80,Hydroelectric,46.060833,-122.201667,3850,WA
67,Hydroelectric,45.96277,-122.335467,3852,WA
67,Hydroelectric,45.96277,-122.335467,3852,WA
2.7,Other,47.1333,-122.3722,3853,WA
6,Hydroelectric,46.990967,-122.174921,3854,WA
6,Hydroelectric,46.990967,-122.174921,3854,WA
6,Hydroelectric,46.990967,-122.174921,3854,WA
7.5,Hydroelectric,46.990967,-122.174921,3854,WA
64,Hydroelectric,48.5478,-121.7407,3855,WA
1.5,Hydroelectric,47.54011,-121.83702,3860,WA
1.8,Hydroelectric,47.54011,-121.83702,3860,WA
1.5,Hydroelectric,47.54011,-121.83702,3860,WA
1.5,Hydroelectric,47.54011,-121.83702,3860,WA
5.6,Hydroelectric,47.54011,-121.83702,3860,WA
47.2,Hydroelectric,48.649,-121.6907,3861,WA
47.2,Hydroelectric,48.649,-121.6907,3861,WA
15,Hydroelectric,47.2536149,-122.2433332,3862,WA
15,Hydroelectric,47.2536149,-122.2433332,3862,WA
20,Hydroelectric,47.2536149,-122.2433332,3862,WA
20,Hydroelectric,47.2536149,-122.2433332,3862,WA
8,Hydroelectric,47.829666,-117.91862,3866,WA
8,Hydroelectric,47.829666,-117.91862,3866,WA
8,Hydroelectric,47.829666,-117.91862,3866,WA
8,Hydroelectric,47.829666,-117.91862,3866,WA
17.5,Hydroelectric,47.8367,-117.84,3867,WA
17.5,Hydroelectric,47.8367,-117.84,3867,WA
17.5,Hydroelectric,47.8367,-117.84,3867,WA
17.5,Hydroelectric,47.8367,-117.84,3867,WA
0.9,Hydroelectric,48.5953,-118.0603,3868,WA
0.3,Hydroelectric,48.5953,-118.0603,3868,WA
3.3,Hydroelectric,47.774882,-117.544334,3869,WA
3.1,Hydroelectric,47.774882,-117.544334,3869,WA
10,Hydroelectric,47.774882,-117.544334,3869,WA
10,Hydroelectric,47.774882,-117.544334,3869,WA
3,Hydroelectric,46.974912,-122.635795,3878,WA
3,Hydroelectric,46.974912,-122.635795,3878,WA
6,Hydroelectric,46.974912,-122.635795,3878,WA
111.1,Hydroelectric,47.533611,-120.295278,3883,WA
125.4,Hydroelectric,47.533611,-120.295278,3883,WA
125.4,Hydroelectric,47.533611,-120.295278,3883,WA
111.1,Hydroelectric,47.533611,-120.295278,3883,WA
111.1,Hydroelectric,47.533611,-120.295278,3883,WA
111.1,Hydroelectric,47.533611,-120.295278,3883,WA
111.1,Hydroelectric,47.533611,-120.295278,3883,WA
111.1,Hydroelectric,47.533611,-120.295278,3883,WA
111.1,Hydroelectric,47.533611,-120.295278,3883,WA
125.4,Hydroelectric,47.533611,-120.295278,3883,WA
125.4,Hydroelectric,47.533611,-120.295278,3883,WA
77.4,Hydroelectric,47.9469,-119.8653,3886,WA
77.4,Hydroelectric,47.9469,-119.8653,3886,WA
77.4,Hydroelectric,47.9469,-119.8653,3886,WA
77.4,Hydroelectric,47.9469,-119.8653,3886,WA
77.4,Hydroelectric,47.9469,-119.8653,3886,WA
77.4,Hydroelectric,47.9469,-119.8653,3886,WA
77.4,Hydroelectric,47.9469,-119.8653,3886,WA
77.4,Hydroelectric,47.9469,-119.8653,3886,WA
77.4,Hydroelectric,47.9469,-119.8653,3886,WA
77.4,Hydroelectric,47.9469,-119.8653,3886,WA
95,Hydroelectric,46.6451,-119.908,3887,WA
97.8,Hydroelectric,46.6451,-119.908,3887,WA
95,Hydroelectric,46.6451,-119.908,3887,WA
95,Hydroelectric,46.6451,-119.908,3887,WA
95,Hydroelectric,46.6451,-119.908,3887,WA
95,Hydroelectric,46.6451,-119.908,3887,WA
95,Hydroelectric,46.6451,-119.908,3887,WA
95,Hydroelectric,46.6451,-119.908,3887,WA
97.8,Hydroelectric,46.6451,-119.908,3887,WA
95,Hydroelectric,46.6451,-119.908,3887,WA
103.8,Hydroelectric,46.8731,-119.9703,3888,WA
103.8,Hydroelectric,46.8731,-119.9703,3888,WA
103.8,Hydroelectric,46.8731,-119.9703,3888,WA
103.8,Hydroelectric,46.8731,-119.9703,3888,WA
103.8,Hydroelectric,46.8731,-119.9703,3888,WA
103.8,Hydroelectric,46.8731,-119.9703,3888,WA
103.8,Hydroelectric,46.8731,-119.9703,3888,WA
103.8,Hydroelectric,46.8731,-119.9703,3888,WA
103.8,Hydroelectric,46.8731,-119.9703,3888,WA
103.8,Hydroelectric,46.8731,-119.9703,3888,WA
15,Hydroelectric,48.780856,-117.418337,3891,WA
15,Hydroelectric,48.780856,-117.418337,3891,WA
15,Hydroelectric,48.780856,-117.418337,3891,WA
15,Hydroelectric,48.780856,-117.418337,3891,WA
78,Hydroelectric,45.614,-121.1346,3895,OR
78,Hydroelectric,45.614,-121.1346,3895,OR
78,Hydroelectric,45.614,-121.1346,3895,OR
78,Hydroelectric,45.614,-121.1346,3895,OR
89.7,Hydroelectric,45.614,-121.1346,3895,OR
78,Hydroelectric,45.614,-121.1346,3895,OR
78,Hydroelectric,45.614,-121.1346,3895,OR
78,Hydroelectric,45.614,-121.1346,3895,OR
78,Hydroelectric,45.614,-121.1346,3895,OR
78,Hydroelectric,45.614,-121.1346,3895,OR
78,Hydroelectric,45.614,-121.1346,3895,OR
78,Hydroelectric,45.614,-121.1346,3895,OR
78,Hydroelectric,45.614,-121.1346,3895,OR
78,Hydroelectric,45.614,-121.1346,3895,OR
86,Hydroelectric,45.614,-121.1346,3895,OR
86,Hydroelectric,45.614,-121.1346,3895,OR
86,Hydroelectric,45.614,-121.1346,3895,OR
86,Hydroelectric,45.614,-121.1346,3895,OR
86,Hydroelectric,45.614,-121.1346,3895,OR
86,Hydroelectric,45.614,-121.1346,3895,OR
86,Hydroelectric,45.614,-121.1346,3895,OR
86,Hydroelectric,45.614,-121.1346,3895,OR
14,Hydroelectric,45.614,-121.1346,3895,OR
14,Hydroelectric,45.614,-121.1346,3895,OR
25,Hydroelectric,46.8016,-122.3102,3913,WA
25,Hydroelectric,46.8016,-122.3102,3913,WA
21.6,Hydroelectric,47.4181,-123.2252,3914,WA
21.6,Hydroelectric,47.4181,-123.2252,3914,WA
27,Hydroelectric,47.3698,-123.1603,3915,WA
27,Hydroelectric,47.3698,-123.1603,3915,WA
27,Hydroelectric,47.3698,-123.1603,3915,WA
6,Hydroelectric,46.8328,-122.3196,3916,WA
6,Hydroelectric,46.8328,-122.3196,3916,WA
6,Hydroelectric,46.8328,-122.3196,3916,WA
6,Hydroelectric,46.8328,-122.3196,3916,WA
40,Hydroelectric,46.8328,-122.3196,3916,WA
40.5,Hydroelectric,46.5035,-122.5885,3917,WA
40.5,Hydroelectric,46.5035,-122.5885,3917,WA
40.5,Hydroelectric,46.5035,-122.5885,3917,WA
40.5,Hydroelectric,46.5035,-122.5885,3917,WA
150,Hydroelectric,46.5347,-122.4247,3918,WA
150,Hydroelectric,46.5347,-122.4247,3918,WA
25,Other,47.275604,-122.393735,3920,WA
25,Other,47.275604,-122.393735,3920,WA
88.2,Hydroelectric,47.9951,-119.6404,3921,WA
88.2,Hydroelectric,47.9951,-119.6404,3921,WA
88.2,Hydroelectric,47.9951,-119.6404,3921,WA
88.2,Hydroelectric,47.9951,-119.6404,3921,WA
88.2,Hydroelectric,47.9951,-119.6404,3921,WA
88.2,Hydroelectric,47.9951,-119.6404,3921,WA
88.2,Hydroelectric,47.9951,-119.6404,3921,WA
88.2,Hydroelectric,47.9951,-119.6404,3921,WA
88.2,Hydroelectric,47.9951,-119.6404,3921,WA
88.2,Hydroelectric,47.9951,-119.6404,3921,WA
88.2,Hydroelectric,47.9951,-119.6404,3921,WA
88.2,Hydroelectric,47.9951,-119.6404,3921,WA
88.2,Hydroelectric,47.9951,-119.6404,3921,WA
88.2,Hydroelectric,47.9951,-119.6404,3921,WA
88.2,Hydroelectric,47.9951,-119.6404,3921,WA
88.2,Hydroelectric,47.9951,-119.6404,3921,WA
95,Hydroelectric,47.9951,-119.6404,3921,WA
95,Hydroelectric,47.9951,-119.6404,3921,WA
95,Hydroelectric,47.9951,-119.6404,3921,WA
95,Hydroelectric,47.9951,-119.6404,3921,WA
95,Hydroelectric,47.9951,-119.6404,3921,WA
95,Hydroelectric,47.9951,-119.6404,3921,WA
95,Hydroelectric,47.9951,-119.6404,3921,WA
95,Hydroelectric,47.9951,-119.6404,3921,WA
95,Hydroelectric,47.9951,-119.6404,3921,WA
95,Hydroelectric,47.9951,-119.6404,3921,WA
95,Hydroelectric,47.9951,-119.6404,3921,WA
90,Hydroelectric,46.249801,-118.879838,3925,WA
90,Hydroelectric,46.249801,-118.879838,3925,WA
90,Hydroelectric,46.249801,-118.879838,3925,WA
111,Hydroelectric,46.249801,-118.879838,3925,WA
111,Hydroelectric,46.249801,-118.879838,3925,WA
111,Hydroelectric,46.249801,-118.879838,3925,WA
135,Hydroelectric,46.5838,-118.0273,3926,WA
135,Hydroelectric,46.5838,-118.0273,3926,WA
135,Hydroelectric,46.5838,-118.0273,3926,WA
135,Hydroelectric,46.5838,-118.0273,3926,WA
135,Hydroelectric,46.5838,-118.0273,3926,WA
135,Hydroelectric,46.5838,-118.0273,3926,WA
135,Hydroelectric,46.5635,-118.5397,3927,WA
135,Hydroelectric,46.5635,-118.5397,3927,WA
135,Hydroelectric,46.5635,-118.5397,3927,WA
135,Hydroelectric,46.5635,-118.5397,3927,WA
135,Hydroelectric,46.5635,-118.5397,3927,WA
135,Hydroelectric,46.5635,-118.5397,3927,WA
27.5,Hydroelectric,46.603964,-121.658971,3929,WA
0.5,Other,48.7029402,-122.8868082,3930,WA
0.5,Other,48.7029402,-122.8868082,3930,WA
816.3,Coal,38.4731,-81.8233,3935,WV
816.3,Coal,38.4731,-81.8233,3935,WV
1300,Coal,38.4731,-81.8233,3935,WV
219.6,Coal,38.2056,-81.4211,3936,WV
219.6,Coal,38.2056,-81.4211,3936,WV
152.5,Coal,38.9669,-81.9231,3938,WV
152.5,Coal,38.9669,-81.9231,3938,WV
152.5,Coal,38.9669,-81.9231,3938,WV
152.5,Coal,38.9669,-81.9231,3938,WV
495.5,Coal,38.9669,-81.9231,3938,WV
69,Coal,39.488611,-79.636944,3942,WV
69,Coal,39.488611,-79.636944,3942,WV
140.2,Coal,39.488611,-79.636944,3942,WV
576,Coal,39.710833,-79.9275,3943,WV
576,Coal,39.710833,-79.9275,3943,WV
684,Coal,39.384167,-80.3325,3944,WV
684,Coal,39.384167,-80.3325,3944,WV
684,Coal,39.384167,-80.3325,3944,WV
35,Coal,39.531389,-80.113056,3945,WV
74.7,Coal,39.531389,-80.113056,3945,WV
50,Coal,39.367222,-81.3,3946,WV
163.2,Coal,39.367222,-81.3,3946,WV
237.5,Coal,39.8461,-80.8186,3947,WV
237.5,Coal,39.8461,-80.8186,3947,WV
237.5,Coal,39.8461,-80.8186,3947,WV
816.3,Coal,39.8297,-80.8153,3948,WV
816.3,Coal,39.8297,-80.8153,3948,WV
570.2,Coal,39.2008,-79.2636,3954,WV
570.2,Coal,39.2008,-79.2636,3954,WV
522,Coal,39.2008,-79.2636,3954,WV
18.5,Other,39.2008,-79.2636,3954,WV
1.4,Hydroelectric,44.4306,-89.7808,3971,WI
1.4,Hydroelectric,44.4306,-89.7808,3971,WI
0.4,Hydroelectric,44.4306,-89.7808,3971,WI
0.4,Hydroelectric,44.4306,-89.7808,3971,WI
0.4,Hydroelectric,44.4306,-89.7808,3971,WI
0.4,Hydroelectric,44.4306,-89.7808,3971,WI
0.4,Hydroelectric,44.4306,-89.7808,3971,WI
0.4,Hydroelectric,44.4306,-89.7808,3971,WI
0.8,Hydroelectric,44.4306,-89.7808,3971,WI
1.2,Hydroelectric,44.6647,-89.6511,3972,WI
2,Hydroelectric,44.6647,-89.6511,3972,WI
2,Hydroelectric,44.6647,-89.6511,3972,WI
2,Hydroelectric,44.6647,-89.6511,3972,WI
0.8,Hydroelectric,44.5153,-89.585,3973,WI
0.8,Hydroelectric,44.5153,-89.585,3973,WI
0.8,Hydroelectric,44.5153,-89.585,3973,WI
0.8,Hydroelectric,44.5153,-89.585,3973,WI
0.8,Hydroelectric,44.5153,-89.585,3973,WI
0.8,Hydroelectric,44.5153,-89.585,3973,WI
2.3,Hydroelectric,44.3939,-89.825,3974,WI
2.3,Hydroelectric,44.3939,-89.825,3974,WI
0.6,Hydroelectric,44.3939,-89.825,3974,WI
0.6,Hydroelectric,44.3939,-89.825,3974,WI
0.6,Hydroelectric,44.3939,-89.825,3974,WI
0.3,Hydroelectric,44.3939,-89.825,3974,WI
0.6,Hydroelectric,44.3939,-89.825,3974,WI
0.3,Hydroelectric,44.3939,-89.825,3974,WI
0.6,Hydroelectric,44.3939,-89.825,3974,WI
0.6,Hydroelectric,44.3939,-89.825,3974,WI
1.2,Hydroelectric,44.4889,-89.5756,3975,WI
0.5,Hydroelectric,44.4889,-89.5756,3975,WI
0.5,Hydroelectric,44.4889,-89.5756,3975,WI
0.5,Hydroelectric,44.4889,-89.5756,3975,WI
0.5,Hydroelectric,44.4889,-89.5756,3975,WI
0.5,Hydroelectric,44.4889,-89.5756,3975,WI
0.5,Hydroelectric,44.4889,-89.5756,3975,WI
0.3,Hydroelectric,44.4889,-89.5756,3975,WI
0.3,Hydroelectric,44.4889,-89.5756,3975,WI
0.3,Hydroelectric,44.4889,-89.5756,3975,WI
0.7,Other,46.2372,-91.7978,3976,WI
0.7,Other,46.2372,-91.7978,3976,WI
2.8,Other,46.2372,-91.7978,3976,WI
2.8,Other,46.2372,-91.7978,3976,WI
20,Other,46.587222,-90.9017,3982,WI
20,Other,46.587222,-90.9017,3982,WI
28,Coal,46.587222,-90.9017,3982,WI
3,Hydroelectric,45.491667,-91.0469,3983,WI
3,Hydroelectric,45.491667,-91.0469,3983,WI
3,Hydroelectric,45.491667,-91.0469,3983,WI
16,Natural Gas,45.9356,-90.4468,3984,WI
1,Hydroelectric,45.464444,-91.083611,3986,WI
0.9,Hydroelectric,45.464444,-91.083611,3986,WI
2,Hydroelectric,45.464444,-91.083611,3986,WI
0.7,Hydroelectric,45.411139,-91.218283,3988,WI
0.7,Hydroelectric,45.411139,-91.218283,3988,WI
0.5,Hydroelectric,46.498333,-90.903889,3989,WI
0.5,Hydroelectric,46.498333,-90.903889,3989,WI
28.8,Natural Gas,43.0147,-89.4603,3991,WI
28.8,Natural Gas,43.0147,-89.4603,3991,WI
10,Coal,43.0789,-89.3744,3992,WI
34.5,Coal,43.0789,-89.3744,3992,WI
20,Coal,43.0789,-89.3744,3992,WI
23,Coal,43.0789,-89.3744,3992,WI
50,Coal,43.0789,-89.3744,3992,WI
50,Coal,43.0789,-89.3744,3992,WI
18,Natural Gas,43.1133,-89.3128,3993,WI
23.6,Natural Gas,43.1133,-89.3128,3993,WI
0.6,Hydroelectric,45.7517,-91.2028,3995,WI
0.6,Hydroelectric,45.7517,-91.2028,3995,WI
0.2,Hydroelectric,45.7517,-91.2028,3995,WI
0.1,Hydroelectric,45.7633526,-91.2214753,3996,WI
0.2,Hydroelectric,45.7633526,-91.2214753,3996,WI
0.8,Other,45.7633526,-91.2214753,3996,WI
2,Hydroelectric,44.9367,-91.8883,3998,WI
2,Hydroelectric,44.9367,-91.8883,3998,WI
2,Hydroelectric,44.9367,-91.8883,3998,WI
3.6,Hydroelectric,44.9308,-91.3889,4000,WI
3.6,Hydroelectric,44.9308,-91.3889,4000,WI
3.6,Hydroelectric,44.9308,-91.3889,4000,WI
3.6,Hydroelectric,44.9308,-91.3889,4000,WI
3.6,Hydroelectric,44.9308,-91.3889,4000,WI
3.6,Hydroelectric,44.9308,-91.3889,4000,WI
2,Hydroelectric,44.828056,-91.511111,4002,WI
1.6,Hydroelectric,44.828056,-91.511111,4002,WI
1.6,Hydroelectric,44.828056,-91.511111,4002,WI
1.6,Hydroelectric,44.828056,-91.511111,4002,WI
1.6,Hydroelectric,44.828056,-91.511111,4002,WI
0.5,Hydroelectric,44.828056,-91.511111,4002,WI
0.7,Hydroelectric,44.828056,-91.511111,4002,WI
16,Other,43.8292,-91.2597,4005,WI
15.3,Other,43.8292,-91.2597,4005,WI
78.8,Other,43.8292,-91.2597,4005,WI
78.8,Other,43.8292,-91.2597,4005,WI
11.3,Hydroelectric,45.223611,-91.127222,4007,WI
11.3,Hydroelectric,45.223611,-91.127222,4007,WI
11.3,Hydroelectric,45.223611,-91.127222,4007,WI
24.8,Hydroelectric,45.051,-91.274,4008,WI
24.8,Hydroelectric,45.051,-91.274,4008,WI
0.6,Hydroelectric,45.051,-91.274,4008,WI
2.7,Hydroelectric,44.884167,-91.929444,4009,WI
2.7,Hydroelectric,44.884167,-91.929444,4009,WI
2.5,Hydroelectric,45.41167,-92.6469,4011,WI
2.5,Hydroelectric,45.41167,-92.6469,4011,WI
2.5,Hydroelectric,45.41167,-92.6469,4011,WI
2.5,Hydroelectric,45.41167,-92.6469,4011,WI
3.4,Hydroelectric,45.41167,-92.6469,4011,WI
3.4,Hydroelectric,45.41167,-92.6469,4011,WI
3.2,Hydroelectric,45.41167,-92.6469,4011,WI
3.2,Hydroelectric,45.41167,-92.6469,4011,WI
0.7,Hydroelectric,45.94794,-91.888374,4012,WI
0.5,Hydroelectric,45.94794,-91.888374,4012,WI
54,Natural Gas,44.885416,-91.515833,4014,WI
54,Natural Gas,44.885416,-91.515833,4014,WI
54,Natural Gas,44.885416,-91.515833,4014,WI
54,Natural Gas,44.885416,-91.515833,4014,WI
53,Other,44.885416,-91.515833,4014,WI
53,Other,44.885416,-91.515833,4014,WI
6,Hydroelectric,44.9378,-91.3406,4015,WI
6,Hydroelectric,44.9378,-91.3406,4015,WI
6,Hydroelectric,44.9378,-91.3406,4015,WI
6,Hydroelectric,44.9378,-91.3406,4015,WI
6,Hydroelectric,44.9378,-91.3406,4015,WI
5.8,Hydroelectric,44.9378,-91.3406,4015,WI
0.4,Hydroelectric,45.9467,-92.5383,4018,WI
0.4,Hydroelectric,45.9467,-92.5383,4018,WI
0.4,Hydroelectric,45.9467,-92.5383,4018,WI
0.1,Hydroelectric,46,-92.3725,4019,WI
0.3,Hydroelectric,46,-92.3725,4019,WI
0.6,Hydroelectric,46,-92.3725,4019,WI
0.7,Other,45.6583,-92.4606,4020,WI
0.7,Other,45.6583,-92.4606,4020,WI
0.7,Other,45.6583,-92.4606,4020,WI
0.6,Other,45.6583,-92.4606,4020,WI
1.8,Other,45.6583,-92.4606,4020,WI
1.7,Other,45.6583,-92.4606,4020,WI
2.5,Other,45.6583,-92.4606,4020,WI
2.5,Other,45.6583,-92.4606,4020,WI
2.5,Other,45.6583,-92.4606,4020,WI
0.7,Other,44.6692,-92.6683,4021,WI
1,Other,44.6692,-92.6683,4021,WI
2.2,Other,44.6692,-92.6683,4021,WI
0.7,Other,44.6692,-92.6683,4021,WI
80,Coal,43.3842,-87.8689,4040,WI
80,Coal,43.3842,-87.8689,4040,WI
80,Coal,43.3842,-87.8689,4040,WI
80,Coal,43.3842,-87.8689,4040,WI
19.6,Other,43.3842,-87.8689,4040,WI
275,Coal,42.8457,-87.8294,4041,WI
275,Coal,42.8457,-87.8294,4041,WI
317.6,Coal,42.8457,-87.8294,4041,WI
324,Coal,42.8457,-87.8294,4041,WI
19.6,Natural Gas,42.8457,-87.8294,4041,WI
136,Coal,43.0303,-87.9233,4042,WI
136,Coal,43.0303,-87.9233,4042,WI
2.7,Other,43.0303,-87.9233,4042,WI
1.5,Hydroelectric,44.25393,-88.40956,4043,WI
0.7,Hydroelectric,44.25393,-88.40956,4043,WI
0.7,Hydroelectric,44.25393,-88.40956,4043,WI
0.4,Hydroelectric,44.8764,-88.1475,4044,WI
0.4,Hydroelectric,44.8764,-88.1475,4044,WI
0.3,Hydroelectric,44.8764,-88.1475,4044,WI
2,Hydroelectric,45.8275,-88.2483,4045,WI
2,Hydroelectric,45.8275,-88.2483,4045,WI
523.8,Nuclear,44.2806,-87.5369,4046,WI
523.8,Nuclear,44.2806,-87.5369,4046,WI
25,Other,44.2806,-87.5369,4046,WI
25,Natural Gas,42.5058441,-89.0325245,4048,WI
25,Natural Gas,42.5058441,-89.0325245,4048,WI
60,Coal,43.715142,-87.705863,4050,WI
330,Coal,43.715142,-87.705863,4050,WI
380,Coal,43.715142,-87.705863,4050,WI
2,Hydroelectric,43.625845,-89.780764,4053,WI
2.2,Hydroelectric,43.625845,-89.780764,4053,WI
2,Hydroelectric,43.625845,-89.780764,4053,WI
2,Hydroelectric,43.625845,-89.780764,4053,WI
100,Coal,42.7225,-91.0085,4054,WI
100,Coal,42.7225,-91.0085,4054,WI
2,Hydroelectric,43.309932,-89.727778,4056,WI
2.8,Hydroelectric,43.309932,-89.727778,4056,WI
4.8,Hydroelectric,43.309932,-89.727778,4056,WI
4.8,Hydroelectric,43.309932,-89.727778,4056,WI
3.5,Hydroelectric,43.309932,-89.727778,4056,WI
3.5,Hydroelectric,43.309932,-89.727778,4056,WI
3.5,Hydroelectric,43.309932,-89.727778,4056,WI
3.5,Hydroelectric,43.309932,-89.727778,4056,WI
75,Natural Gas,42.581968,-89.0276,4057,WI
75,Natural Gas,42.581968,-89.0276,4057,WI
27,Natural Gas,42.581968,-89.0276,4057,WI
15,Natural Gas,42.581968,-89.0276,4057,WI
51,Natural Gas,42.581968,-89.0276,4057,WI
51,Natural Gas,42.581968,-89.0276,4057,WI
40,Natural Gas,42.8347,-89.110833,4059,WI
1.4,Hydroelectric,45.1875,-89.7553,4060,WI
1.4,Hydroelectric,45.1875,-89.7553,4060,WI
1.4,Hydroelectric,45.1875,-89.7553,4060,WI
3.2,Hydroelectric,45.3569,-88.2306,4061,WI
3.2,Hydroelectric,45.3569,-88.2306,4061,WI
2,Other,45.9139164,-89.259559,4062,WI
2,Other,45.9139164,-89.259559,4062,WI
11,Hydroelectric,45.3019,-89.7917,4063,WI
6.2,Hydroelectric,45.3019,-89.7917,4063,WI
0.8,Hydroelectric,45.5711,-89.4806,4064,WI
0.5,Hydroelectric,45.5711,-89.4806,4064,WI
0.4,Hydroelectric,45.5711,-89.4806,4064,WI
0.5,Hydroelectric,45.5711,-89.4806,4064,WI
0.4,Hydroelectric,45.5711,-89.4806,4064,WI
1.4,Hydroelectric,45.2794,-88.1997,4065,WI
1.4,Hydroelectric,45.2794,-88.1997,4065,WI
1.4,Hydroelectric,45.2794,-88.1997,4065,WI
1.4,Hydroelectric,45.2794,-88.1997,4065,WI
1.4,Hydroelectric,45.2794,-88.1997,4065,WI
1.7,Hydroelectric,45.2875,-88.1603,4067,WI
1.7,Hydroelectric,45.2875,-88.1603,4067,WI
0.4,Hydroelectric,45.1786,-89.685,4068,WI
0.4,Hydroelectric,45.1786,-89.685,4068,WI
1.5,Hydroelectric,45.1786,-89.685,4068,WI
0.5,Hydroelectric,45.1136,-87.7586,4071,WI
0.4,Hydroelectric,45.1136,-87.7586,4071,WI
0.4,Hydroelectric,45.1136,-87.7586,4071,WI
30,Coal,44.54,-88.0086,4072,WI
30,Coal,44.54,-88.0086,4072,WI
50,Coal,44.54,-88.0086,4072,WI
69,Coal,44.54,-88.0086,4072,WI
81.6,Coal,44.54,-88.0086,4072,WI
149.6,Coal,44.54,-88.0086,4072,WI
83,Natural Gas,44.54,-88.0086,4072,WI
1.9,Hydroelectric,45.2333,-88.0678,4074,WI
1.9,Hydroelectric,45.2333,-88.0678,4074,WI
1.3,Hydroelectric,45.4411,-89.7306,4075,WI
1.3,Hydroelectric,45.4411,-89.7306,4075,WI
41.8,Natural Gas,45.0869,-87.6881,4076,WI
41.8,Natural Gas,45.0869,-87.6881,4076,WI
83.5,Natural Gas,45.0869,-87.6881,4076,WI
1.8,Hydroelectric,44.9575,-89.6367,4077,WI
1.8,Hydroelectric,44.9575,-89.6367,4077,WI
1.8,Hydroelectric,44.9575,-89.6367,4077,WI
60,Coal,44.8606,-89.6553,4078,WI
81.6,Coal,44.8606,-89.6553,4078,WI
350.5,Coal,44.8606,-89.6553,4078,WI
21.5,Natural Gas,44.8606,-89.6553,4078,WI
51,Natural Gas,44.8606,-89.6553,4078,WI
3,Hydroelectric,43.8656,-89.9514,4079,WI
3,Hydroelectric,43.8656,-89.9514,4079,WI
3,Hydroelectric,43.8656,-89.9514,4079,WI
3,Hydroelectric,43.8656,-89.9514,4079,WI
3,Hydroelectric,43.8656,-89.9514,4079,WI
5,Hydroelectric,44.0572,-90.0217,4080,WI
5,Hydroelectric,44.0572,-90.0217,4080,WI
5,Hydroelectric,44.0572,-90.0217,4080,WI
5,Hydroelectric,44.0572,-90.0217,4080,WI
1.3,Other,44.2524,-91.5034,4100,WI
0.9,Other,44.2524,-91.5034,4100,WI
0.4,Other,44.2524,-91.5034,4100,WI
0.2,Other,44.2524,-91.5034,4100,WI
3,Other,44.2524,-91.5034,4100,WI
3,Other,44.2524,-91.5034,4100,WI
2,Other,44.2524,-91.5034,4100,WI
2,Other,44.2524,-91.5034,4100,WI
2,Other,44.2524,-91.5034,4100,WI
1.1,Other,45.40193,-91.840382,4102,WI
0.8,Other,45.40193,-91.840382,4102,WI
1.3,Other,45.40193,-91.840382,4102,WI
2,Other,45.40193,-91.840382,4102,WI
1.1,Other,45.40193,-91.840382,4102,WI
1.1,Other,45.40193,-91.840382,4102,WI
1.1,Other,45.40193,-91.840382,4102,WI
0.1,Hydroelectric,45.40193,-91.840382,4102,WI
0.3,Other,44.2946833,-90.8515311,4104,WI
0.5,Other,44.2946833,-90.8515311,4104,WI
0.9,Other,44.2946833,-90.8515311,4104,WI
1.4,Other,44.2946833,-90.8515311,4104,WI
0.6,Hydroelectric,44.2946833,-90.8515311,4104,WI
0.3,Hydroelectric,44.2946833,-90.8515311,4104,WI
0.4,Other,43.7561,-90.7806,4107,WI
0.3,Other,43.7561,-90.7806,4107,WI
1.1,Natural Gas,43.7561,-90.7806,4107,WI
2,Other,43.7561,-90.7806,4107,WI
0.7,Other,45.5236,-92.0256,4112,WI
0.3,Other,45.5236,-92.0256,4112,WI
0.3,Other,45.5236,-92.0256,4112,WI
1.3,Other,45.5236,-92.0256,4112,WI
2,Natural Gas,45.5236,-92.0256,4112,WI
7.2,Other,45.5236,-92.0256,4112,WI
6.6,Natural Gas,45.5236,-92.0256,4112,WI
3.5,Natural Gas,45.5236,-92.0256,4112,WI
2,Other,43.7486,-90.2764,4113,WI
1.1,Other,42.9828,-90.6558,4114,WI
0.9,Other,42.9828,-90.6558,4114,WI
1.8,Other,42.9828,-90.6558,4114,WI
1.8,Other,42.9828,-90.6558,4114,WI
1.8,Other,42.9828,-90.6558,4114,WI
18,Natural Gas,44.276199,-88.265445,4118,WI
1.1,Hydroelectric,44.279897,-88.25558,4119,WI
1.1,Hydroelectric,44.279897,-88.25558,4119,WI
1.1,Hydroelectric,44.279897,-88.25558,4119,WI
1.8,Hydroelectric,44.2772,-88.2678,4120,WI
1.8,Hydroelectric,44.2772,-88.2678,4120,WI
1,Hydroelectric,44.2772,-88.2678,4121,WI
1,Hydroelectric,44.2772,-88.2678,4121,WI
0.6,Hydroelectric,44.3164,-88.3147,4122,WI
0.6,Hydroelectric,44.3164,-88.3147,4122,WI
0.6,Hydroelectric,44.3164,-88.3147,4122,WI
0.6,Hydroelectric,44.3164,-88.3147,4122,WI
1.5,Other,43.5903,-90.6394,4124,WI
5,Coal,44.082,-87.6558,4125,WI
10,Coal,44.082,-87.6558,4125,WI
10,Coal,44.082,-87.6558,4125,WI
22,Coal,44.082,-87.6558,4125,WI
32,Other,44.082,-87.6558,4125,WI
5.5,Natural Gas,44.082,-87.6558,4125,WI
5.5,Natural Gas,44.082,-87.6558,4125,WI
7.5,Coal,44.20002,-88.458171,4127,WI
13.6,Coal,44.20002,-88.458171,4127,WI
1,Other,44.20002,-88.458171,4127,WI
0.1,Other,43.8928,-90.1394,4130,WI
1.3,Other,43.8928,-90.1394,4130,WI
0.2,Other,43.8928,-90.1394,4130,WI
0.3,Other,43.8928,-90.1394,4130,WI
2.4,Other,43.8928,-90.1394,4130,WI
0.2,Hydroelectric,44.8556873,-92.6342309,4133,WI
2.8,Other,44.8556873,-92.6342309,4133,WI
2,Other,44.8556873,-92.6342309,4133,WI
6,Other,44.8556873,-92.6342309,4133,WI
0.3,Other,44.8556873,-92.6342309,4133,WI
6,Other,44.8556873,-92.6342309,4133,WI
3,Other,44.8556873,-92.6342309,4133,WI
0.4,Other,43.5047,-90.6683,4139,WI
0.7,Other,43.5047,-90.6683,4139,WI
1.8,Other,43.5047,-90.6683,4139,WI
15,Coal,44.308333,-91.911111,4140,WI
15,Coal,44.308333,-91.911111,4140,WI
15,Coal,44.308333,-91.911111,4140,WI
54.4,Coal,44.308333,-91.911111,4140,WI
81.6,Coal,44.308333,-91.911111,4140,WI
5,Hydroelectric,45.491826,-91.047211,4142,WI
5,Hydroelectric,45.491826,-91.047211,4142,WI
5,Hydroelectric,45.491826,-91.047211,4142,WI
345.6,Coal,43.5589,-91.2325,4143,WI
18,Coal,42.70826,-90.98474,4146,WI
35,Coal,42.70826,-90.98474,4146,WI
0.5,Hydroelectric,44.8747,-88.1586,4147,WI
0.5,Hydroelectric,44.8747,-88.1586,4147,WI
0.1,Other,45.3761,-86.8969,4148,WI
0.1,Other,45.3761,-86.8969,4148,WI
0.2,Other,45.3761,-86.8969,4148,WI
0.5,Other,45.3761,-86.8969,4148,WI
0.9,Other,45.3761,-86.8969,4148,WI
1.6,Other,45.3761,-86.8969,4148,WI
1.6,Other,45.3761,-86.8969,4148,WI
21.7,Coal,44.2872,-105.3878,4150,WY
11.5,Coal,43.9703,-104.4106,4151,WY
11.5,Coal,43.9703,-104.4106,4151,WY
11.5,Coal,43.9703,-104.4106,4151,WY
113.6,Coal,42.8378,-105.7769,4158,WY
113.6,Coal,42.8378,-105.7769,4158,WY
229.5,Coal,42.8378,-105.7769,4158,WY
360,Coal,42.8378,-105.7769,4158,WY
163.2,Coal,41.7581,-110.5983,4162,WY
217.6,Coal,41.7581,-110.5983,4162,WY
326.4,Coal,41.7581,-110.5983,4162,WY
33.4,Hydroelectric,42.4766,-106.795901,4176,WY
33.4,Hydroelectric,42.4766,-106.795901,4176,WY
19,Hydroelectric,42.467254,-104.955526,4177,WY
19,Hydroelectric,42.467254,-104.955526,4177,WY
3.2,Hydroelectric,42.289868,-104.760634,4178,WY
3.2,Hydroelectric,42.289868,-104.760634,4178,WY
12,Hydroelectric,42.174301,-106.880543,4180,WY
12,Hydroelectric,42.174301,-106.880543,4180,WY
12,Hydroelectric,42.174301,-106.880543,4180,WY
17.2,Hydroelectric,42.156127,-106.908483,4182,WY
17.2,Hydroelectric,42.156127,-106.908483,4182,WY
17.2,Hydroelectric,42.156127,-106.908483,4182,WY
3,Hydroelectric,44.502897,-109.181228,4183,WY
10,Hydroelectric,42.027013,-110.063973,4185,WY
16.5,Natural Gas,33.1707,-96.1264,4195,TX
25,Natural Gas,33.1707,-96.1264,4195,TX
43.2,Natural Gas,33.1707,-96.1264,4195,TX
3.1,Hydroelectric,44.273511,-88.300548,4201,WI
3.1,Hydroelectric,44.273511,-88.300548,4201,WI
2.4,Hydroelectric,44.418293,-111.395971,4204,ID
2.4,Hydroelectric,44.418293,-111.395971,4204,ID
23.7,Hydroelectric,45.481708,-122.083188,4213,OR
11.8,Hydroelectric,45.448977,-122.151257,4214,OR
1,Hydroelectric,44.7610079,-85.6205997,4249,MI
5.3,Natural Gas,41.725833,-111.8433,4251,UT
5.3,Natural Gas,41.725833,-111.8433,4251,UT
5.3,Natural Gas,41.725833,-111.8433,4251,UT
0.1,Other,41.725833,-111.8433,4251,UT
0.1,Other,41.725833,-111.8433,4251,UT
1.2,Other,41.725833,-111.8433,4251,UT
1,Other,41.725833,-111.8433,4251,UT
1,Other,41.725833,-111.8433,4251,UT
2.2,Other,41.725833,-111.8433,4251,UT
24.9,Natural Gas,37.4903,-120.9044,4256,CA
24.9,Natural Gas,37.4903,-120.9044,4256,CA
6.2,Other,38.795,-76.07,4257,MD
6.2,Other,38.795,-76.07,4257,MD
6.3,Other,38.795,-76.07,4257,MD
6.3,Other,38.795,-76.07,4257,MD
1.5,Other,38.795,-76.07,4257,MD
1.5,Other,38.795,-76.07,4257,MD
5.4,Other,38.795,-76.07,4257,MD
5.4,Other,38.795,-76.07,4257,MD
23.4,Hydroelectric,38.6472,-82.8594,4258,OH
23.4,Hydroelectric,38.6472,-82.8594,4258,OH
23.4,Hydroelectric,38.6472,-82.8594,4258,OH
55,Coal,42.0317,-84.755,4259,MI
1,Hydroelectric,40.964828,-111.433937,4263,UT
1.7,Hydroelectric,40.964828,-111.433937,4263,UT
1.7,Hydroelectric,40.964828,-111.433937,4263,UT
12.6,Natural Gas,33.1975,-97.1061,4266,TX
12.6,Natural Gas,33.1975,-97.1061,4266,TX
22,Natural Gas,33.1975,-97.1061,4266,TX
61.1,Natural Gas,33.1975,-97.1061,4266,TX
65.4,Natural Gas,33.1975,-97.1061,4266,TX
1199.8,Nuclear,29.995267,-90.471581,4270,LA
387,Coal,44.303583,-91.912647,4271,WI
446,Natural Gas,30.558,-98.3705,4937,TX
156,Natural Gas,32.5638586,-99.6840484,4938,TX
207,Natural Gas,32.5638586,-99.6840484,4938,TX
352,Natural Gas,27.6064,-97.3117,4939,TX
351,Natural Gas,27.6064,-97.3117,4939,TX
473,Natural Gas,35.9978,-95.9567,4940,OK
473,Natural Gas,35.9978,-95.9567,4940,OK
2.7,Other,35.9978,-95.9567,4940,OK
803.1,Coal,36.9047,-111.3886,4941,AZ
803.1,Coal,36.9047,-111.3886,4941,AZ
803.1,Coal,36.9047,-111.3886,4941,AZ
99.4,Natural Gas,39.3757,-74.9654,5083,NJ
0.8,Other,41.497775,-88.1564439,5756,IL
0.8,Other,41.497775,-88.1564439,5756,IL
0.8,Other,41.497775,-88.1564439,5756,IL
0.8,Other,41.497775,-88.1564439,5756,IL
1152,Nuclear,41.975604,-86.565206,6000,MI
1133.3,Nuclear,41.975604,-86.565206,6000,MI
888.2,Nuclear,31.2231,-85.1116,6001,AL
888.2,Nuclear,31.2231,-85.1116,6001,AL
705.5,Coal,33.6319,-87.0597,6002,AL
705.5,Coal,33.6319,-87.0597,6002,AL
705.5,Coal,33.6319,-87.0597,6002,AL
705.5,Coal,33.6319,-87.0597,6002,AL
684,Coal,39.366667,-81.294444,6004,WV
684,Coal,39.366667,-81.294444,6004,WV
23.7,Hydroelectric,38.9153,-81.9081,6006,OH
23.7,Hydroelectric,38.9153,-81.9081,6006,OH
1403.1,Nuclear,33.3881,-112.8617,6008,AZ
1403.1,Nuclear,33.3881,-112.8617,6008,AZ
1403.1,Nuclear,33.3881,-112.8617,6008,AZ
850,Coal,34.4228,-92.1406,6009,AR
850,Coal,34.4228,-92.1406,6009,AR
918,Nuclear,38.4344,-76.4417,6011,MD
910.7,Nuclear,38.4344,-76.4417,6011,MD
7.2,Hydroelectric,42.7297,-72.9303,6012,MA
50,Natural Gas,34.1764,-118.3147,6013,CA
59.7,Natural Gas,34.1764,-118.3147,6013,CA
24.4,Natural Gas,34.1764,-118.3147,6013,CA
37.8,Natural Gas,34.1764,-118.3147,6013,CA
895,Nuclear,33.9597,-78.0114,6014,NC
895,Nuclear,33.9597,-78.0114,6014,NC
950.9,Nuclear,35.6334,-78.9556,6015,NC
441,Coal,40.4663,-89.9841,6016,IL
617.4,Coal,38.9361,-88.2781,6017,IL
617.4,Coal,38.9361,-88.2781,6017,IL
669.3,Coal,38.9036,-84.8514,6018,KY
1425.6,Coal,38.8675,-84.2289,6019,OH
1311.6,Nuclear,41.8006,-81.1439,6020,OH
446.4,Coal,40.4627,-107.5912,6021,CO
446.4,Coal,40.4627,-107.5912,6021,CO
446.4,Coal,40.4627,-107.5912,6021,CO
1242,Nuclear,41.2435,-88.2286,6022,IL
1210,Nuclear,41.2435,-88.2286,6022,IL
1242,Nuclear,42.0742,-89.2819,6023,IL
1210,Nuclear,42.0742,-89.2819,6023,IL
544.9,Natural Gas,41.3430143,-88.4214869,6025,IL
544.9,Natural Gas,41.3430143,-88.4214869,6025,IL
518.9,Natural Gas,41.3430143,-88.4214869,6025,IL
520.7,Natural Gas,41.3430143,-88.4214869,6025,IL
520.7,Natural Gas,41.3430143,-88.4214869,6025,IL
1170,Nuclear,41.245498,-88.669066,6026,IL
1170,Nuclear,41.245498,-88.669066,6026,IL
605,Coal,47.377743,-101.157058,6030,ND
605,Coal,47.377743,-101.157058,6030,ND
2,Other,47.377743,-101.157058,6030,ND
666.4,Coal,38.6903,-83.4803,6031,OH
20.1,Other,38.6903,-83.4803,6031,OH
2.7,Other,42.7756,-82.495,6034,MI
2.7,Other,42.7756,-82.495,6034,MI
2.7,Other,42.7756,-82.495,6034,MI
85.3,Natural Gas,42.7756,-82.495,6034,MI
85.3,Natural Gas,42.7756,-82.495,6034,MI
85.3,Natural Gas,42.7756,-82.495,6034,MI
2.7,Other,42.7756,-82.495,6034,MI
2.7,Other,42.7756,-82.495,6034,MI
697.5,Coal,42.7756,-82.495,6034,MI
697.5,Coal,42.7756,-82.495,6034,MI
815.4,Other,43.1056,-82.6964,6035,MI
85.3,Natural Gas,43.1056,-82.6964,6035,MI
85.3,Natural Gas,43.1056,-82.6964,6035,MI
85.3,Natural Gas,43.1056,-82.6964,6035,MI
1205.1,Nuclear,35.0514,-81.0694,6036,SC
1205.1,Nuclear,35.0514,-81.0694,6036,SC
1220.3,Nuclear,35.4331,-80.9486,6038,NC
1220.3,Nuclear,35.4331,-80.9486,6038,NC
923.4,Nuclear,40.6219,-80.4336,6040,PA
923.4,Nuclear,40.6219,-80.4336,6040,PA
305.2,Coal,38.7,-83.8181,6041,KY
508.2,Coal,38.7,-83.8181,6041,KY
863.3,Other,27.6058,-82.3456,6042,FL
863.3,Other,27.6058,-82.3456,6042,FL
863.3,Natural Gas,27.0536,-80.5628,6043,FL
863.3,Natural Gas,27.0536,-80.5628,6043,FL
204,Natural Gas,27.0536,-80.5628,6043,FL
204,Natural Gas,27.0536,-80.5628,6043,FL
204,Natural Gas,27.0536,-80.5628,6043,FL
204,Natural Gas,27.0536,-80.5628,6043,FL
204,Natural Gas,27.0536,-80.5628,6043,FL
204,Natural Gas,27.0536,-80.5628,6043,FL
188.2,Natural Gas,27.0536,-80.5628,6043,FL
188.2,Natural Gas,27.0536,-80.5628,6043,FL
850,Nuclear,27.348611,-80.246389,6045,FL
850,Nuclear,27.348611,-80.246389,6045,FL
66.8,Other,28.903863,-81.332329,6046,FL
66.8,Other,28.903863,-81.332329,6046,FL
66.8,Other,28.903863,-81.332329,6046,FL
66.8,Other,28.903863,-81.332329,6046,FL
66.8,Other,28.903863,-81.332329,6046,FL
115,Natural Gas,28.903863,-81.332329,6046,FL
115,Natural Gas,28.903863,-81.332329,6046,FL
115,Natural Gas,28.903863,-81.332329,6046,FL
115,Other,28.903863,-81.332329,6046,FL
66.8,Other,28.903863,-81.332329,6046,FL
1.6,Hydroelectric,42.573084,-72.707274,6047,MA
1.6,Hydroelectric,42.573084,-72.707274,6047,MA
1.6,Hydroelectric,42.573084,-72.707274,6047,MA
2.7,Other,41.3867,-70.6314,6049,MA
2.7,Other,41.3867,-70.6314,6049,MA
857.1,Nuclear,31.9342,-82.3447,6051,GA
864.7,Nuclear,31.9342,-82.3447,6051,GA
952,Coal,33.41342,-85.032329,6052,GA
952,Coal,33.41342,-85.032329,6052,GA
52.8,Other,33.41342,-85.032329,6052,GA
626,Coal,30.7261,-91.3692,6055,LA
626,Coal,30.7261,-91.3692,6055,LA
619,Coal,30.7261,-91.3692,6055,LA
5,Other,20.896884,-156.462696,6056,HI
5,Other,20.896884,-156.462696,6056,HI
11.5,Other,20.896884,-156.462696,6056,HI
12.5,Other,20.896884,-156.462696,6056,HI
35,Natural Gas,44.0322,-92.4908,6058,MN
49.9,Natural Gas,44.0322,-92.4908,6058,MN
23.1,Natural Gas,33.6758,-116.1714,6060,CA
23.1,Natural Gas,33.6758,-116.1714,6060,CA
23.1,Natural Gas,33.6758,-116.1714,6060,CA
23.1,Natural Gas,33.6758,-116.1714,6060,CA
200,Coal,31.2186,-89.394,6061,MS
200,Coal,31.2186,-89.394,6061,MS
71.2,Natural Gas,42.4407,-92.4205,6063,IA
89,Natural Gas,42.4407,-92.4205,6063,IA
103.9,Natural Gas,42.4407,-92.4205,6063,IA
261,Coal,39.1681,-94.6975,6064,KS
726,Coal,39.4472,-94.98,6065,MO
720,Coal,39.286453,-96.117231,6068,KS
720,Coal,39.286453,-96.117231,6068,KS
720,Coal,39.286453,-96.117231,6068,KS
566.1,Coal,38.5847,-85.4117,6071,KY
199,Natural Gas,38.5847,-85.4117,6071,KY
199,Natural Gas,38.5847,-85.4117,6071,KY
199,Natural Gas,38.5847,-85.4117,6071,KY
199,Natural Gas,38.5847,-85.4117,6071,KY
199,Natural Gas,38.5847,-85.4117,6071,KY
199,Natural Gas,38.5847,-85.4117,6071,KY
1372.5,Nuclear,32.0081,-91.0478,6072,MS
500,Coal,30.5322,-88.5553,6073,MS
500,Coal,30.5322,-88.5553,6073,MS
170.1,Natural Gas,30.5322,-88.5553,6073,MS
170.1,Natural Gas,30.5322,-88.5553,6073,MS
170.1,Natural Gas,30.5322,-88.5553,6073,MS
191.8,Natural Gas,30.5322,-88.5553,6073,MS
170.1,Natural Gas,30.5322,-88.5553,6073,MS
191.8,Natural Gas,30.5322,-88.5553,6073,MS
61,Natural Gas,38.8615,-94.2982,6074,MO
61,Natural Gas,38.8615,-94.2982,6074,MO
61,Natural Gas,38.8615,-94.2982,6074,MO
61,Natural Gas,38.8615,-94.2982,6074,MO
358,Coal,45.8831,-106.614,6076,MT
358,Coal,45.8831,-106.614,6076,MT
778,Coal,45.8831,-106.614,6076,MT
778,Coal,45.8831,-106.614,6076,MT
681.3,Coal,41.0808,-101.1408,6077,NE
681.3,Coal,41.0808,-101.1408,6077,NE
85,Other,42.1978,-72.5106,6081,MA
85,Other,42.1978,-72.5106,6081,MA
105,Other,42.1978,-72.5106,6081,MA
85,Other,42.1978,-72.5106,6081,MA
85,Other,42.1978,-72.5106,6081,MA
85,Other,42.1978,-72.5106,6081,MA
0.6,Other,42.1978,-72.5106,6081,MA
655.1,Coal,43.358889,-78.604722,6082,NY
1.6,Hydroelectric,42.5995,-72.7335,6083,MA
1.6,Hydroelectric,42.5995,-72.7335,6083,MA
1.6,Hydroelectric,42.5995,-72.7335,6083,MA
540,Coal,41.2164,-87.0261,6085,IN
556.3,Coal,41.2164,-87.0261,6085,IN
423.5,Coal,41.2164,-87.0261,6085,IN
423.5,Coal,41.2164,-87.0261,6085,IN
129,Natural Gas,41.2164,-87.0261,6085,IN
129,Natural Gas,41.2164,-87.0261,6085,IN
10,Hydroelectric,45.164024,-91.157427,6086,WI
10,Hydroelectric,45.164024,-91.157427,6086,WI
10,Hydroelectric,45.164024,-91.157427,6086,WI
0.8,Hydroelectric,45.164024,-91.157427,6086,WI
52.2,Hydroelectric,33.3498,-83.1574,6087,GA
52.2,Hydroelectric,33.3498,-83.1574,6087,GA
56.2,Hydroelectric,33.3498,-83.1574,6087,GA
56.2,Hydroelectric,33.3498,-83.1574,6087,GA
52.2,Hydroelectric,33.3498,-83.1574,6087,GA
52.2,Hydroelectric,33.3498,-83.1574,6087,GA
27,Natural Gas,32.401,-111.1262,6088,AZ
27,Natural Gas,32.401,-111.1262,6088,AZ
27,Natural Gas,32.401,-111.1262,6088,AZ
26.8,Natural Gas,32.401,-111.1262,6088,AZ
50,Coal,47.6785,-104.15665,6089,MT
660,Coal,45.3808,-93.8931,6090,MN
660,Coal,45.3808,-93.8931,6090,MN
809,Coal,45.3808,-93.8931,6090,MN
67.5,Other,42.828611,-96.951389,6092,SD
67.5,Other,42.828611,-96.951389,6092,SD
913.7,Coal,40.6348,-80.4159,6094,PA
913.7,Coal,40.6348,-80.4159,6094,PA
913.7,Coal,40.6348,-80.4159,6094,PA
569,Coal,36.45307,-97.05279,6095,OK
569,Coal,36.45307,-97.05279,6095,OK
651.6,Coal,40.6214,-95.7764,6096,NE
456,Coal,45.303652,-96.510067,6098,SD
1,Other,45.303652,-96.510067,6098,SD
1159,Nuclear,35.211536,-120.855542,6099,CA
1164,Nuclear,35.211536,-120.855542,6099,CA
351,Hydroelectric,37.029304,-118.968252,6100,CA
351,Hydroelectric,37.029304,-118.968252,6100,CA
351,Hydroelectric,37.029304,-118.968252,6100,CA
362,Coal,44.290128,-105.381482,6101,WY
1298,Nuclear,41.0919,-76.1462,6103,PA
1298,Nuclear,41.0919,-76.1462,6103,PA
1138,Nuclear,40.224303,-75.58744,6105,PA
1138,Nuclear,40.224303,-75.58744,6105,PA
601,Coal,45.693182,-119.808819,6106,OR
882,Nuclear,43.52139,-76.408394,6110,NY
342.6,Natural Gas,40.2461,-104.8742,6112,CO
130,Natural Gas,40.2461,-104.8742,6112,CO
135,Natural Gas,40.2461,-104.8742,6112,CO
135,Natural Gas,40.2461,-104.8742,6112,CO
667.9,Coal,38.372222,-87.765833,6113,IN
667.9,Coal,38.372222,-87.765833,6113,IN
667.9,Coal,38.372222,-87.765833,6113,IN
667.9,Coal,38.372222,-87.765833,6113,IN
667.9,Coal,38.372222,-87.765833,6113,IN
1242,Nuclear,42.899167,-70.848889,6115,NH
1170,Nuclear,39.4666,-75.5377,6118,NJ
1.6,Hydroelectric,42.6198,-72.7376,6119,MA
1.6,Hydroelectric,42.6198,-72.7376,6119,MA
1.6,Hydroelectric,42.6198,-72.7376,6119,MA
88.8,Natural Gas,48.828784,-122.68609,6120,WA
88.8,Natural Gas,48.828784,-122.68609,6120,WA
517.1,Nuclear,43.2777,-77.3099,6122,NY
177.6,Coal,32.356287,-81.168347,6124,GA
101.3,Natural Gas,32.356287,-81.168347,6124,GA
101.3,Natural Gas,32.356287,-81.168347,6124,GA
101.3,Natural Gas,32.356287,-81.168347,6124,GA
101.3,Natural Gas,32.356287,-81.168347,6124,GA
101.3,Natural Gas,32.356287,-81.168347,6124,GA
101.3,Natural Gas,32.356287,-81.168347,6124,GA
101.3,Natural Gas,32.356287,-81.168347,6124,GA
101.3,Natural Gas,32.356287,-81.168347,6124,GA
2.8,Other,42.2747,-71.7172,6125,MA
2.8,Other,42.2747,-71.7172,6125,MA
2.8,Other,42.2747,-71.7172,6125,MA
2.8,Other,42.2747,-71.7172,6125,MA
2.8,Other,42.2747,-71.7172,6125,MA
63.9,Hydroelectric,34.3061,-81.3308,6126,SC
63.9,Hydroelectric,34.3061,-81.3308,6126,SC
63.9,Hydroelectric,34.3061,-81.3308,6126,SC
63.9,Hydroelectric,34.3061,-81.3308,6126,SC
63.9,Hydroelectric,34.3061,-81.3308,6126,SC
63.9,Hydroelectric,34.3061,-81.3308,6126,SC
63.9,Hydroelectric,34.3061,-81.3308,6126,SC
63.9,Hydroelectric,34.3061,-81.3308,6126,SC
953.9,Nuclear,34.2983,-81.3153,6127,SC
33,Hydroelectric,29.449827,-101.06011,6128,TX
33,Hydroelectric,29.449827,-101.06011,6128,TX
125,Hydroelectric,34.6121,-84.6733,6130,GA
125,Hydroelectric,34.6121,-84.6733,6130,GA
125,Hydroelectric,34.6121,-84.6733,6130,GA
125,Hydroelectric,34.6121,-84.6733,6130,GA
20.5,Hydroelectric,32.324242,-86.784319,6131,AL
20.5,Hydroelectric,32.324242,-86.784319,6131,AL
20.5,Hydroelectric,32.324242,-86.784319,6131,AL
20.5,Hydroelectric,32.324242,-86.784319,6131,AL
75,Hydroelectric,34.0256,-82.5953,6132,GA
75,Hydroelectric,34.0256,-82.5953,6132,GA
75,Hydroelectric,34.0256,-82.5953,6132,GA
75,Hydroelectric,34.0256,-82.5953,6132,GA
82,Hydroelectric,34.0256,-82.5953,6132,GA
82,Hydroelectric,34.0256,-82.5953,6132,GA
82,Hydroelectric,34.0256,-82.5953,6132,GA
82,Hydroelectric,34.0256,-82.5953,6132,GA
3.3,Hydroelectric,32.918674,-85.1887,6133,GA
35,Hydroelectric,32.918674,-85.1887,6133,GA
35,Hydroelectric,32.918674,-85.1887,6133,GA
453.5,Coal,30.619937,-96.081846,6136,TX
265.2,Coal,37.9053,-87.715,6137,IN
265.2,Coal,37.9053,-87.715,6137,IN
88.2,Natural Gas,37.9053,-87.715,6137,IN
88.2,Natural Gas,37.9053,-87.715,6137,IN
558,Coal,36.2561,-94.5241,6138,AR
558,Coal,33.05522,-94.839993,6139,TX
558,Coal,33.05522,-94.839993,6139,TX
558,Coal,33.05522,-94.839993,6139,TX
27,Hydroelectric,39.524791,-91.643969,6140,MO
31,Hydroelectric,39.524791,-91.643969,6140,MO
26.9,Hydroelectric,38.2623,-93.4062,6141,MO
26.9,Hydroelectric,38.2623,-93.4062,6141,MO
26.9,Hydroelectric,38.2623,-93.4062,6141,MO
26.9,Hydroelectric,38.2623,-93.4062,6141,MO
26.9,Hydroelectric,38.2623,-93.4062,6141,MO
26.9,Hydroelectric,38.2623,-93.4062,6141,MO
20,Hydroelectric,35.4693,-93.8175,6142,AR
20,Hydroelectric,35.4693,-93.8175,6142,AR
20,Hydroelectric,35.4693,-93.8175,6142,AR
20,Hydroelectric,35.4693,-93.8175,6142,AR
20,Hydroelectric,35.4693,-93.8175,6142,AR
18,Natural Gas,39.297252,-94.693153,6144,MO
18,Natural Gas,39.297252,-94.693153,6144,MO
1215,Nuclear,32.298365,-97.785515,6145,TX
1215,Nuclear,32.298365,-97.785515,6145,TX
793.2,Coal,32.2606,-94.5706,6146,TX
793.2,Coal,32.2606,-94.5706,6146,TX
793.2,Coal,32.2606,-94.5706,6146,TX
593.4,Coal,33.0917,-95.0417,6147,TX
593.4,Coal,33.0917,-95.0417,6147,TX
793.2,Coal,33.0917,-95.0417,6147,TX
925.2,Nuclear,41.5967,-83.0861,6149,OH
7,Other,34.7092,-85.9278,6150,AL
7,Other,34.7092,-85.9278,6150,AL
382.5,Hydroelectric,35.055795,-85.387934,6151,TN
382.5,Hydroelectric,35.055795,-85.387934,6151,TN
382.5,Hydroelectric,35.055795,-85.387934,6151,TN
382.5,Hydroelectric,35.055795,-85.387934,6151,TN
1220.5,Nuclear,35.2267,-85.0917,6152,TN
1220.5,Nuclear,35.2267,-85.0917,6152,TN
1235.8,Nuclear,38.758919,-91.778841,6153,MO
621,Coal,38.131248,-90.263157,6155,MO
621,Coal,38.131248,-90.263157,6155,MO
460,Other,41.283997,-72.904323,6156,CT
150,Hydroelectric,37.946927,-120.528211,6158,CA
150,Hydroelectric,37.946927,-120.528211,6158,CA
28,Hydroelectric,38.510573,-107.625335,6159,CO
125,Hydroelectric,47.957511,-118.977323,6163,WA
125,Hydroelectric,47.957511,-118.977323,6163,WA
125,Hydroelectric,47.957511,-118.977323,6163,WA
125,Hydroelectric,47.957511,-118.977323,6163,WA
125,Hydroelectric,47.957511,-118.977323,6163,WA
125,Hydroelectric,47.957511,-118.977323,6163,WA
125,Hydroelectric,47.957511,-118.977323,6163,WA
125,Hydroelectric,47.957511,-118.977323,6163,WA
125,Hydroelectric,47.957511,-118.977323,6163,WA
125,Hydroelectric,47.957511,-118.977323,6163,WA
125,Hydroelectric,47.957511,-118.977323,6163,WA
125,Hydroelectric,47.957511,-118.977323,6163,WA
125,Hydroelectric,47.957511,-118.977323,6163,WA
125,Hydroelectric,47.957511,-118.977323,6163,WA
125,Hydroelectric,47.957511,-118.977323,6163,WA
125,Hydroelectric,47.957511,-118.977323,6163,WA
125,Hydroelectric,47.957511,-118.977323,6163,WA
125,Hydroelectric,47.957511,-118.977323,6163,WA
600,Hydroelectric,47.957511,-118.977323,6163,WA
600,Hydroelectric,47.957511,-118.977323,6163,WA
600,Hydroelectric,47.957511,-118.977323,6163,WA
805,Hydroelectric,47.957511,-118.977323,6163,WA
805,Hydroelectric,47.957511,-118.977323,6163,WA
805,Hydroelectric,47.957511,-118.977323,6163,WA
10,Hydroelectric,47.957511,-118.977323,6163,WA
10,Hydroelectric,47.957511,-118.977323,6163,WA
10,Hydroelectric,47.957511,-118.977323,6163,WA
53.5,Hydroelectric,47.957511,-118.977323,6163,WA
53.5,Hydroelectric,47.957511,-118.977323,6163,WA
53.5,Hydroelectric,47.957511,-118.977323,6163,WA
50,Hydroelectric,47.957511,-118.977323,6163,WA
50,Hydroelectric,47.957511,-118.977323,6163,WA
53.5,Hydroelectric,47.957511,-118.977323,6163,WA
472.5,Coal,39.1747,-111.0289,6165,UT
472.5,Coal,39.1747,-111.0289,6165,UT
495.6,Coal,39.1747,-111.0289,6165,UT
1300,Coal,37.9256,-87.0372,6166,IN
1300,Coal,37.9256,-87.0372,6166,IN
350.1,Hydroelectric,38.20889,-79.8,6167,VA
350.1,Hydroelectric,38.20889,-79.8,6167,VA
350.1,Hydroelectric,38.20889,-79.8,6167,VA
350.1,Hydroelectric,38.20889,-79.8,6167,VA
350.1,Hydroelectric,38.20889,-79.8,6167,VA
350.1,Hydroelectric,38.20889,-79.8,6167,VA
979.7,Nuclear,38.06,-77.7897,6168,VA
979.7,Nuclear,38.06,-77.7897,6168,VA
1,Hydroelectric,38.06,-77.7897,6168,VA
616.5,Coal,42.5381,-87.9033,6170,WI
616.5,Coal,42.5381,-87.9033,6170,WI
2,Other,42.5381,-87.9033,6170,WI
70,Hydroelectric,36.9614,-84.27,6171,KY
105,Hydroelectric,48.4098,-115.3143,6172,MT
105,Hydroelectric,48.4098,-115.3143,6172,MT
105,Hydroelectric,48.4098,-115.3143,6172,MT
105,Hydroelectric,48.4098,-115.3143,6172,MT
105,Hydroelectric,48.4098,-115.3143,6172,MT
24.5,Hydroelectric,42.6717,-122.6772,6174,OR
24.5,Hydroelectric,42.6717,-122.6772,6174,OR
135,Hydroelectric,46.659503,-117.429385,6175,WA
135,Hydroelectric,46.659503,-117.429385,6175,WA
135,Hydroelectric,46.659503,-117.429385,6175,WA
135,Hydroelectric,46.659503,-117.429385,6175,WA
135,Hydroelectric,46.659503,-117.429385,6175,WA
135,Hydroelectric,46.659503,-117.429385,6175,WA
410.9,Coal,34.5789,-109.2708,6177,AZ
410.9,Coal,34.5789,-109.2708,6177,AZ
600.4,Coal,28.7128,-97.214167,6178,TX
615,Coal,29.9172,-96.7506,6179,TX
615,Coal,29.9172,-96.7506,6179,TX
460,Coal,29.9172,-96.7506,6179,TX
446,Coal,29.308056,-98.3228,6181,TX
446,Coal,29.308056,-98.3228,6181,TX
410,Coal,28.7044,-98.4775,6183,TX
67.5,Hydroelectric,33.258281,-85.616047,6188,AL
67.5,Hydroelectric,33.258281,-85.616047,6188,AL
282.6,Hydroelectric,34.355538,-85.303942,6189,GA
282.6,Hydroelectric,34.355538,-85.303942,6189,GA
282.6,Hydroelectric,34.355538,-85.303942,6189,GA
445.5,Natural Gas,31.395,-92.716667,6190,LA
558,Coal,31.395,-92.716667,6190,LA
11,Other,30.5124181,-86.1957755,6192,FL
360,Coal,35.29816,-101.747187,6193,TX
360,Coal,35.29816,-101.747187,6193,TX
360,Coal,35.29816,-101.747187,6193,TX
568,Coal,34.186494,-102.56999,6194,TX
568,Coal,34.186494,-102.56999,6194,TX
57,Natural Gas,37.151706,-93.38804,6195,MO
52,Natural Gas,37.151706,-93.38804,6195,MO
194,Coal,37.151706,-93.38804,6195,MO
37.1,Hydroelectric,34.6853,-118.7881,6196,CA
37.1,Hydroelectric,34.6853,-118.7881,6196,CA
1.2,Hydroelectric,47.346111,-120.0917,6200,WA
20.7,Hydroelectric,47.346111,-120.0917,6200,WA
22.5,Hydroelectric,47.346111,-120.0917,6200,WA
20.7,Hydroelectric,47.346111,-120.0917,6200,WA
15,Hydroelectric,47.346111,-120.0917,6200,WA
20.7,Hydroelectric,47.346111,-120.0917,6200,WA
22.5,Hydroelectric,47.346111,-120.0917,6200,WA
22.5,Hydroelectric,47.346111,-120.0917,6200,WA
22.5,Hydroelectric,47.346111,-120.0917,6200,WA
22.5,Hydroelectric,47.346111,-120.0917,6200,WA
22.5,Hydroelectric,47.346111,-120.0917,6200,WA
51.3,Hydroelectric,47.346111,-120.0917,6200,WA
51.3,Hydroelectric,47.346111,-120.0917,6200,WA
51.3,Hydroelectric,47.346111,-120.0917,6200,WA
51.3,Hydroelectric,47.346111,-120.0917,6200,WA
51.3,Hydroelectric,47.346111,-120.0917,6200,WA
51.3,Hydroelectric,47.346111,-120.0917,6200,WA
51.3,Hydroelectric,47.346111,-120.0917,6200,WA
51.3,Hydroelectric,47.346111,-120.0917,6200,WA
90,Hydroelectric,48.732577,-121.06788,6202,WA
90,Hydroelectric,48.732577,-121.06788,6202,WA
90,Hydroelectric,48.732577,-121.06788,6202,WA
90,Hydroelectric,48.732577,-121.06788,6202,WA
570,Coal,42.108889,-104.8825,6204,WY
570,Coal,42.108889,-104.8825,6204,WY
570,Coal,42.108889,-104.8825,6204,WY
2.2,Hydroelectric,37.52372,-107.782786,6206,CO
2.2,Hydroelectric,37.52372,-107.782786,6206,CO
3.5,Hydroelectric,37.52372,-107.782786,6206,CO
3.6,Hydroelectric,37.866,-107.8831,6207,CO
100,Hydroelectric,39.094197,-106.352331,6208,CO
100,Hydroelectric,39.094197,-106.352331,6208,CO
61.8,Natural Gas,47.73511,-117.370538,6210,WA
74.5,Other,37.79675,-122.28185,6211,CA
74.5,Other,37.79675,-122.28185,6211,CA
74.5,Other,37.79675,-122.28185,6211,CA
13.3,Other,40.7379729,-124.219892,6212,CA
13.3,Other,40.7379729,-124.219892,6212,CA
13.3,Other,40.7379729,-124.219892,6212,CA
540,Coal,39.0694,-87.5108,6213,IN
540,Coal,39.0694,-87.5108,6213,IN
0.5,Other,41.59976,-90.91195,6220,IA
0.5,Other,41.59976,-90.91195,6220,IA
1.8,Other,41.59976,-90.91195,6220,IA
2,Other,41.59976,-90.91195,6220,IA
129,Natural Gas,37.1385,-94.1041,6223,MO
129,Natural Gas,37.1385,-94.1041,6223,MO
55,Natural Gas,37.1385,-94.1041,6223,MO
55,Natural Gas,37.1385,-94.1041,6223,MO
14.5,Coal,38.4004,-86.9146,6225,IN
1,Other,40.8667,-97.5925,6229,NE
1.6,Other,40.8667,-97.5925,6229,NE
1,Other,40.8667,-97.5925,6229,NE
0.5,Other,40.8667,-97.5925,6229,NE
0.8,Hydroelectric,45.157552,-92.716214,6231,WI
0.8,Hydroelectric,45.157552,-92.716214,6231,WI
0.8,Hydroelectric,45.157552,-92.716214,6231,WI
1,Other,39.640686,-90.779513,6237,IL
1,Other,39.640686,-90.779513,6237,IL
1,Other,39.640686,-90.779513,6237,IL
3,Other,39.640686,-90.779513,6237,IL
3,Other,39.640686,-90.779513,6237,IL
22,Coal,39.449185,-90.614119,6238,IL
24,Other,39.449185,-90.614119,6238,IL
105,Natural Gas,30.7217,-96.4608,6243,TX
49.1,Natural Gas,30.7217,-96.4608,6243,TX
85,Natural Gas,29.628338,-81.585084,6246,FL
85,Natural Gas,29.628338,-81.585084,6246,FL
120,Natural Gas,29.628338,-81.585084,6246,FL
85,Natural Gas,29.628338,-81.585084,6246,FL
85,Natural Gas,29.628338,-81.585084,6246,FL
120,Natural Gas,29.628338,-81.585084,6246,FL
552.3,Coal,40.2217,-103.6803,6248,CO
315,Coal,33.3317,-79.3581,6249,SC
315,Coal,33.3317,-79.3581,6249,SC
315,Coal,33.3317,-79.3581,6249,SC
315,Coal,33.3317,-79.3581,6249,SC
735.8,Coal,36.5278,-78.8917,6250,NC
1354.3,Nuclear,28.795,-96.0481,6251,TX
1354.3,Nuclear,28.795,-96.0481,6251,TX
61.2,Other,43.1952,-88.1496,6253,WI
61.2,Other,43.1952,-88.1496,6253,WI
61.2,Other,43.1952,-88.1496,6253,WI
61.2,Other,43.1952,-88.1496,6253,WI
106.9,Natural Gas,43.1952,-88.1496,6253,WI
726,Coal,41.0961,-92.555833,6254,IA
891,Coal,33.0606,-83.8075,6257,GA
891,Coal,33.0606,-83.8075,6257,GA
891,Coal,33.0606,-83.8075,6257,GA
891,Coal,33.0606,-83.8075,6257,GA
53.1,Other,33.137711,-81.748294,6258,GA
53.1,Other,33.137711,-81.748294,6258,GA
53.1,Other,33.137711,-81.748294,6258,GA
53.1,Other,33.137711,-81.748294,6258,GA
53.1,Other,33.137711,-81.748294,6258,GA
53.1,Other,33.137711,-81.748294,6258,GA
2.6,Other,33.137711,-81.748294,6258,GA
1300,Coal,38.9794,-81.9344,6264,WV
35,Hydroelectric,46.0594,-122.2594,6265,WA
35,Hydroelectric,46.0594,-122.2594,6265,WA
4,Hydroelectric,36.658995,-93.1235,6280,MO
4,Hydroelectric,36.658995,-93.1235,6280,MO
4,Hydroelectric,36.658995,-93.1235,6280,MO
4,Hydroelectric,36.658995,-93.1235,6280,MO
2.5,Other,57.789683,-152.39675,6281,AK
5.2,Other,57.789683,-152.39675,6281,AK
5.2,Other,57.789683,-152.39675,6281,AK
7,Other,57.789683,-152.39675,6281,AK
2,Other,57.789683,-152.39675,6281,AK
2,Other,57.789683,-152.39675,6281,AK
2.6,Other,57.789683,-152.39675,6281,AK
2,Other,57.789683,-152.39675,6281,AK
2,Other,57.789683,-152.39675,6281,AK
2,Other,57.789683,-152.39675,6281,AK
0.3,Other,57.7911,-152.4058,6282,AK
0.3,Other,57.7911,-152.4058,6282,AK
0.2,Other,57.7911,-152.4058,6282,AK
0.2,Other,57.7911,-152.4058,6282,AK
0.3,Other,59.43959,-151.713488,6283,AK
0.6,Other,59.43959,-151.713488,6283,AK
0.6,Other,59.43959,-151.713488,6283,AK
0.6,Other,59.43959,-151.713488,6283,AK
1.2,Other,59.43959,-151.713488,6283,AK
1.2,Other,59.43959,-151.713488,6283,AK
60.5,Other,64.7356,-147.3481,6285,AK
60.5,Other,64.7356,-147.3481,6285,AK
2.7,Other,64.854171,-147.719351,6286,AK
2.7,Other,64.854171,-147.719351,6286,AK
18.4,Other,64.854171,-147.719351,6286,AK
18.4,Other,64.854171,-147.719351,6286,AK
28,Coal,63.8542,-148.95,6288,AK
2.8,Other,63.8542,-148.95,6288,AK
7.5,Hydroelectric,60.392331,-149.665603,6291,AK
7.5,Hydroelectric,60.392331,-149.665603,6291,AK
20.7,Natural Gas,60.6935,-151.3874,6292,AK
28.8,Natural Gas,60.6935,-151.3874,6292,AK
27.2,Natural Gas,60.6935,-151.3874,6292,AK
15,Natural Gas,61.168972,-149.911038,6293,AK
15,Natural Gas,61.168972,-149.911038,6293,AK
16.3,Natural Gas,61.168972,-149.911038,6293,AK
0.3,Other,63.5325,-160.9006,6299,AK
0.5,Other,63.5325,-160.9006,6299,AK
0.6,Other,63.5325,-160.9006,6299,AK
0.6,Other,63.5325,-160.9006,6299,AK
0.4,Other,58.8128,-156.7319,6301,AK
0.4,Other,58.8128,-156.7319,6301,AK
0.4,Other,58.8128,-156.7319,6301,AK
1,Other,58.8128,-156.7319,6301,AK
1.3,Other,58.8128,-156.7319,6301,AK
1.1,Other,58.8128,-156.7319,6301,AK
1.1,Other,58.8128,-156.7319,6301,AK
0.8,Other,58.8128,-156.7319,6301,AK
0.8,Other,58.8128,-156.7319,6301,AK
0.8,Other,58.8128,-156.7319,6301,AK
1.3,Hydroelectric,55.091263,-131.544978,6302,AK
1.3,Hydroelectric,55.091263,-131.544978,6302,AK
1.3,Hydroelectric,55.091263,-131.544978,6302,AK
2.1,Other,66.893604,-162.595929,6304,AK
3,Other,66.893604,-162.595929,6304,AK
1,Other,66.893604,-162.595929,6304,AK
1,Other,66.893604,-162.595929,6304,AK
2.8,Other,66.893604,-162.595929,6304,AK
0.6,Wind,66.893604,-162.595929,6304,AK
0.1,Wind,66.893604,-162.595929,6304,AK
1.1,Other,66.893604,-162.595929,6304,AK
0.3,Other,61.9769,-146.5494,6305,AK
0.3,Other,61.9769,-146.5494,6305,AK
0.5,Other,61.9769,-146.5494,6305,AK
0.5,Other,61.9769,-146.5494,6305,AK
0.5,Other,61.9769,-146.5494,6305,AK
2.6,Other,61.9769,-146.5494,6305,AK
2.6,Other,61.9769,-146.5494,6305,AK
1.2,Other,61.9769,-146.5494,6305,AK
0.5,Other,61.1303,-146.3647,6306,AK
0.5,Other,61.1303,-146.3647,6306,AK
0.5,Other,61.1303,-146.3647,6306,AK
1.9,Other,61.1303,-146.3647,6306,AK
2.6,Other,61.1303,-146.3647,6306,AK
0.9,Other,61.1303,-146.3647,6306,AK
2.8,Other,61.1303,-146.3647,6306,AK
0.4,Other,61.5285812,-165.5928421,6311,AK
0.3,Other,61.5285812,-165.5928421,6311,AK
0.3,Other,61.5285812,-165.5928421,6311,AK
0.3,Other,62.8719,-164.4864,6314,AK
0.3,Other,62.8719,-164.4864,6314,AK
0.5,Other,62.8719,-164.4864,6314,AK
0.9,Other,62.8719,-164.4864,6314,AK
0.5,Other,61.5208,-166.1003,6319,AK
0.5,Other,61.5208,-166.1003,6319,AK
0.3,Other,61.5208,-166.1003,6319,AK
0.3,Other,61.5208,-166.1003,6319,AK
0.3,Other,67.5683,-160.5053,6323,AK
0.5,Other,67.5683,-160.5053,6323,AK
0.3,Other,67.5683,-160.5053,6323,AK
0.3,Other,67.5683,-160.5053,6323,AK
0.3,Other,67.5683,-160.5053,6323,AK
0.3,Other,62.1656,-163.0783,6329,AK
0.6,Other,62.1656,-163.0783,6329,AK
0.5,Other,62.1656,-163.0783,6329,AK
0.3,Other,62.1656,-163.0783,6329,AK
0.3,Other,66.8553,-160.4958,6330,AK
0.3,Other,66.8553,-160.4958,6330,AK
0.4,Other,66.8553,-160.4958,6330,AK
0.3,Other,60.8969289,-162.458312,6333,AK
0.3,Other,60.8969289,-162.458312,6333,AK
0.6,Other,60.8969289,-162.458312,6333,AK
0.5,Other,60.8969289,-162.458312,6333,AK
0.7,Other,60.8969289,-162.458312,6333,AK
0.6,Other,62.0636,-163.2658,6338,AK
0.6,Other,62.0636,-163.2658,6338,AK
0.9,Other,62.0636,-163.2658,6338,AK
0.2,Other,63.4692147,-162.1190154,6339,AK
0.3,Other,63.4692147,-162.1190154,6339,AK
0.2,Other,63.4692147,-162.1190154,6339,AK
0.3,Other,66.5569,-160.1431,6341,AK
0.7,Other,66.5569,-160.1431,6341,AK
0.3,Other,66.5569,-160.1431,6341,AK
0.3,Other,66.5569,-160.1431,6341,AK
0.8,Other,66.5569,-160.1431,6341,AK
0.3,Other,65.0853,-165.1108,6345,AK
0.3,Other,65.0853,-165.1108,6345,AK
0.5,Other,65.0853,-165.1108,6345,AK
0.3,Other,59.2281,-160.385,6348,AK
0.3,Other,59.2281,-160.385,6348,AK
0.5,Other,59.2281,-160.385,6348,AK
0.5,Other,59.2281,-160.385,6348,AK
0.5,Other,59.2281,-160.385,6348,AK
24,Other,42.792645,-86.103583,6356,MI
25,Natural Gas,44.888881,-94.349348,6358,MN
54,Natural Gas,44.888881,-94.349348,6358,MN
11.5,Natural Gas,44.888881,-94.349348,6358,MN
25,Natural Gas,44.888881,-94.349348,6358,MN
0.6,Hydroelectric,43.913476,-111.283319,6359,ID
0.7,Hydroelectric,43.913476,-111.283319,6359,ID
3,Other,46.3292,-84.3847,6369,MI
3,Other,46.3292,-84.3847,6369,MI
72.4,Natural Gas,40.7316,-96.7364,6373,NE
95.4,Natural Gas,40.7316,-96.7364,6373,NE
95.4,Natural Gas,40.7316,-96.7364,6373,NE
2.9,Other,40.7316,-96.7364,6373,NE
3,Other,35.109444,-75.979722,6377,NC
0.4,Hydroelectric,42.149497,-72.610949,6378,MA
0.4,Hydroelectric,42.149497,-72.610949,6378,MA
0.4,Hydroelectric,42.149497,-72.610949,6378,MA
1.5,Hydroelectric,42.160954,-72.507631,6379,MA
2.2,Hydroelectric,42.160954,-72.507631,6379,MA
1.3,Hydroelectric,42.608042,-72.561458,6388,MA
0.3,Hydroelectric,42.608042,-72.561458,6388,MA
1.2,Hydroelectric,42.608042,-72.561458,6388,MA
1.2,Hydroelectric,42.608042,-72.561458,6388,MA
1.2,Hydroelectric,42.608042,-72.561458,6388,MA
0.7,Other,37.8277,-75.9915,6390,VA
1,Other,37.8277,-75.9915,6390,VA
1.2,Other,37.8277,-75.9915,6390,VA
1.2,Other,37.8277,-75.9915,6390,VA
0.5,Other,37.9933,-76.0353,6391,MD
1.2,Other,37.9933,-76.0353,6391,MD
0.5,Hydroelectric,42.905142,-110.893422,6393,WY
0.5,Hydroelectric,42.905142,-110.893422,6393,WY
0.5,Hydroelectric,42.905142,-110.893422,6393,WY
20,Hydroelectric,43.357066,-115.451517,6395,ID
20,Hydroelectric,43.357066,-115.451517,6395,ID
5.1,Hydroelectric,43.930462,-116.437172,6396,ID
5.1,Hydroelectric,43.930462,-116.437172,6396,ID
0.5,Hydroelectric,43.537685,-116.093756,6397,ID
0.5,Hydroelectric,43.537685,-116.093756,6397,ID
0.5,Hydroelectric,43.537685,-116.093756,6397,ID
1.1,Hydroelectric,43.537685,-116.093756,6397,ID
1.1,Hydroelectric,43.537685,-116.093756,6397,ID
1.1,Hydroelectric,43.537685,-116.093756,6397,ID
2.7,Hydroelectric,42.669899,-113.483175,6398,ID
5,Hydroelectric,42.669899,-113.483175,6398,ID
10,Hydroelectric,42.669899,-113.483175,6398,ID
10,Hydroelectric,42.669899,-113.483175,6398,ID
16.6,Hydroelectric,46.649026,-111.727874,6400,MT
16.6,Hydroelectric,46.649026,-111.727874,6400,MT
16.6,Hydroelectric,46.649026,-111.727874,6400,MT
9.3,Hydroelectric,33.153358,-107.191973,6402,NM
9.3,Hydroelectric,33.153358,-107.191973,6402,NM
9.3,Hydroelectric,33.153358,-107.191973,6402,NM
17.2,Hydroelectric,42.121168,-122.547896,6403,OR
2.4,Hydroelectric,40.404354,-111.528446,6404,UT
2.4,Hydroelectric,40.404354,-111.528446,6404,UT
50.6,Hydroelectric,40.914646,-109.421662,6405,UT
50.6,Hydroelectric,40.914646,-109.421662,6405,UT
50.6,Hydroelectric,40.914646,-109.421662,6405,UT
6,Hydroelectric,46.26678,-119.589821,6406,WA
6,Hydroelectric,46.26678,-119.589821,6406,WA
12.9,Hydroelectric,46.618413,-120.477759,6407,WA
5,Hydroelectric,44.513767,-109.129588,6408,WY
20.7,Hydroelectric,42.548412,-106.717536,6409,WY
20.7,Hydroelectric,42.548412,-106.717536,6409,WY
10.5,Hydroelectric,26.5575,-99.1642,6410,TX
10.5,Hydroelectric,26.5575,-99.1642,6410,TX
10.5,Hydroelectric,26.5575,-99.1642,6410,TX
26,Hydroelectric,31.060893,-94.1062,6413,TX
26,Hydroelectric,31.060893,-94.1062,6413,TX
15,Hydroelectric,31.8694,-97.3667,6414,TX
15,Hydroelectric,31.8694,-97.3667,6414,TX
50,Hydroelectric,34.1387,-94.6844,6415,OK
50,Hydroelectric,34.1387,-94.6844,6415,OK
35,Hydroelectric,33.8181,-96.5692,6416,TX
35,Hydroelectric,33.8181,-96.5692,6416,TX
45,Hydroelectric,36.0972,-85.8274,6417,TN
45,Hydroelectric,36.0972,-85.8274,6417,TN
45,Hydroelectric,36.0972,-85.8274,6417,TN
12,Hydroelectric,36.3208,-87.2219,6418,TN
12,Hydroelectric,36.3208,-87.2219,6418,TN
12,Hydroelectric,36.3208,-87.2219,6418,TN
30,Hydroelectric,35.3069,-95.3572,6419,OK
30,Hydroelectric,35.3069,-95.3572,6419,OK
30,Hydroelectric,35.3069,-95.3572,6419,OK
33,Hydroelectric,43.280611,-122.40248,6421,OR
2.2,Hydroelectric,45.487869,-111.633807,6422,MT
2.2,Hydroelectric,45.487869,-111.633807,6422,MT
2.2,Hydroelectric,45.487869,-111.633807,6422,MT
2.2,Hydroelectric,45.487869,-111.633807,6422,MT
24,Hydroelectric,47.8347,-120.0133,6424,WA
24,Hydroelectric,47.8347,-120.0133,6424,WA
10,Hydroelectric,47.4193,-121.781858,6430,WA
10,Hydroelectric,47.4193,-121.781858,6430,WA
36.8,Hydroelectric,48.675833,-121.239167,6431,WA
36.8,Hydroelectric,48.675833,-121.239167,6431,WA
36.8,Hydroelectric,48.675833,-121.239167,6431,WA
96.9,Hydroelectric,48.675833,-121.239167,6431,WA
75.2,Hydroelectric,48.713853,-121.131736,6432,WA
75.2,Hydroelectric,48.713853,-121.131736,6432,WA
1.2,Hydroelectric,48.713853,-121.131736,6432,WA
1.2,Hydroelectric,48.713853,-121.131736,6432,WA
158.4,Hydroelectric,48.987111,-117.347847,6433,WA
161.5,Hydroelectric,48.987111,-117.347847,6433,WA
158.4,Hydroelectric,48.987111,-117.347847,6433,WA
161.5,Hydroelectric,48.987111,-117.347847,6433,WA
200,Hydroelectric,48.987111,-117.347847,6433,WA
200,Hydroelectric,48.987111,-117.347847,6433,WA
1.4,Hydroelectric,35.27127,-83.676016,6438,NC
23,Hydroelectric,34.79782,-87.62537,6440,AL
23,Hydroelectric,34.79782,-87.62537,6440,AL
23,Hydroelectric,34.79782,-87.62537,6440,AL
23,Hydroelectric,34.79782,-87.62537,6440,AL
36,Hydroelectric,34.79782,-87.62537,6440,AL
30.9,Hydroelectric,34.79782,-87.62537,6440,AL
30.9,Hydroelectric,34.79782,-87.62537,6440,AL
30.9,Hydroelectric,34.79782,-87.62537,6440,AL
29.2,Hydroelectric,34.79782,-87.62537,6440,AL
29.2,Hydroelectric,34.79782,-87.62537,6440,AL
29.2,Hydroelectric,34.79782,-87.62537,6440,AL
29.2,Hydroelectric,34.79782,-87.62537,6440,AL
29.2,Hydroelectric,34.79782,-87.62537,6440,AL
25.2,Hydroelectric,34.79782,-87.62537,6440,AL
29.2,Hydroelectric,34.79782,-87.62537,6440,AL
29.2,Hydroelectric,34.79782,-87.62537,6440,AL
29.2,Hydroelectric,34.79782,-87.62537,6440,AL
25.2,Hydroelectric,34.79782,-87.62537,6440,AL
54,Hydroelectric,34.79782,-87.62537,6440,AL
54,Hydroelectric,34.79782,-87.62537,6440,AL
54,Hydroelectric,34.79782,-87.62537,6440,AL
3,Hydroelectric,34.1548,-117.9093,6449,CA
1.6,Hydroelectric,43.662775,-73.034023,6450,VT
0.8,Hydroelectric,43.662775,-73.034023,6450,VT
0.8,Hydroelectric,43.662775,-73.034023,6450,VT
0.8,Hydroelectric,43.662775,-73.034023,6450,VT
2.9,Hydroelectric,43.662775,-73.034023,6450,VT
0.8,Hydroelectric,44.0525,-73.1762,6451,VT
0.8,Hydroelectric,44.0525,-73.1762,6451,VT
4.1,Hydroelectric,44.0525,-73.1762,6451,VT
1.3,Hydroelectric,43.6262,-73.3073,6456,NY
0.6,Hydroelectric,43.6262,-73.3073,6456,NY
1.7,Hydroelectric,48.0592,-114.0708,6459,MT
1.7,Hydroelectric,48.0592,-114.0708,6459,MT
0.7,Hydroelectric,48.0592,-114.0708,6459,MT
1035.9,Nuclear,30.757,-91.3327,6462,LA
22,Other,42.0272,-93.5828,6463,IA
434.9,Coal,47.2819,-101.3194,6469,ND
434.9,Coal,47.2819,-101.3194,6469,ND
2.7,Other,21.899583,-159.585042,6474,HI
2.7,Other,21.899583,-159.585042,6474,HI
2.7,Other,21.899583,-159.585042,6474,HI
8.6,Other,21.899583,-159.585042,6474,HI
8.6,Other,21.899583,-159.585042,6474,HI
8.6,Other,21.899583,-159.585042,6474,HI
8.6,Other,21.899583,-159.585042,6474,HI
19.2,Other,21.899583,-159.585042,6474,HI
23.8,Other,21.899583,-159.585042,6474,HI
2,Other,21.899583,-159.585042,6474,HI
2,Other,21.899583,-159.585042,6474,HI
10,Other,21.899583,-159.585042,6474,HI
3,Hydroelectric,44.489997,-73.169312,6475,VT
3.5,Other,19.7239,-155.069,6478,HI
7.5,Other,19.7239,-155.069,6478,HI
7.5,Other,19.7239,-155.069,6478,HI
9.3,Hydroelectric,34.590183,-118.454676,6479,CA
10,Hydroelectric,34.590183,-118.454676,6479,CA
25,Hydroelectric,34.590183,-118.454676,6479,CA
25,Hydroelectric,34.590183,-118.454676,6479,CA
14,Hydroelectric,34.534337,-118.525113,6480,CA
14,Hydroelectric,34.534337,-118.525113,6480,CA
14,Hydroelectric,34.534337,-118.525113,6480,CA
820,Coal,39.509731,-112.58018,6481,UT
820,Coal,39.509731,-112.58018,6481,UT
1,Hydroelectric,44.2778,-121.2564,6482,OR
2.6,Hydroelectric,44.2603,-72.0592,6483,NH
2.6,Hydroelectric,44.2603,-72.0592,6483,NH
2.6,Hydroelectric,44.2603,-72.0592,6483,NH
2.6,Hydroelectric,44.2603,-72.0592,6483,NH
0.2,Hydroelectric,44.062326,-121.313331,6484,OR
0.3,Hydroelectric,44.062326,-121.313331,6484,OR
0.6,Hydroelectric,44.062326,-121.313331,6484,OR
1,Hydroelectric,44.6967,-73.6122,6486,NY
1.2,Hydroelectric,44.6967,-73.6122,6486,NY
3.8,Hydroelectric,44.6967,-73.6122,6486,NY
2.6,Other,20.80117,-156.492981,6504,HI
2.6,Other,20.80117,-156.492981,6504,HI
2.6,Other,20.80117,-156.492981,6504,HI
5.6,Other,20.80117,-156.492981,6504,HI
5.6,Other,20.80117,-156.492981,6504,HI
5.6,Other,20.80117,-156.492981,6504,HI
5.6,Other,20.80117,-156.492981,6504,HI
5.6,Other,20.80117,-156.492981,6504,HI
5.6,Other,20.80117,-156.492981,6504,HI
12.5,Other,20.80117,-156.492981,6504,HI
12.5,Other,20.80117,-156.492981,6504,HI
12.5,Other,20.80117,-156.492981,6504,HI
12.5,Other,20.80117,-156.492981,6504,HI
23.6,Other,20.80117,-156.492981,6504,HI
18,Other,20.80117,-156.492981,6504,HI
23.6,Other,20.80117,-156.492981,6504,HI
25,Other,20.80117,-156.492981,6504,HI
25,Other,20.80117,-156.492981,6504,HI
2.6,Other,20.80117,-156.492981,6504,HI
2.6,Other,20.80117,-156.492981,6504,HI
25.5,Hydroelectric,45.122009,-122.06987,6505,OR
25.5,Hydroelectric,45.122009,-122.06987,6505,OR
1,Hydroelectric,48.7339,-116.1752,6506,ID
0.4,Hydroelectric,48.7339,-116.1752,6506,ID
1,Hydroelectric,48.7339,-116.1752,6506,ID
1.5,Hydroelectric,48.7339,-116.1752,6506,ID
2.5,Hydroelectric,46.4492,-120.5342,6507,WA
0.8,Hydroelectric,46.423133,-120.559997,6508,WA
0.8,Hydroelectric,46.423133,-120.559997,6508,WA
2,Other,40.6437007,-116.9365773,6509,NV
2,Other,40.6437007,-116.9365773,6509,NV
2,Other,40.6437007,-116.9365773,6509,NV
2,Other,40.6437007,-116.9365773,6509,NV
2,Other,39.1522,-119.7478,6510,NV
2,Other,39.1522,-119.7478,6510,NV
2,Other,39.1522,-119.7478,6510,NV
2,Other,39.4597637,-118.7871227,6511,NV
1.4,Hydroelectric,39.4199196,-120.0316373,6512,CA
1.4,Hydroelectric,39.4199196,-120.0316373,6512,CA
2,Hydroelectric,39.2851,-119.5933,6513,NV
2.7,Other,38.7714,-117.6869,6514,NV
2.7,Other,38.7714,-117.6869,6514,NV
16.8,Natural Gas,31.363472,-110.931343,6515,AZ
16.8,Natural Gas,31.363472,-110.931343,6515,AZ
16.8,Natural Gas,31.363472,-110.931343,6515,AZ
2,Other,38.0492,-103.7136,6516,CO
2,Other,38.0492,-103.7136,6516,CO
2,Other,38.0492,-103.7136,6516,CO
2,Other,38.0492,-103.7136,6516,CO
2,Other,38.0492,-103.7136,6516,CO
78.8,Hydroelectric,34.7981,-82.8872,6517,SC
78.8,Hydroelectric,34.7981,-82.8872,6517,SC
2.7,Other,39.245833,-120.027222,6518,CA
2.7,Other,39.245833,-120.027222,6518,CA
2.7,Other,39.245833,-120.027222,6518,CA
2.7,Other,39.245833,-120.027222,6518,CA
2.7,Other,39.245833,-120.027222,6518,CA
2.7,Other,39.245833,-120.027222,6518,CA
0.7,Hydroelectric,44.1664,-73.2575,6519,VT
0.7,Hydroelectric,44.1664,-73.2575,6519,VT
1,Hydroelectric,44.1664,-73.2575,6519,VT
2,Other,44.1664,-73.2575,6519,VT
2,Other,44.1664,-73.2575,6519,VT
5.5,Hydroelectric,44.38126,-72.76769,6520,VT
0.6,Hydroelectric,39.4625,-119.0667,6521,NV
0.6,Hydroelectric,39.4625,-119.0667,6521,NV
0.6,Hydroelectric,39.4625,-119.0667,6521,NV
1,Other,39.4625,-119.0667,6521,NV
1,Other,39.4625,-119.0667,6521,NV
151,Hydroelectric,41.0006,-75.0314,6522,NJ
151,Hydroelectric,41.0006,-75.0314,6522,NJ
151,Hydroelectric,41.0006,-75.0314,6522,NJ
2,Other,39.8139223,-120.4713063,6524,CA
2,Other,39.8139223,-120.4713063,6524,CA
2,Other,39.8139223,-120.4713063,6524,CA
1.3,Hydroelectric,44.5236,-73.4617,6526,NY
1.3,Hydroelectric,44.5236,-73.4617,6526,NY
11,Hydroelectric,43.318906,-73.920785,6527,NY
11,Hydroelectric,43.318906,-73.920785,6527,NY
4.1,Hydroelectric,42.87084,-72.92732,6529,VT
2,Other,39.5408055,-119.8078981,6530,NV
2,Other,39.5408055,-119.8078981,6530,NV
2,Other,39.5408055,-119.8078981,6530,NV
2.4,Hydroelectric,39.3125,-119.585,6531,NV
0.7,Hydroelectric,39.3022,-119.5604,6532,NV
0.7,Hydroelectric,39.3022,-119.5604,6532,NV
14.9,Natural Gas,40.9123661,-117.8106749,6533,NV
2.4,Hydroelectric,40.584985,-111.800605,6537,UT
2.4,Hydroelectric,40.584985,-111.800605,6537,UT
0.5,Hydroelectric,39.493056,-77.826944,6543,WV
0.5,Hydroelectric,39.493056,-77.826944,6543,WV
0.9,Hydroelectric,39.493056,-77.826944,6543,WV
0.5,Hydroelectric,39.605,-77.923055,6544,WV
0.5,Hydroelectric,39.605,-77.923055,6544,WV
0.8,Hydroelectric,39.273056,-77.784444,6546,WV
1,Hydroelectric,39.273056,-77.784444,6546,WV
1,Hydroelectric,39.273056,-77.784444,6546,WV
10,Hydroelectric,44.4146,-122.6712,6552,OR
10,Hydroelectric,44.4146,-122.6712,6552,OR
16,Natural Gas,41.250607,-112.249441,6553,UT
1.2,Natural Gas,42.7317,-92.4711,6554,IA
1.3,Natural Gas,42.7317,-92.4711,6554,IA
3.5,Natural Gas,42.7317,-92.4711,6554,IA
3.7,Natural Gas,42.7317,-92.4711,6554,IA
3.7,Natural Gas,42.7317,-92.4711,6554,IA
7,Other,42.7317,-92.4711,6554,IA
0.2,Other,63.2369,-154.219444,6555,AK
0.2,Other,63.2369,-154.219444,6555,AK
0.6,Other,63.2369,-154.219444,6555,AK
0.6,Other,63.2369,-154.219444,6555,AK
0.5,Other,63.2369,-154.219444,6555,AK
17.5,Natural Gas,31.3207,-92.4613,6558,LA
17.5,Natural Gas,31.3207,-92.4613,6558,LA
55,Natural Gas,31.3207,-92.4613,6558,LA
85,Natural Gas,31.3207,-92.4613,6558,LA
38.1,Natural Gas,61.229713,-149.716744,6559,AK
33,Natural Gas,61.229713,-149.716744,6559,AK
102.6,Natural Gas,61.229713,-149.716744,6559,AK
92.6,Natural Gas,61.229713,-149.716744,6559,AK
4.4,Hydroelectric,38.1944,-81.3706,6560,WV
4.8,Hydroelectric,38.1944,-81.3706,6560,WV
4.8,Hydroelectric,38.1944,-81.3706,6560,WV
4.8,Hydroelectric,38.2526,-81.5695,6561,WV
4.8,Hydroelectric,38.2526,-81.5695,6561,WV
4.8,Hydroelectric,38.2526,-81.5695,6561,WV
14.7,Hydroelectric,38.5274,-81.91392,6562,WV
4.9,Hydroelectric,38.5274,-81.91392,6562,WV
4.9,Hydroelectric,38.5274,-81.91392,6562,WV
23,Other,40.459344,-93.021833,6563,MO
23,Other,40.459344,-93.021833,6563,MO
1.1,Other,38.3361,-75.1919,6565,MD
1.8,Other,38.3361,-75.1919,6565,MD
1.8,Other,38.3361,-75.1919,6565,MD
1.8,Other,38.3361,-75.1919,6565,MD
2.5,Other,38.3361,-75.1919,6565,MD
2.1,Other,60.7897,-161.787778,6566,AK
2.1,Other,60.7897,-161.787778,6566,AK
2.1,Other,60.7897,-161.787778,6566,AK
2.1,Other,60.7897,-161.787778,6566,AK
2.1,Other,60.7897,-161.787778,6566,AK
2.1,Other,60.7897,-161.787778,6566,AK
1,Other,41.175556,-71.5711,6567,RI
1.1,Other,41.175556,-71.5711,6567,RI
1.6,Other,41.175556,-71.5711,6567,RI
1.3,Other,41.175556,-71.5711,6567,RI
1.2,Other,41.175556,-71.5711,6567,RI
1.6,Other,41.175556,-71.5711,6567,RI
0.3,Other,41.2663574,-72.0116893,6575,NY
0.7,Other,41.2663574,-72.0116893,6575,NY
0.6,Other,37.5757,-101.625,6579,KS
0.9,Other,37.5757,-101.625,6579,KS
0.5,Other,37.5757,-101.625,6579,KS
0.3,Other,37.5757,-101.625,6579,KS
1.5,Other,37.5757,-101.625,6579,KS
1.2,Natural Gas,37.5757,-101.625,6579,KS
1.5,Other,37.5757,-101.625,6579,KS
1,Hydroelectric,55.37975,-131.470269,6580,AK
2.2,Hydroelectric,55.37975,-131.470269,6580,AK
2.2,Hydroelectric,55.37975,-131.470269,6580,AK
2.1,Hydroelectric,55.381402,-131.517758,6581,AK
2.7,Other,24.6816339,-81.4996114,6582,FL
2.3,Other,24.6816339,-81.4996114,6582,FL
23.4,Other,24.563333,-81.7342,6584,FL
19.7,Other,24.563333,-81.7342,6584,FL
19.7,Other,24.563333,-81.7342,6584,FL
2.5,Other,24.563333,-81.7342,6584,FL
2.5,Other,24.563333,-81.7342,6584,FL
2.5,Other,24.563333,-81.7342,6584,FL
9.6,Other,24.563333,-81.7342,6584,FL
9.6,Other,24.563333,-81.7342,6584,FL
1.1,Other,42.4972694,-70.8527339,6585,MA
2.7,Other,42.5139,-70.8547,6586,MA
2.7,Other,42.5139,-70.8547,6586,MA
1.1,Natural Gas,40.4119,-95.5158,6594,MO
1.1,Natural Gas,40.4119,-95.5158,6594,MO
0.5,Other,40.4119,-95.5158,6594,MO
0.4,Other,40.4119,-95.5158,6594,MO
1.3,Natural Gas,40.4119,-95.5158,6594,MO
1.3,Natural Gas,40.4119,-95.5158,6594,MO
40.5,Hydroelectric,31.173484,-93.565877,6595,TX
40.5,Hydroelectric,31.173484,-93.565877,6595,TX
5,Other,41.0947,-73.4242,6598,CT
2,Other,41.0947,-73.4242,6598,CT
2,Other,41.0947,-73.4242,6598,CT
3.3,Other,41.0947,-73.4242,6598,CT
4,Other,41.0947,-73.4242,6598,CT
1,Other,41.0947,-73.4242,6598,CT
22.8,Other,41.0947,-73.4242,6598,CT
46.7,Hydroelectric,38.86429,-120.444335,6612,CA
1.1,Hydroelectric,44.933611,-73.051111,6618,VT
1,Hydroelectric,44.933611,-73.051111,6618,VT
3.2,Hydroelectric,44.933611,-73.051111,6618,VT
5.8,Hydroelectric,44.933611,-73.051111,6618,VT
64.7,Other,39.3561,-102.2431,6619,CO
64.7,Other,39.3561,-102.2431,6619,CO
43.5,Hydroelectric,48.0122,-106.4123,6623,MT
18.3,Hydroelectric,48.0122,-106.4123,6623,MT
43.5,Hydroelectric,48.0122,-106.4123,6623,MT
40,Hydroelectric,48.0122,-106.4123,6623,MT
40,Hydroelectric,48.0122,-106.4123,6623,MT
44.1,Hydroelectric,42.848829,-97.481479,6624,NE
44.1,Hydroelectric,42.848829,-97.481479,6624,NE
44.1,Hydroelectric,42.848829,-97.481479,6624,NE
12.8,Hydroelectric,39.720278,-79.856111,6636,PA
12.8,Hydroelectric,39.720278,-79.856111,6636,PA
12.8,Hydroelectric,39.720278,-79.856111,6636,PA
12.8,Hydroelectric,39.720278,-79.856111,6636,PA
0.6,Other,59.5453,-139.725,6637,AK
1.1,Other,59.5453,-139.725,6637,AK
0.3,Other,59.5453,-139.725,6637,AK
0.8,Other,59.5453,-139.725,6637,AK
264,Coal,37.6461,-87.5,6639,KY
264,Coal,37.6461,-87.5,6639,KY
850,Coal,35.678442,-91.408761,6641,AR
850,Coal,35.678442,-91.408761,6641,AR
1,Hydroelectric,34.20795,-118.3516,6643,CA
4.9,Hydroelectric,33.8553,-117.4537,6644,CA
4.5,Hydroelectric,34.5148,-118.6092,6645,CA
4.5,Hydroelectric,34.5148,-118.6092,6645,CA
9.9,Hydroelectric,34.1275,-117.7958,6646,CA
5.1,Hydroelectric,33.9117,-117.8192,6647,CA
590.6,Coal,30.565871,-97.064032,6648,TX
60.7,Other,39.1481,-91.8306,6650,MO
60.6,Other,39.4244,-92.4837,6651,MO
60.8,Other,38.555713,-92.102316,6652,MO
738,Coal,41.3181,-91.0931,6664,IA
0.6,Hydroelectric,57.957197,-136.220095,6702,AK
0.1,Hydroelectric,57.957197,-136.220095,6702,AK
0.3,Other,57.957197,-136.220095,6702,AK
0.1,Other,57.957197,-136.220095,6702,AK
0.2,Other,57.957197,-136.220095,6702,AK
0.2,Other,57.957197,-136.220095,6702,AK
0.4,Other,57.957197,-136.220095,6702,AK
1,Other,33.333056,-118.310278,6704,CA
1.5,Other,33.333056,-118.310278,6704,CA
1.1,Other,33.333056,-118.310278,6704,CA
1.5,Other,33.333056,-118.310278,6704,CA
1.4,Other,33.333056,-118.310278,6704,CA
2.8,Other,33.333056,-118.310278,6704,CA
144,Coal,37.915,-87.3328,6705,IN
144,Coal,37.915,-87.3328,6705,IN
144,Coal,37.915,-87.3328,6705,IN
323,Coal,37.915,-87.3328,6705,IN
21,Natural Gas,29.7898031,-90.8097931,6706,LA
16,Natural Gas,32.738768,-117.2060105,6707,CA
29.4,Other,45.805443,-92.97176,6741,MN
293.6,Coal,40.860905,-105.021207,6761,CO
89.3,Natural Gas,40.860905,-105.021207,6761,CO
89.3,Natural Gas,40.860905,-105.021207,6761,CO
89.3,Natural Gas,40.860905,-105.021207,6761,CO
89.3,Natural Gas,40.860905,-105.021207,6761,CO
261,Coal,36.8791,-89.6209,6768,MO
446,Coal,34.0158,-95.3206,6772,OK
27,Other,39.4912,-75.0486,6776,NJ
28,Hydroelectric,33.4261,-79.93,6789,SC
28,Hydroelectric,33.4261,-79.93,6789,SC
28,Hydroelectric,33.4261,-79.93,6789,SC
4,Natural Gas,37.6811,-96.9817,6791,KS
4,Natural Gas,37.6811,-96.9817,6791,KS
6,Natural Gas,37.6811,-96.9817,6791,KS
2,Other,57.0497,-135.3128,6801,AK
2.8,Other,57.0497,-135.3128,6801,AK
2.8,Other,57.0497,-135.3128,6801,AK
4.5,Other,57.0497,-135.3128,6801,AK
440,Coal,37.4497,-87.0806,6823,KY
47.6,Other,44.905026,-93.820761,6824,MN
2.3,Other,37.175,-101.3458,7011,KS
2,Other,37.175,-101.3458,7011,KS
4.3,Other,37.175,-101.3458,7011,KS
2.5,Other,37.175,-101.3458,7011,KS
3,Other,37.175,-101.3458,7011,KS
0.8,Natural Gas,37.175,-101.3458,7011,KS
4.3,Other,37.175,-101.3458,7011,KS
8,Hydroelectric,43.468679,-112.062499,7012,ID
26.5,Natural Gas,37.2367,-96.9625,7013,KS
1.6,Other,37.2367,-96.9625,7013,KS
1.2,Hydroelectric,39.544108,-111.418727,7015,UT
7.6,Natural Gas,37.6376,-95.4704,7018,KS
7.6,Natural Gas,37.6376,-95.4704,7018,KS
7.6,Natural Gas,37.6376,-95.4704,7018,KS
6,Other,37.6376,-95.4704,7018,KS
6,Other,37.6376,-95.4704,7018,KS
7,Natural Gas,40.1817,-111.6203,7028,UT
7,Natural Gas,40.1817,-111.6203,7028,UT
7,Natural Gas,40.1817,-111.6203,7028,UT
5,Natural Gas,40.1817,-111.6203,7028,UT
2.8,Natural Gas,40.1817,-111.6203,7028,UT
2.8,Natural Gas,40.1817,-111.6203,7028,UT
2.8,Natural Gas,40.1817,-111.6203,7028,UT
174.6,Coal,31.091925,-96.69503,7030,TX
174.6,Coal,31.091925,-96.69503,7030,TX
16.3,Other,37.1575,-76.6911,7032,VA
23.8,Other,37.1575,-76.6911,7032,VA
91.9,Natural Gas,37.1575,-76.6911,7032,VA
91.9,Natural Gas,37.1575,-76.6911,7032,VA
91.9,Natural Gas,37.1575,-76.6911,7032,VA
91.9,Natural Gas,37.1575,-76.6911,7032,VA
3.3,Hydroelectric,41.743728,-111.783169,7034,UT
3.3,Hydroelectric,41.743728,-111.783169,7034,UT
2.7,Other,44.415,-110.5739,7039,WY
10.8,Hydroelectric,35.351361,-94.294349,7040,AR
10.8,Hydroelectric,35.351361,-94.294349,7040,AR
10.8,Hydroelectric,35.351361,-94.294349,7040,AR
0.5,Hydroelectric,60.612822,-145.679411,7042,AK
0.5,Hydroelectric,60.612822,-145.679411,7042,AK
0.2,Hydroelectric,60.612822,-145.679411,7042,AK
1.2,Hydroelectric,44.095876,-70.219009,7044,ME
1.5,Hydroelectric,44.095876,-70.219009,7044,ME
1.2,Hydroelectric,44.095876,-70.219009,7044,ME
0.3,Hydroelectric,44.092904,-70.216965,7048,ME
0.3,Hydroelectric,44.092904,-70.216965,7048,ME
0.3,Hydroelectric,44.092904,-70.216965,7048,ME
0.3,Hydroelectric,44.092904,-70.216965,7048,ME
0.3,Hydroelectric,44.092904,-70.216965,7048,ME
0.3,Hydroelectric,44.092904,-70.216965,7048,ME
0.1,Hydroelectric,44.309693,-72.575305,7051,VT
0.3,Hydroelectric,44.309693,-72.575305,7051,VT
0.6,Hydroelectric,44.309693,-72.575305,7051,VT
4.4,Hydroelectric,44.359381,-72.81673,7056,VT
4.4,Hydroelectric,44.359381,-72.81673,7056,VT
1,Other,46.3764,-91.7669,7058,WI
1,Other,46.3764,-91.7669,7058,WI
1,Other,46.3764,-91.7669,7058,WI
1,Other,46.3764,-91.7669,7058,WI
1,Other,46.3764,-91.7669,7058,WI
1,Other,46.3764,-91.7669,7058,WI
1,Other,46.3764,-91.7669,7058,WI
1,Other,46.3764,-91.7669,7058,WI
1.1,Other,43.4008,-95.7439,7060,IA
110,Natural Gas,31.2546,-88.0299,7063,AL
113,Natural Gas,31.2546,-88.0299,7063,AL
113,Natural Gas,31.2546,-88.0299,7063,AL
3,Hydroelectric,39.470447,-120.10455,7066,CA
0.6,Hydroelectric,39.470447,-120.10455,7066,CA
10.9,Hydroelectric,34.307444,-117.323548,7072,CA
10.9,Hydroelectric,34.307444,-117.323548,7072,CA
10.9,Hydroelectric,34.307444,-117.323548,7072,CA
8.2,Hydroelectric,42.766397,-114.908236,7079,ID
8.3,Hydroelectric,42.766397,-114.908236,7079,ID
7,Other,37.1067,-113.5953,7080,UT
7,Other,37.1067,-113.5953,7080,UT
78,Natural Gas,36.430554,-114.902405,7082,NV
566,Coal,29.309722,-98.3203,7097,TX
1.4,Natural Gas,40.5003,-111.4047,7111,UT
1.4,Natural Gas,40.5003,-111.4047,7111,UT
1.9,Natural Gas,40.5003,-111.4047,7111,UT
0.6,Natural Gas,40.5003,-111.4047,7111,UT
1.9,Natural Gas,40.5003,-111.4047,7111,UT
0.6,Natural Gas,40.5003,-111.4047,7111,UT
0.6,Natural Gas,40.5003,-111.4047,7111,UT
0.6,Natural Gas,40.5003,-111.4047,7111,UT
0.7,Natural Gas,40.5003,-111.4047,7111,UT
0.7,Natural Gas,40.5003,-111.4047,7111,UT
1.5,Other,40.5003,-111.4047,7111,UT
1.6,Other,40.5003,-111.4047,7111,UT
1.9,Natural Gas,40.5003,-111.4047,7111,UT
3.3,Other,55.1139,-131.5481,7112,AK
6.6,Hydroelectric,47.159553,-119.896306,7113,WA
1,Hydroelectric,46.5628,-87.5686,7115,MI
1.4,Hydroelectric,46.5628,-87.5686,7115,MI
2,Hydroelectric,46.5628,-87.5686,7115,MI
4,Hydroelectric,46.5717,-87.4764,7116,MI
4,Hydroelectric,46.5717,-87.4764,7116,MI
2,Hydroelectric,46.3156,-87.5128,7118,MI
22.6,Other,45.8475,-87.0036,7119,MI
266.3,Hydroelectric,35.0075,-82.9975,7125,SC
266.3,Hydroelectric,35.0075,-82.9975,7125,SC
266.3,Hydroelectric,35.0075,-82.9975,7125,SC
266.3,Hydroelectric,35.0075,-82.9975,7125,SC
12.8,Hydroelectric,47.385072,-123.605225,7127,WA
7,Hydroelectric,40.432915,-78.002887,7128,PA
14.7,Hydroelectric,40.432915,-78.002887,7128,PA
3.4,Hydroelectric,39.528749,-121.546359,7129,CA
15.5,Other,19.6316,-155.0313,7130,HI
23.6,Other,19.6316,-155.0313,7130,HI
21,Natural Gas,33.585257,-101.886093,7131,TX
1.8,Hydroelectric,41.254331,-111.848525,7132,UT
10.8,Hydroelectric,35.127591,-92.790273,7135,AR
10.8,Hydroelectric,35.127591,-92.790273,7135,AR
10.8,Hydroelectric,35.127591,-92.790273,7135,AR
22.3,Natural Gas,41.7529,-92.748889,7137,IA
22.3,Natural Gas,41.7529,-92.748889,7137,IA
38.4,Natural Gas,39.8154,-74.2098,7138,NJ
38.4,Natural Gas,39.8154,-74.2098,7138,NJ
41.4,Natural Gas,41.5572,-93.5242,7145,IA
41.4,Natural Gas,41.5572,-93.5242,7145,IA
97,Natural Gas,41.5572,-93.5242,7145,IA
79.5,Other,40.956932,-72.877411,7146,NY
79.5,Other,40.956932,-72.877411,7146,NY
79.5,Other,40.956932,-72.877411,7146,NY
1,Hydroelectric,34.088019,-117.039539,7147,CA
1,Hydroelectric,34.088019,-117.039539,7147,CA
1,Hydroelectric,34.088019,-117.039539,7147,CA
1.5,Hydroelectric,34.030376,-116.857142,7148,CA
2.5,Hydroelectric,39.586864,-122.533248,7151,CA
2.5,Hydroelectric,39.586864,-122.533248,7151,CA
122,Natural Gas,39.7436,-75.5072,7153,DE
122,Natural Gas,39.7436,-75.5072,7153,DE
122,Natural Gas,39.7436,-75.5072,7153,DE
200,Natural Gas,39.7436,-75.5072,7153,DE
144,Natural Gas,39.7436,-75.5072,7153,DE
144,Natural Gas,39.7436,-75.5072,7153,DE
144,Natural Gas,39.7436,-75.5072,7153,DE
195,Natural Gas,39.7436,-75.5072,7153,DE
41.4,Other,43.2481,-93.205,7155,IA
41.4,Other,43.2481,-93.205,7155,IA
81.6,Natural Gas,39.4492,-84.4611,7158,OH
81.6,Natural Gas,39.4492,-84.4611,7158,OH
81.6,Natural Gas,39.4492,-84.4611,7158,OH
81.6,Natural Gas,39.4492,-84.4611,7158,OH
81.6,Natural Gas,39.4492,-84.4611,7158,OH
81.6,Natural Gas,39.4492,-84.4611,7158,OH
95.3,Natural Gas,43.1669,-88.69,7159,WI
95.3,Natural Gas,43.1669,-88.69,7159,WI
95.3,Natural Gas,43.1669,-88.69,7159,WI
95.3,Natural Gas,43.1669,-88.69,7159,WI
10,Hydroelectric,33.8447,-112.2714,7164,AZ
10,Hydroelectric,33.8447,-112.2714,7164,AZ
10,Hydroelectric,33.8447,-112.2714,7164,AZ
10,Hydroelectric,33.8447,-112.2714,7164,AZ
22.7,Hydroelectric,34.7956,-92.3569,7166,AR
22.7,Hydroelectric,34.7956,-92.3569,7166,AR
1,Hydroelectric,55.116879,-131.545879,7168,AK
0.4,Other,62.9617,-141.9372,7169,AK
0.5,Other,62.9617,-141.9372,7169,AK
0.2,Other,62.9617,-141.9372,7169,AK
0.3,Other,62.9617,-141.9372,7169,AK
2.5,Natural Gas,71.292,-156.7786,7173,AK
2.5,Natural Gas,71.292,-156.7786,7173,AK
2.5,Natural Gas,71.292,-156.7786,7173,AK
1.5,Natural Gas,71.292,-156.7786,7173,AK
1.5,Natural Gas,71.292,-156.7786,7173,AK
4.8,Natural Gas,71.292,-156.7786,7173,AK
5,Natural Gas,71.292,-156.7786,7173,AK
0.6,Other,66.5208,-145.3064,7174,AK
0.2,Other,66.5208,-145.3064,7174,AK
0.5,Other,66.5208,-145.3064,7174,AK
6.5,Hydroelectric,34.168264,-114.277356,7179,AZ
6.5,Hydroelectric,34.168264,-114.277356,7179,AZ
6.5,Hydroelectric,34.168264,-114.277356,7179,AZ
0.5,Other,61.5875,-159.5317,7182,AK
0.3,Other,61.5875,-159.5317,7182,AK
0.3,Other,61.5875,-159.5317,7182,AK
0.3,Other,61.5875,-159.5317,7182,AK
0.6,Other,61.5875,-159.5317,7182,AK
0.3,Other,59.899054,-154.698735,7183,AK
0.3,Other,59.899054,-154.698735,7183,AK
0.3,Other,59.899054,-154.698735,7183,AK
0.6,Other,59.899054,-154.698735,7183,AK
33,Natural Gas,36.6937472,-97.0919446,7185,OK
33,Natural Gas,36.6937472,-97.0919446,7185,OK
3.2,Hydroelectric,40.597617,-122.538683,7189,CA
46.6,Hydroelectric,42.526786,-114.036889,7190,ID
12.1,Hydroelectric,42.526786,-114.036889,7190,ID
0.8,Hydroelectric,42.526786,-114.036889,7190,ID
2.2,Hydroelectric,33.989153,-83.498448,7191,GA
0.1,Hydroelectric,33.989153,-83.498448,7191,GA
4,Hydroelectric,30.7975,-94.1756,7200,TX
4,Hydroelectric,30.7975,-94.1756,7200,TX
86,Natural Gas,43.7353,-88.496667,7203,WI
86,Natural Gas,43.7353,-88.496667,7203,WI
86,Natural Gas,43.7353,-88.496667,7203,WI
86,Natural Gas,43.7353,-88.496667,7203,WI
417.3,Coal,33.3644,-81.03,7210,SC
92.1,Natural Gas,37.498223,-77.368544,7212,VA
92.1,Natural Gas,37.498223,-77.368544,7212,VA
92.1,Natural Gas,37.498223,-77.368544,7212,VA
92.1,Natural Gas,37.498223,-77.368544,7212,VA
424,Coal,36.869,-78.704,7213,VA
424,Coal,36.869,-78.704,7213,VA
6.1,Hydroelectric,39.814905,-122.332335,7229,CA
32.3,Natural Gas,37.401,-121.96867,7231,CA
32.3,Natural Gas,37.401,-121.96867,7231,CA
3.9,Natural Gas,37.364297,-121.944238,7232,CA
3.9,Natural Gas,37.364297,-121.944238,7232,CA
27.6,Hydroelectric,38.973655,-104.901141,7233,CO
105,Natural Gas,43.60347,-96.6356,7237,SD
105,Natural Gas,43.60347,-96.6356,7237,SD
42,Natural Gas,28.2764,-81.533,7238,FL
80,Natural Gas,28.2764,-81.533,7238,FL
167.5,Natural Gas,28.2764,-81.533,7238,FL
40,Natural Gas,28.2764,-81.533,7238,FL
82.5,Natural Gas,28.2764,-81.533,7238,FL
175.8,Natural Gas,27.7286,-81.9897,7242,FL
175.8,Natural Gas,27.7286,-81.9897,7242,FL
133.4,Coal,27.7286,-81.9897,7242,FL
192.9,Coal,27.7286,-81.9897,7242,FL
34.2,Hydroelectric,33.986501,-91.315788,7246,AR
34.2,Hydroelectric,33.986501,-91.315788,7246,AR
34.2,Hydroelectric,33.986501,-91.315788,7246,AR
67.5,Other,44.901667,-97.108333,7247,SD
2.5,Other,58.3875,-134.6446,7250,AK
2.8,Other,58.3875,-134.6446,7250,AK
23,Other,58.3875,-134.6446,7250,AK
1,Hydroelectric,46.7844,-122.7197,7259,WA
1,Other,20.79,-156.9342,7264,HI
1,Other,20.79,-156.9342,7264,HI
1,Other,20.79,-156.9342,7264,HI
1,Other,20.79,-156.9342,7264,HI
1,Other,20.79,-156.9342,7264,HI
1,Other,20.79,-156.9342,7264,HI
2.2,Other,20.79,-156.9342,7264,HI
2.2,Other,20.79,-156.9342,7264,HI
37.7,Natural Gas,37.652602,-121.020397,7266,CA
60.5,Natural Gas,37.652602,-121.020397,7266,CA
50.4,Natural Gas,37.652602,-121.020397,7266,CA
39.1,Natural Gas,42.7553,-86.0853,7268,MI
39.1,Natural Gas,42.7553,-86.0853,7268,MI
83.5,Natural Gas,42.7553,-86.0853,7268,MI
95.3,Natural Gas,42.6658,-88.0131,7270,WI
95.3,Natural Gas,42.6658,-88.0131,7270,WI
95.3,Natural Gas,42.6658,-88.0131,7270,WI
95.3,Natural Gas,42.6658,-88.0131,7270,WI
109.6,Natural Gas,35.4317,-81.0347,7277,NC
109.6,Natural Gas,35.4317,-81.0347,7277,NC
109.6,Natural Gas,35.4317,-81.0347,7277,NC
109.6,Natural Gas,35.4317,-81.0347,7277,NC
109.6,Natural Gas,35.4317,-81.0347,7277,NC
109.6,Natural Gas,35.4317,-81.0347,7277,NC
109.6,Natural Gas,35.4317,-81.0347,7277,NC
109.6,Natural Gas,35.4317,-81.0347,7277,NC
109.6,Natural Gas,35.4317,-81.0347,7277,NC
109.6,Natural Gas,35.4317,-81.0347,7277,NC
109.6,Natural Gas,35.4317,-81.0347,7277,NC
109.6,Natural Gas,35.4317,-81.0347,7277,NC
109.6,Natural Gas,35.4317,-81.0347,7277,NC
109.6,Natural Gas,35.4317,-81.0347,7277,NC
109.6,Natural Gas,35.4317,-81.0347,7277,NC
109.6,Natural Gas,35.4317,-81.0347,7277,NC
1.3,Hydroelectric,40.153328,-83.126719,7279,OH
3.9,Hydroelectric,40.153328,-83.126719,7279,OH
19.6,Natural Gas,38.811239,-94.927457,7281,KS
19.6,Natural Gas,38.811239,-94.927457,7281,KS
3.4,Natural Gas,36.024272,-90.509229,7283,AR
3.4,Natural Gas,36.024272,-90.509229,7283,AR
3.4,Natural Gas,36.024272,-90.509229,7283,AR
3.4,Natural Gas,36.024272,-90.509229,7283,AR
0.3,Other,36.024272,-90.509229,7283,AR
50,Coal,39.3675663,-81.5179618,7286,OH
50,Coal,39.3675663,-81.5179618,7286,OH
50,Coal,39.3675663,-81.5179618,7286,OH
50,Coal,39.3675663,-81.5179618,7286,OH
112.8,Natural Gas,39.451,-75.0578,7288,NJ
35,Natural Gas,28.4263,-81.5809,7294,FL
8.5,Natural Gas,28.4263,-81.5809,7294,FL
123,Natural Gas,37.0659,-94.614,7296,MO
150,Natural Gas,37.0659,-94.614,7296,MO
180,Natural Gas,37.0659,-94.614,7296,MO
206,Natural Gas,37.0659,-94.614,7296,MO
173.4,Natural Gas,27.788215,-81.869983,7302,FL
173.4,Natural Gas,27.788215,-81.869983,7302,FL
199.7,Natural Gas,27.788215,-81.869983,7302,FL
167.7,Natural Gas,27.788215,-81.869983,7302,FL
167.7,Natural Gas,27.788215,-81.869983,7302,FL
180.6,Natural Gas,27.788215,-81.869983,7302,FL
3.5,Natural Gas,39.7961,-91.5556,7304,MO
3.5,Natural Gas,39.7961,-91.5556,7304,MO
17.6,Natural Gas,40.507292,-122.423281,7307,CA
24,Natural Gas,40.507292,-122.423281,7307,CA
24,Natural Gas,40.507292,-122.423281,7307,CA
30,Natural Gas,40.507292,-122.423281,7307,CA
40,Natural Gas,40.507292,-122.423281,7307,CA
108,Natural Gas,40.8158,-73.064,7314,NY
56,Other,40.8158,-73.064,7314,NY
49.5,Natural Gas,37.5744,-120.985,7315,CA
6,Hydroelectric,44.508169,-109.170661,7317,WY
6,Hydroelectric,44.508169,-109.170661,7317,WY
6,Hydroelectric,44.508169,-109.170661,7317,WY
45.1,Natural Gas,39.145036,-75.548172,7318,DE
88.2,Natural Gas,29.694838,-95.040622,7325,TX
88.2,Natural Gas,29.694838,-95.040622,7325,TX
38.7,Natural Gas,39.839572,-84.965682,7335,IN
38.7,Natural Gas,39.839572,-84.965682,7335,IN
38.7,Natural Gas,40.0529,-85.7389,7336,IN
38.7,Natural Gas,40.0529,-85.7389,7336,IN
101,Natural Gas,40.0529,-85.7389,7336,IN
4.6,Other,43.7089,-73.0631,7337,VT
4.6,Other,43.7089,-73.0631,7337,VT
22,Hydroelectric,39.889287,-121.279173,7338,CA
20,Natural Gas,37.2678,-97.3497,7339,KS
640,Coal,42.3006,-96.3617,7343,IA
43,Natural Gas,29.640278,-82.348611,7345,FL
91.9,Natural Gas,32.5792,-83.5822,7348,GA
91.9,Natural Gas,32.5792,-83.5822,7348,GA
185.7,Natural Gas,45.847998,-119.67392,7350,OR
80.6,Natural Gas,45.847998,-119.67392,7350,OR
9.2,Wind,44.6108,-87.5586,7366,WI
63,Hydroelectric,59.77862,-150.94015,7367,AK
63,Hydroelectric,59.77862,-150.94015,7367,AK
55,Other,38.752,-122.7195,7368,CA
55,Other,38.752,-122.7195,7368,CA
55,Other,38.7492,-122.7117,7369,CA
55,Other,38.7492,-122.7117,7369,CA
8.5,Other,38.2974764,-112.6337097,7370,UT
0.7,Other,38.2974764,-112.6337097,7370,UT
0.7,Other,38.2974764,-112.6337097,7370,UT
0.7,Other,38.2974764,-112.6337097,7370,UT
0.7,Other,38.2974764,-112.6337097,7370,UT
2,Other,38.2974764,-112.6337097,7370,UT
1.2,Hydroelectric,37.57522,-108.574002,7372,CO
11.4,Hydroelectric,37.429538,-108.574871,7373,CO
1.6,Other,44.927,-93.393,7376,MN
1.8,Other,44.9861067,-93.3627843,7377,MN
1.8,Other,44.9861067,-93.3627843,7377,MN
1.6,Other,44.9425,-93.1072,7378,MN
1.6,Other,44.9425,-93.1072,7378,MN
1.6,Other,44.9425,-93.1072,7378,MN
199,Natural Gas,27.641667,-81.9625,7380,FL
199,Natural Gas,27.641667,-81.9625,7380,FL
189,Natural Gas,27.641667,-81.9625,7380,FL
6,Wind,42.8625,-72.9628,7381,VT
21,Natural Gas,40.557686,-89.66699,7384,IL
8.7,Natural Gas,36.7597,-90.3903,7392,MO
8.7,Natural Gas,36.7597,-90.3903,7392,MO
8.4,Natural Gas,36.7597,-90.3903,7392,MO
7,Natural Gas,36.7597,-90.3903,7392,MO
7,Natural Gas,36.7597,-90.3903,7392,MO
4.4,Natural Gas,37.9414,-101.2639,7393,KS
0.5,Hydroelectric,29.497166,-97.45516,7394,TX
0.5,Hydroelectric,29.497166,-97.45516,7394,TX
0.5,Hydroelectric,29.497166,-97.45516,7394,TX
2.7,Other,42.1483,-72.5911,7396,MA
2.7,Other,42.1483,-72.5911,7396,MA
2.7,Other,42.1483,-72.5911,7396,MA
2,Natural Gas,39.9389,-77.6583,7397,PA
2,Natural Gas,39.9389,-77.6583,7397,PA
3.2,Natural Gas,39.9389,-77.6583,7397,PA
5.7,Natural Gas,43.5831,-83.8794,7398,MI
6.9,Natural Gas,43.5831,-83.8794,7398,MI
7.7,Natural Gas,43.6658,-83.5806,7399,MI
7.7,Natural Gas,43.6658,-83.5806,7399,MI
1,Other,39.4236,-92.8028,7400,MO
1,Other,39.4236,-92.8028,7400,MO
2.2,Other,39.4236,-92.8028,7400,MO
2.2,Other,39.4236,-92.8028,7400,MO
3,Other,39.6914,-92.0381,7405,MO
1.6,Other,39.6914,-92.0381,7405,MO
1.6,Other,39.6914,-92.0381,7406,MO
1.6,Other,39.6914,-92.0381,7406,MO
1.6,Other,39.6914,-92.0381,7406,MO
1.8,Other,39.6914,-92.0381,7406,MO
2.6,Natural Gas,40.0606,-111.7294,7408,UT
2.6,Natural Gas,40.0606,-111.7294,7408,UT
2.5,Natural Gas,40.0606,-111.7294,7408,UT
2,Natural Gas,40.0606,-111.7294,7408,UT
3,Natural Gas,32.5537585,-83.8874084,7412,GA
0.8,Other,43.9125,-123.0225,7413,OR
0.8,Other,43.9125,-123.0225,7413,OR
0.8,Other,43.9125,-123.0225,7413,OR
0.8,Other,43.9125,-123.0225,7413,OR
0.6,Other,55.5156,-132.9672,7414,AK
0.4,Other,55.5156,-132.9672,7414,AK
0.1,Other,43.680278,-95.1725,7415,MN
0.3,Other,43.680278,-95.1725,7415,MN
0.6,Other,43.680278,-95.1725,7415,MN
1,Other,43.680278,-95.1725,7415,MN
1.2,Other,43.680278,-95.1725,7415,MN
2.2,Other,43.680278,-95.1725,7415,MN
138.6,Natural Gas,39.8233,-89.5891,7425,IL
35,Hydroelectric,46.4661,-122.1097,7427,WA
35,Hydroelectric,46.4661,-122.1097,7427,WA
1.2,Other,36.1067,-76.6356,7429,NC
1.2,Other,36.1067,-76.6356,7429,NC
6.5,Hydroelectric,45.614375,-121.136885,7431,OR
1.1,Other,37.2742,-97.1686,7432,KS
1.1,Other,37.2742,-97.1686,7432,KS
1.1,Other,37.2742,-97.1686,7432,KS
1.7,Other,37.2742,-97.1686,7432,KS
1.7,Other,37.2742,-97.1686,7432,KS
6,Other,33.9986,-118.2219,7436,CA
6,Other,33.9986,-118.2219,7436,CA
6,Other,33.9986,-118.2219,7436,CA
6,Other,33.9986,-118.2219,7436,CA
6,Other,33.9986,-118.2219,7436,CA
0.8,Other,64.7381,-156.94,7437,AK
0.8,Other,64.7381,-156.94,7437,AK
0.8,Other,64.7381,-156.94,7437,AK
0.8,Other,64.7381,-156.94,7437,AK
0.8,Other,64.7381,-156.94,7437,AK
0.4,Other,64.7381,-156.94,7437,AK
1,Other,38.7528,-77.4767,7438,VA
1,Other,38.7528,-77.4767,7438,VA
1.1,Other,38.7528,-77.4767,7438,VA
1,Other,38.7528,-77.4767,7438,VA
1.6,Other,38.7528,-77.4767,7438,VA
1.6,Other,38.7528,-77.4767,7438,VA
1.5,Other,38.7528,-77.4767,7439,VA
1.6,Other,38.7528,-77.4767,7439,VA
1.6,Other,38.7528,-77.4767,7439,VA
1.6,Other,38.7528,-77.4767,7439,VA
1.6,Other,38.7528,-77.4767,7440,VA
1.6,Other,38.7528,-77.4767,7440,VA
1.6,Other,38.7528,-77.4767,7440,VA
1.6,Other,38.7528,-77.4767,7440,VA
1.6,Other,38.7528,-77.4767,7440,VA
1.6,Other,38.7528,-77.4767,7440,VA
1.6,Other,38.7528,-77.4767,7440,VA
1.6,Other,38.7528,-77.4767,7440,VA
1.6,Other,38.7528,-77.4767,7441,VA
1.6,Other,38.7528,-77.4767,7441,VA
1.6,Other,38.7528,-77.4767,7441,VA
1.6,Other,38.7528,-77.4767,7441,VA
8,Natural Gas,37.6356,-98.745,7447,KS
8,Natural Gas,37.6356,-98.745,7447,KS
50,Natural Gas,38.088138,-121.386944,7449,CA
24.9,Natural Gas,37.7886,-122.2889,7450,CA
24.9,Natural Gas,37.7886,-122.2889,7450,CA
25.2,Natural Gas,38.146571,-121.300541,7451,CA
25.2,Natural Gas,38.810677,-121.323807,7452,CA
25.2,Natural Gas,38.810677,-121.323807,7452,CA
83.2,Natural Gas,47.80427,-116.867312,7456,ID
83.2,Natural Gas,47.80427,-116.867312,7456,ID
5,Hydroelectric,39.363087,-106.82193,7458,CO
0.4,Other,57.8425,-134.9772,7462,AK
0.5,Other,57.8425,-134.9772,7462,AK
0.5,Other,57.8425,-134.9772,7462,AK
0.6,Other,58.1833,-135.7433,7463,AK
0.8,Other,58.1833,-135.7433,7463,AK
1,Other,58.1833,-135.7433,7463,AK
0.6,Other,56.1522,-133.1519,7464,AK
1.1,Other,56.1522,-133.1519,7464,AK
0.8,Other,56.1522,-133.1519,7464,AK
0.5,Other,55.5522222,-133.0958333,7466,AK
0.5,Other,55.5522222,-133.0958333,7466,AK
0.1,Other,55.5522222,-133.0958333,7466,AK
0.3,Other,55.5522222,-133.0958333,7466,AK
0.6,Other,59.3856,-135.7333,7467,AK
0.5,Other,59.3856,-135.7333,7467,AK
2,Other,41.8336,-97.4611,7469,NE
1.3,Other,41.8336,-97.4611,7469,NE
1.1,Other,41.8336,-97.4611,7469,NE
0.6,Other,41.8336,-97.4611,7469,NE
1,Other,39.625,-92.875,7470,MO
3,Other,39.625,-92.875,7470,MO
1.2,Other,39.625,-92.875,7470,MO
0.4,Other,39.625,-92.875,7470,MO
2,Other,39.625,-92.875,7470,MO
2,Other,39.625,-92.875,7470,MO
1.1,Hydroelectric,41.787115,-89.677526,7474,IL
1.1,Hydroelectric,41.787115,-89.677526,7474,IL
23.4,Other,32.7056541,-114.678669,7478,AZ
7,Other,33.4919,-80.8633,7479,SC
7,Other,33.4919,-80.8633,7479,SC
4.8,Natural Gas,33.436637,-80.847389,7480,SC
4.8,Natural Gas,33.436637,-80.847389,7480,SC
0.9,Other,40.3503,-98.424722,7481,NE
0.4,Other,40.3503,-98.424722,7481,NE
0.9,Other,70.4808,-157.3969,7482,AK
0.9,Other,70.4808,-157.3969,7482,AK
0.4,Other,70.4808,-157.3969,7482,AK
0.2,Other,70.4808,-157.3969,7482,AK
0.4,Other,70.4808,-157.3969,7482,AK
0.6,Other,70.4808,-157.3969,7482,AK
0.9,Other,69.2925,-143.7303,7483,AK
0.9,Other,69.2925,-143.7303,7483,AK
0.4,Other,69.2925,-143.7303,7483,AK
0.4,Other,69.2925,-143.7303,7483,AK
0.9,Other,69.9636,-152.7539,7484,AK
0.9,Other,69.9636,-152.7539,7484,AK
0.4,Other,69.9636,-152.7539,7484,AK
0.4,Other,69.9636,-152.7539,7484,AK
0.3,Other,69.0408,-160.1919,7485,AK
0.3,Other,69.0408,-160.1919,7485,AK
0.3,Other,69.0408,-160.1919,7485,AK
0.4,Other,69.0408,-160.1919,7485,AK
0.2,Other,69.0408,-160.1919,7485,AK
0.6,Other,69.0408,-160.1919,7485,AK
0.6,Other,69.0408,-160.1919,7485,AK
0.3,Other,69.740833,-163.005833,7486,AK
0.3,Other,69.740833,-163.005833,7486,AK
0.2,Other,69.740833,-163.005833,7486,AK
0.3,Other,69.740833,-163.005833,7486,AK
0.2,Other,69.740833,-163.005833,7486,AK
0.3,Other,69.740833,-163.005833,7486,AK
0.3,Other,69.740833,-163.005833,7486,AK
0.3,Other,69.740833,-163.005833,7486,AK
0.3,Other,68.7494,-152.1319,7487,AK
0.3,Other,68.7494,-152.1319,7487,AK
0.3,Other,68.7494,-152.1319,7487,AK
0.1,Other,68.7494,-152.1319,7487,AK
0.1,Other,68.7494,-152.1319,7487,AK
0.9,Other,68.7494,-152.1319,7487,AK
0.9,Other,68.7494,-152.1319,7487,AK
0.4,Other,70.5986,-160.0614,7488,AK
0.4,Other,70.5986,-160.0614,7488,AK
0.4,Other,70.5986,-160.0614,7488,AK
0.3,Other,70.5986,-160.0614,7488,AK
0.9,Other,70.5986,-160.0614,7488,AK
0.9,Other,70.5986,-160.0614,7488,AK
1,Hydroelectric,39.197222,-123.185556,7489,CA
2.5,Hydroelectric,39.197222,-123.185556,7489,CA
0.3,Other,55.061683,-162.3103,7493,AK
0.5,Other,55.061683,-162.3103,7493,AK
0.7,Other,55.061683,-162.3103,7493,AK
0.8,Hydroelectric,55.061683,-162.3103,7493,AK
0.3,Other,55.061683,-162.3103,7493,AK
0.6,Other,43.272222,-82.6139,7497,MI
0.7,Other,43.272222,-82.6139,7497,MI
1.2,Other,43.272222,-82.6139,7497,MI
1.3,Other,43.272222,-82.6139,7497,MI
1.3,Other,43.272222,-82.6139,7497,MI
0.3,Wind,42.4483618,-71.9319199,7501,MA
0.3,Other,53.9761,-166.5361,7502,AK
0.3,Other,53.9761,-166.5361,7502,AK
0.6,Other,53.9761,-166.5361,7502,AK
0.9,Other,53.9761,-166.5361,7502,AK
0.6,Other,53.9761,-166.5361,7502,AK
1.4,Other,53.9761,-166.5361,7502,AK
1.2,Other,53.9761,-166.5361,7502,AK
1.2,Other,53.9761,-166.5361,7502,AK
1.1,Other,53.86406,-166.51242,7503,AK
80,Coal,44.2856,-105.3833,7504,WY
40,Natural Gas,44.2856,-105.3833,7504,WY
2,Other,46.280657,-96.070449,7505,MN
2,Hydroelectric,39.53,-121.095833,7507,CA
12,Hydroelectric,45.081111,-121.886611,7508,OR
10,Hydroelectric,45.940034,-119.299078,7511,WA
175,Natural Gas,29.257046,-98.384045,7512,TX
175,Natural Gas,29.257046,-98.384045,7512,TX
200,Natural Gas,29.257046,-98.384045,7512,TX
37.5,Other,46.77285,-67.84849,7513,ME
115.6,Natural Gas,38.38932,-97.61108,7515,KS
13.2,Wind,38.1183,-121.8653,7526,CA
54,Natural Gas,38.445681,-121.462387,7527,CA
17.5,Natural Gas,38.445681,-121.462387,7527,CA
54,Natural Gas,38.445681,-121.462387,7527,CA
80,Coal,39.2633,-79.3308,7537,WV
211.8,Natural Gas,35.375789,-78.098052,7538,NC
211.8,Natural Gas,35.375789,-78.098052,7538,NC
211.8,Natural Gas,35.375789,-78.098052,7538,NC
211.8,Natural Gas,35.375789,-78.098052,7538,NC
4.5,Hydroelectric,44.512699,-109.129878,7541,WY
25.6,Hydroelectric,36.6994,-96.9278,7545,OK
20.2,Natural Gas,36.71979,-97.085758,7546,OK
54,Natural Gas,36.71979,-97.085758,7546,OK
60.5,Natural Gas,36.71979,-97.085758,7546,OK
1.5,Hydroelectric,41.297229,-111.588849,7548,UT
0.6,Hydroelectric,41.297229,-111.588849,7548,UT
11,Coal,43.046,-88.0281,7549,WI
49.8,Natural Gas,38.530943,-121.400128,7551,CA
49.8,Natural Gas,38.530943,-121.400128,7551,CA
49.8,Natural Gas,38.530943,-121.400128,7551,CA
44,Natural Gas,38.530943,-121.400128,7551,CA
118.7,Natural Gas,38.511,-121.4735,7552,CA
55.2,Natural Gas,38.511,-121.4735,7552,CA
4.5,Natural Gas,40.6661,-95.868333,7555,NE
4.5,Natural Gas,40.6661,-95.868333,7555,NE
4.5,Other,40.6661,-95.868333,7555,NE
1.7,Other,40.4581,-88.4564,7556,IL
1.7,Other,40.4581,-88.4564,7556,IL
1.7,Other,40.4581,-88.4564,7556,IL
1.6,Other,41.3822,-83.6113,7575,OH
7.2,Other,41.3822,-83.6113,7575,OH
9,Other,41.1428,-81.4706,7576,OH
3.6,Other,39.0441,-82.6101,7577,OH
1.8,Other,41.4106,-84.0967,7578,OH
1.8,Other,41.4106,-84.0967,7578,OH
1.8,Other,41.4106,-84.0967,7578,OH
5.4,Other,41.168,-80.7529,7579,OH
5.4,Other,41.003889,-81.762222,7580,OH
1,Hydroelectric,44.3083,-75.3083,7583,NY
0.1,Hydroelectric,44.3083,-75.3083,7583,NY
1.5,Other,41.6944,-94.3607,7584,IA
1,Other,41.6944,-94.3607,7584,IA
2,Other,41.6944,-94.3607,7584,IA
47.5,Hydroelectric,47.9084,-121.8144,7588,WA
47.5,Hydroelectric,47.9084,-121.8144,7588,WA
8.4,Hydroelectric,47.9084,-121.8144,7588,WA
8.4,Hydroelectric,47.9084,-121.8144,7588,WA
8,Hydroelectric,36.592775,-106.73213,7593,NM
21,Hydroelectric,39.1192,-81.7375,7594,WV
21,Hydroelectric,39.1192,-81.7375,7594,WV
22.5,Natural Gas,41.969145,-91.668889,7595,IA
2,Other,44.4974763,-88.1217992,7602,WI
2,Other,44.4974763,-88.1217992,7602,WI
1.8,Other,40.4411,-83.1883,7603,OH
289,Natural Gas,36.5852,-90.1779,7604,MO
289,Natural Gas,36.5852,-90.1779,7604,MO
248,Natural Gas,45.6497,-122.7256,7605,WA
42,Other,47.9827466,-122.2160612,7627,WA
5,Hydroelectric,38.513056,-122.104444,7646,CA
5,Hydroelectric,38.513056,-122.104444,7646,CA
1.5,Hydroelectric,38.513056,-122.104444,7646,CA
9.4,Coal,33.2906,-81.6831,7652,SC
9.4,Coal,33.2906,-81.6831,7652,SC
9.4,Coal,33.2906,-81.6831,7652,SC
12.5,Coal,33.2906,-81.6831,7652,SC
12.5,Coal,33.2906,-81.6831,7652,SC
12.5,Coal,33.2906,-81.6831,7652,SC
12.5,Coal,33.2906,-81.6831,7652,SC
0.5,Hydroelectric,41.237206,-84.399756,7657,OH
1.4,Hydroelectric,41.237206,-84.399756,7657,OH
0.5,Hydroelectric,41.237206,-84.399756,7657,OH
0.5,Hydroelectric,41.237206,-84.399756,7657,OH
0.1,Hydroelectric,41.237206,-84.399756,7657,OH
0.9,Hydroelectric,41.237206,-84.399756,7657,OH
0.9,Hydroelectric,41.237206,-84.399756,7657,OH
13,Other,35.54,-100.9599999,7678,TX
37,Coal,35.54,-100.9599999,7678,TX
3,Other,40.153128,-74.769146,7690,PA
3,Other,40.153128,-74.769146,7690,PA
49.2,Natural Gas,33.853542,-117.856286,7693,CA
82.6,Natural Gas,31.2504,-88.0156,7697,AL
39.9,Natural Gas,31.2504,-88.0156,7697,AL
82.2,Natural Gas,32.310226,-86.52542,7698,AL
14.8,Natural Gas,32.310226,-86.52542,7698,AL
195.2,Natural Gas,27.746369,-81.849446,7699,FL
82.9,Natural Gas,27.746369,-81.849446,7699,FL
30,Other,40.1405,-74.7506,7701,PA
30,Other,40.1405,-74.7506,7701,PA
3,Other,30.3356,-81.4639,7705,FL
17.5,Natural Gas,40.8146621,-91.1288237,7706,IA
17.5,Natural Gas,40.8146621,-91.1288237,7706,IA
17.5,Natural Gas,40.8146621,-91.1288237,7706,IA
17.5,Natural Gas,40.8146621,-91.1288237,7706,IA
91.9,Natural Gas,34.042267,-83.397721,7709,GA
91.9,Natural Gas,34.042267,-83.397721,7709,GA
91.9,Natural Gas,34.042267,-83.397721,7709,GA
91.9,Natural Gas,34.042267,-83.397721,7709,GA
91.9,Natural Gas,34.042267,-83.397721,7709,GA
91.9,Natural Gas,34.042267,-83.397721,7709,GA
91.9,Natural Gas,34.042267,-83.397721,7709,GA
91.9,Natural Gas,34.042267,-83.397721,7709,GA
91.9,Natural Gas,34.042267,-83.397721,7709,GA
91.9,Natural Gas,34.042267,-83.397721,7709,GA
203.1,Natural Gas,32.6078,-85.0975,7710,AL
203.1,Natural Gas,32.6078,-85.0975,7710,AL
203.1,Natural Gas,32.6078,-85.0975,7710,AL
203.1,Natural Gas,32.6078,-85.0975,7710,AL
213.3,Natural Gas,32.6078,-85.0975,7710,AL
281.9,Natural Gas,32.6078,-85.0975,7710,AL
4.7,Natural Gas,30.59208,-87.135391,7715,FL
4.7,Natural Gas,30.59208,-87.135391,7715,FL
4.7,Natural Gas,30.59208,-87.135391,7715,FL
1.8,Other,32.374841,-88.70416,7719,MS
1.8,Other,32.374841,-88.70416,7719,MS
1.8,Other,32.374841,-88.70416,7719,MS
1.8,Other,32.374841,-88.70416,7719,MS
1.8,Other,32.374841,-88.70416,7719,MS
229,Natural Gas,30.525445,-88.128477,7721,AL
88.4,Natural Gas,30.525445,-88.128477,7721,AL
1269.9,Nuclear,35.6021,-84.7895,7722,TN
2.5,Other,57.7911,-152.4058,7723,AK
7.5,Other,57.7911,-152.4058,7723,AK
6.6,Wind,30.5882192,-103.8946961,7724,TX
0.8,Other,44.5889,-123.2728,7725,OR
0.8,Other,44.5889,-123.2728,7725,OR
0.8,Other,44.5889,-123.2728,7725,OR
1.5,Other,38.8761,-104.8169,7730,CO
99.2,Coal,32.9,-79.9667,7737,SC
121.2,Natural Gas,36.868206,-89.840173,7749,MO
4,Hydroelectric,59.5357,-135.2123,7751,AK
4.5,Hydroelectric,55.5632,-135.8917,7752,AK
103.6,Natural Gas,40.2877,-94.7913,7754,MO
103.6,Natural Gas,40.2877,-94.7913,7754,MO
175.5,Natural Gas,36.222058,-95.277064,7757,OK
175.5,Natural Gas,36.222058,-95.277064,7757,OK
181.9,Natural Gas,36.222058,-95.277064,7757,OK
2,Other,42.7317,-92.4711,7758,IA
2,Other,42.7317,-92.4711,7758,IA
2,Other,42.7317,-92.4711,7758,IA
2,Other,42.7317,-92.4711,7758,IA
2,Other,42.7317,-92.4711,7758,IA
2,Other,42.7317,-92.4711,7758,IA
85.3,Natural Gas,39.902556,-86.24405,7759,IN
73.5,Natural Gas,39.902556,-86.24405,7759,IN
73.5,Natural Gas,39.902556,-86.24405,7759,IN
73.5,Natural Gas,39.902556,-86.24405,7759,IN
47,Natural Gas,40.106125,-87.653818,7760,IL
47,Natural Gas,40.106125,-87.653818,7760,IL
47,Natural Gas,40.106125,-87.653818,7760,IL
47,Natural Gas,40.106125,-87.653818,7760,IL
45,Natural Gas,39.9528,-85.5039,7763,IN
45,Natural Gas,39.9528,-85.5039,7763,IN
45,Natural Gas,39.9528,-85.5039,7763,IN
185.4,Natural Gas,33.8119,-83.6953,7764,GA
200.7,Natural Gas,33.8119,-83.6953,7764,GA
2.5,Other,37.3333,-95.5167,7766,KS
2.5,Other,37.3333,-95.5167,7766,KS
2.5,Other,37.3333,-95.5167,7766,KS
2.5,Other,37.3333,-95.5167,7766,KS
2.5,Other,37.3333,-95.5167,7766,KS
2.5,Other,37.3333,-95.5167,7766,KS
2.5,Other,37.3333,-95.5167,7766,KS
2.5,Other,37.3333,-95.5167,7766,KS
1.7,Other,37.1364,-113.505,7767,UT
1.7,Other,37.1364,-113.505,7767,UT
1.7,Other,37.1364,-113.505,7767,UT
1.7,Other,37.1364,-113.505,7767,UT
1.7,Other,37.1364,-113.505,7767,UT
1.7,Other,37.1364,-113.505,7767,UT
1.7,Other,37.1364,-113.505,7767,UT
60,Natural Gas,31.3869,-84.08,7768,GA
60,Natural Gas,31.3869,-84.08,7768,GA
0.6,Wind,20.0230556,-155.6716667,7769,HI
1.6,Wind,20.0230556,-155.6716667,7769,HI
4.2,Natural Gas,41.9084,-89.0466,7770,IL
0.7,Wind,42.8244579,-99.7487997,7771,NE
0.7,Wind,42.8244579,-99.7487997,7771,NE
1.8,Other,41.5311,-81.6478,7774,OH
1.8,Other,41.5311,-81.6478,7774,OH
1.8,Other,41.5311,-81.6478,7774,OH
1.8,Other,41.5311,-81.6478,7774,OH
1.8,Other,41.5311,-81.6478,7774,OH
1.8,Other,41.5311,-81.6478,7774,OH
1.8,Other,40.2247,-84.4769,7775,OH
1.8,Other,40.2247,-84.4769,7775,OH
1.8,Other,40.2247,-84.4769,7775,OH
1.8,Other,41.4079,-84.1095,7776,OH
1.8,Other,41.4079,-84.1095,7776,OH
1.8,Other,41.4079,-84.1095,7776,OH
1.8,Other,40.5416,-81.4985,7777,OH
1.8,Other,40.5416,-81.4985,7777,OH
1.8,Other,40.5416,-81.4985,7777,OH
1.8,Other,40.5416,-81.4985,7777,OH
1.8,Other,40.5416,-81.4985,7777,OH
1.8,Other,40.5416,-81.4985,7777,OH
1.8,Other,40.86,-81.7586,7778,OH
1.8,Other,40.86,-81.7586,7778,OH
1.8,Other,40.86,-81.7586,7778,OH
1.8,Other,41.4609,-84.527,7779,OH
1.8,Other,41.4609,-84.527,7779,OH
1.8,Other,41.4609,-84.527,7779,OH
1.8,Other,40.4597,-84.0401,7780,OH
1.8,Other,39.9867,-84.5513,7781,OH
32,Natural Gas,39.3528,-84.5183,7782,OH
32,Natural Gas,41.3884,-83.6402,7783,OH
42,Natural Gas,42.5027,-78.0686,7784,NY
25,Natural Gas,42.5027,-78.0686,7784,NY
6.3,Hydroelectric,36.239886,-106.423043,7789,NM
6.3,Hydroelectric,36.239886,-106.423043,7789,NM
500,Coal,40.0864,-109.2844,7790,UT
1.8,Other,41.5855,-84.5794,7791,OH
1.8,Other,41.5855,-84.5794,7791,OH
1.8,Other,41.5855,-84.5794,7791,OH
1.8,Other,41.5855,-84.5794,7791,OH
1.8,Other,41.5855,-84.5794,7791,OH
1.8,Other,41.5855,-84.5794,7791,OH
2,Other,44.244561,-88.277894,7793,WI
2,Other,44.244561,-88.277894,7793,WI
2,Other,44.244561,-88.277894,7793,WI
24.5,Natural Gas,44.085437,-87.726102,7795,WI
12,Other,38.7443,-77.4974,7797,VA
1.8,Other,38.7443,-77.4974,7797,VA
1.8,Other,38.7443,-77.4974,7797,VA
1.8,Other,38.7443,-77.4974,7797,VA
1.8,Other,38.7443,-77.4974,7797,VA
1.8,Other,38.725278,-77.509722,7798,VA
83,Natural Gas,45.0869,-87.6892,7799,WI
211.8,Natural Gas,34.8392,-79.7406,7805,NC
211.8,Natural Gas,34.8392,-79.7406,7805,NC
211.8,Natural Gas,34.8392,-79.7406,7805,NC
211.8,Natural Gas,34.8392,-79.7406,7805,NC
195.3,Natural Gas,34.8392,-79.7406,7805,NC
195.3,Natural Gas,34.8392,-79.7406,7805,NC
195.3,Natural Gas,34.8392,-79.7406,7805,NC
195.3,Natural Gas,34.8392,-79.7406,7805,NC
1.1,Natural Gas,43.7289,-83.4367,7806,MI
1.1,Natural Gas,43.7289,-83.4367,7806,MI
1.1,Other,43.7289,-83.4367,7806,MI
1.1,Other,43.7289,-83.4367,7806,MI
1.3,Natural Gas,43.7289,-83.4367,7806,MI
1.3,Natural Gas,43.7289,-83.4367,7806,MI
1.1,Hydroelectric,39.4128,-84.5558,7807,OH
1.1,Hydroelectric,39.4128,-84.5558,7807,OH
0.1,Hydroelectric,42.7019,-89.8697,7810,WI
1.1,Other,42.7019,-89.8697,7810,WI
2.2,Other,42.7019,-89.8697,7810,WI
1.1,Other,42.7019,-89.8697,7810,WI
121,Natural Gas,33.9486,-85.2769,7813,GA
121,Natural Gas,33.9486,-85.2769,7813,GA
164,Natural Gas,33.9486,-85.2769,7813,GA
164,Natural Gas,33.9486,-85.2769,7813,GA
2.9,Other,34.5567,-81.4919,7814,SC
30,Natural Gas,39.569771,-90.43602,7818,IL
30,Natural Gas,39.569771,-90.43602,7818,IL
20,Natural Gas,39.569771,-90.43602,7818,IL
20,Natural Gas,39.569771,-90.43602,7818,IL
25,Natural Gas,39.569771,-90.43602,7818,IL
8.9,Hydroelectric,45.7881,-88.0408,7820,MI
8.9,Hydroelectric,45.7881,-88.0408,7820,MI
2.2,Hydroelectric,45.7881,-88.0408,7821,MI
2.2,Hydroelectric,45.7881,-88.0408,7821,MI
2.4,Hydroelectric,44.274582,-88.319074,7822,WI
2.4,Hydroelectric,44.274582,-88.319074,7822,WI
24.9,Natural Gas,32.9553,-115.5364,7824,CA
24.9,Other,32.9553,-115.5364,7824,CA
154.8,Natural Gas,33.6094,-93.7924,7825,AR
199.4,Natural Gas,35.7314,-80.6019,7826,NC
199.4,Natural Gas,35.7314,-80.6019,7826,NC
199.4,Natural Gas,35.7314,-80.6019,7826,NC
199.4,Natural Gas,35.7314,-80.6019,7826,NC
199.4,Natural Gas,35.7314,-80.6019,7826,NC
195,Natural Gas,35.7314,-80.6019,7826,NC
1.8,Other,40.8969,-82.6625,7827,OH
1.8,Other,40.908889,-82.653333,7828,OH
121,Natural Gas,32.9842,-83.8464,7829,GA
121,Natural Gas,32.9842,-83.8464,7829,GA
1.2,Other,45.5986,-85.5261,7831,MI
1.2,Other,45.5986,-85.5261,7831,MI
0.9,Other,45.5986,-85.5261,7831,MI
2.1,Other,45.801549,-120.167176,7832,WA
2.1,Other,45.801549,-120.167176,7832,WA
2.1,Other,45.801549,-120.167176,7832,WA
2.1,Other,45.801549,-120.167176,7832,WA
2.1,Other,45.801549,-120.167176,7832,WA
165,Natural Gas,34.3477,-82.776,7834,SC
165,Natural Gas,34.3477,-82.776,7834,SC
165,Natural Gas,34.3477,-82.776,7834,SC
165,Natural Gas,34.3477,-82.776,7834,SC
84,Natural Gas,34.3477,-82.776,7834,SC
84,Natural Gas,34.3477,-82.776,7834,SC
84,Natural Gas,34.3477,-82.776,7834,SC
190,Natural Gas,34.3477,-82.776,7834,SC
198.9,Natural Gas,39.71901,-76.15976,7835,MD
175.9,Natural Gas,39.71901,-76.15976,7835,MD
198.9,Natural Gas,39.71901,-76.15976,7835,MD
198.9,Natural Gas,39.71901,-76.15976,7835,MD
171.1,Natural Gas,38.5283,-77.7681,7836,VA
171.1,Natural Gas,38.5283,-77.7681,7836,VA
171.1,Natural Gas,38.5283,-77.7681,7836,VA
84.5,Natural Gas,38.1181,-78.2139,7837,VA
84.5,Natural Gas,38.1181,-78.2139,7837,VA
84.5,Natural Gas,38.1181,-78.2139,7837,VA
84.5,Natural Gas,38.1181,-78.2139,7837,VA
171.1,Natural Gas,38.1181,-78.2139,7837,VA
178.5,Natural Gas,38.5442,-77.7714,7838,VA
170,Natural Gas,38.5442,-77.7714,7838,VA
178.5,Natural Gas,38.5442,-77.7714,7838,VA
178.5,Natural Gas,38.5442,-77.7714,7838,VA
178.5,Natural Gas,38.0722,-77.5133,7839,VA
178.5,Natural Gas,38.0722,-77.5133,7839,VA
5.3,Other,61.0839,-146.2529,7841,AK
71,Natural Gas,39.103333,-88.85898,7842,IL
176,Natural Gas,43.799446,-92.682874,7843,MN
176,Natural Gas,43.799446,-92.682874,7843,MN
135,Natural Gas,43.799446,-92.682874,7843,MN
49,Natural Gas,44.795231,-93.581013,7844,MN
84.5,Natural Gas,35.6578,-89.3964,7845,TN
86.2,Natural Gas,35.6578,-89.3964,7845,TN
86.2,Natural Gas,35.6578,-89.3964,7845,TN
86.2,Natural Gas,35.6578,-89.3964,7845,TN
84.5,Natural Gas,35.6578,-89.3964,7845,TN
84.5,Natural Gas,35.6578,-89.3964,7845,TN
84.5,Natural Gas,35.6578,-89.3964,7845,TN
84.5,Natural Gas,35.6578,-89.3964,7845,TN
84.5,Natural Gas,35.6578,-89.3964,7845,TN
84.5,Natural Gas,35.6578,-89.3964,7845,TN
84.5,Natural Gas,35.6578,-89.3964,7845,TN
86.2,Natural Gas,35.6578,-89.3964,7845,TN
185,Natural Gas,30.3206,-81.9486,7846,FL
185,Natural Gas,30.3206,-81.9486,7846,FL
185,Natural Gas,30.3206,-81.9486,7846,FL
1.8,Other,41.871043,-94.680777,7847,IA
1.8,Other,41.871043,-94.680777,7847,IA
1.8,Other,41.871043,-94.680777,7847,IA
91.4,Natural Gas,38.7538,-93.9983,7848,MO
91.4,Natural Gas,38.7538,-93.9983,7848,MO
91.4,Natural Gas,38.7538,-93.9983,7848,MO
2,Other,41.3158,-93.1011,7849,IA
2,Other,41.3158,-93.1011,7849,IA
2,Other,41.3158,-93.1011,7849,IA
2,Other,41.3158,-93.1011,7849,IA
2,Other,41.3158,-93.1011,7849,IA
2,Other,41.3158,-93.1011,7849,IA
2,Other,41.3158,-93.1011,7849,IA
2,Other,41.3158,-93.1011,7849,IA
2,Other,40.7594,-95.3669,7850,IA
2,Other,40.7594,-95.3669,7850,IA
2,Other,40.7594,-95.3669,7850,IA
2,Other,40.7594,-95.3669,7850,IA
2,Other,40.7594,-95.3669,7850,IA
2,Other,40.7594,-95.3669,7850,IA
2,Other,40.7594,-95.3669,7850,IA
2,Other,40.7594,-95.3669,7850,IA
2,Other,40.7594,-95.3669,7850,IA
2,Other,40.7594,-95.3669,7850,IA
2,Other,42.5147,-92.3294,7851,IA
2,Other,42.5147,-92.3294,7851,IA
2,Other,42.5147,-92.3294,7851,IA
2,Other,42.5147,-92.3294,7851,IA
2,Other,42.5147,-92.3294,7851,IA
2,Other,42.5147,-92.3294,7851,IA
2,Other,42.5147,-92.3294,7851,IA
2,Other,42.5147,-92.3294,7851,IA
2,Other,42.5147,-92.3294,7851,IA
2,Other,42.021667,-95.363333,7853,IA
1.8,Other,41.780735,-89.689416,7854,IL
1.8,Other,41.780735,-89.689416,7854,IL
0.7,Wind,46.895,-96.7347,7855,MN
0.7,Wind,46.895,-96.7347,7855,MN
1.8,Other,41.3164,-94.455,7856,IA
1.8,Other,41.3164,-94.455,7856,IA
1.8,Other,41.496111,-94.327222,7857,IA
64.5,Natural Gas,37.2175,-88.8661,7858,IL
64.5,Natural Gas,37.2175,-88.8661,7858,IL
64.5,Natural Gas,37.2175,-88.8661,7858,IL
54,Natural Gas,37.2175,-88.8661,7858,IL
54,Natural Gas,37.2175,-88.8661,7858,IL
0.7,Wind,42.6814712,-95.3311652,7859,IA
0.7,Wind,42.6814712,-95.3311652,7859,IA
1.8,Other,39.6914,-92.0381,7860,MO
1.8,Other,39.6914,-92.0381,7860,MO
3,Hydroelectric,60.588686,-145.604539,7862,AK
3,Hydroelectric,60.588686,-145.604539,7862,AK
35.5,Natural Gas,44.902814,-91.568096,7863,WI
35.5,Natural Gas,44.902814,-91.568096,7863,WI
1.8,Other,42.4942,-91.2725,7865,IA
9.8,Hydroelectric,47.5445,-121.8414,7867,WA
20.2,Hydroelectric,47.5445,-121.8414,7867,WA
16,Other,40.8308504,-73.6387794,7869,NY
39.4,Natural Gas,48.746,-122.486,7870,WA
39.4,Natural Gas,48.746,-122.486,7870,WA
39.4,Natural Gas,48.746,-122.486,7870,WA
51.8,Natural Gas,48.746,-122.486,7870,WA
198,Natural Gas,40.9297,-84.7392,7872,OH
198,Natural Gas,40.9297,-84.7392,7872,OH
198,Natural Gas,40.9297,-84.7392,7872,OH
189.9,Natural Gas,27.9072,-82.4231,7873,FL
189.9,Natural Gas,27.9072,-82.4231,7873,FL
189.9,Natural Gas,27.9072,-82.4231,7873,FL
239.4,Natural Gas,27.9072,-82.4231,7873,FL
189.9,Natural Gas,27.9072,-82.4231,7873,FL
189.9,Natural Gas,27.9072,-82.4231,7873,FL
189.9,Natural Gas,27.9072,-82.4231,7873,FL
189.9,Natural Gas,27.9072,-82.4231,7873,FL
445.7,Natural Gas,27.9072,-82.4231,7873,FL
1.8,Other,41.4478,-84.7536,7874,OH
1.8,Other,41.4478,-84.7536,7874,OH
1,Other,41.1697,-82.2206,7878,OH
1.2,Wind,44.3556,-87.9839,7882,WI
2,Other,36.5733,-83.0522,7883,TN
2,Other,36.5733,-83.0522,7883,TN
2,Other,36.5733,-83.0522,7883,TN
2,Other,36.5733,-83.0522,7883,TN
2,Other,36.5733,-83.0522,7883,TN
2,Other,36.5733,-83.0522,7883,TN
2,Other,36.5733,-83.0522,7883,TN
2,Other,36.5733,-83.0522,7883,TN
2,Other,36.5733,-83.0522,7883,TN
2,Other,36.5733,-83.0522,7883,TN
2,Other,36.5733,-83.0522,7883,TN
1.5,Other,45.938611,-96.835833,7884,ND
11,Wind,44.6694,-87.6333,7886,WI
27,Natural Gas,40.909653,-96.613086,7887,NE
46,Natural Gas,40.909653,-96.613086,7887,NE
45,Natural Gas,40.909653,-96.613086,7887,NE
45,Natural Gas,40.909653,-96.613086,7887,NE
2,Other,40.5308,-88.9839,7888,IL
2,Other,40.5308,-88.9839,7888,IL
2,Other,40.5308,-88.9839,7888,IL
2,Other,40.4728,-88.9919,7891,IL
2,Other,40.4728,-88.9919,7891,IL
1.6,Other,40.9151093,-89.5340996,7895,IL
1.6,Other,40.9151093,-89.5340996,7895,IL
1.6,Other,40.9151093,-89.5340996,7895,IL
1.6,Other,40.9151093,-89.5340996,7895,IL
1.6,Other,40.9151093,-89.5340996,7895,IL
1.6,Other,40.9151093,-89.5340996,7895,IL
1.6,Other,40.9151093,-89.5340996,7895,IL
1.6,Other,40.9151093,-89.5340996,7895,IL
1.6,Other,40.1563233,-89.3514352,7896,IL
1.6,Other,40.1563233,-89.3514352,7896,IL
1.6,Other,40.1563233,-89.3514352,7896,IL
1.6,Other,40.1563233,-89.3514352,7896,IL
1.6,Other,40.1563233,-89.3514352,7896,IL
1.6,Other,40.1563233,-89.3514352,7896,IL
1.6,Other,40.1563233,-89.3514352,7896,IL
1.6,Other,40.1563233,-89.3514352,7896,IL
185,Natural Gas,32.381352,-86.574366,7897,AL
185,Natural Gas,32.381352,-86.574366,7897,AL
185,Natural Gas,32.381352,-86.574366,7897,AL
185,Natural Gas,32.381352,-86.574366,7897,AL
282,Natural Gas,32.381352,-86.574366,7897,AL
282,Natural Gas,32.381352,-86.574366,7897,AL
1.1,Other,40.493889,-84.316111,7898,OH
160,Natural Gas,30.2098,-97.6129,7900,TX
191,Natural Gas,30.2098,-97.6129,7900,TX
51.4,Natural Gas,30.2098,-97.6129,7900,TX
51.4,Natural Gas,30.2098,-97.6129,7900,TX
51.4,Natural Gas,30.2098,-97.6129,7900,TX
51.4,Natural Gas,30.2098,-97.6129,7900,TX
0.6,Wind,43.6575,-88.4381,7901,WI
0.6,Wind,43.6575,-88.4381,7901,WI
721,Coal,32.4607,-94.4852,7902,TX
58.9,Natural Gas,37.248431,-93.170839,7903,MO
58.9,Natural Gas,37.248431,-93.170839,7903,MO
55,Hydroelectric,36.8326,-119.327,7907,CA
55,Hydroelectric,36.8326,-119.327,7907,CA
55,Hydroelectric,36.8326,-119.327,7907,CA
47,Natural Gas,40.7537,-73.9508,7909,NY
47,Natural Gas,40.7537,-73.9508,7909,NY
47,Natural Gas,40.6631,-74,7910,NY
47,Natural Gas,40.6631,-74,7910,NY
9.5,Hydroelectric,35.44072,-118.796498,7911,CA
47,Natural Gas,40.7865,-73.2927,7912,NY
47,Natural Gas,40.799,-73.9094,7913,NY
47,Natural Gas,40.799,-73.9094,7913,NY
47,Natural Gas,40.7991,-73.9156,7914,NY
47,Natural Gas,40.7991,-73.9156,7914,NY
47,Natural Gas,40.7171,-73.9664,7915,NY
121,Natural Gas,32.5892,-84.6917,7916,GA
121,Natural Gas,32.5892,-84.6917,7916,GA
121,Natural Gas,32.5892,-84.6917,7916,GA
121,Natural Gas,32.5892,-84.6917,7916,GA
121,Natural Gas,32.5892,-84.6917,7916,GA
121,Natural Gas,32.5892,-84.6917,7916,GA
176,Natural Gas,33.4072,-85.0386,7917,GA
176,Natural Gas,33.4072,-85.0386,7917,GA
187.7,Natural Gas,33.4072,-85.0386,7917,GA
1.8,Other,40.7303,-82.7939,7918,OH
1.8,Other,40.7303,-82.7939,7918,OH
1.8,Other,40.7303,-82.7939,7918,OH
1.8,Other,41.0317,-81.8714,7919,OH
1.8,Other,41.0317,-81.8714,7919,OH
1.8,Other,41.0317,-81.8714,7919,OH
2,Other,42.1925,-92.4747,7920,IA
2,Other,42.07,-90.66,7921,IA
2,Other,42.07,-90.66,7921,IA
2,Other,42.07,-90.66,7921,IA
2,Other,42.07,-90.66,7921,IA
2,Other,41.7394,-92.4394,7922,IA
1,Other,34.3003,-86.3297,7924,AL
1,Other,34.3003,-86.3297,7924,AL
1,Other,34.3003,-86.3297,7924,AL
1,Other,34.3003,-86.3297,7924,AL
85,Natural Gas,43.798439,-94.841451,7925,MN
85,Natural Gas,43.798439,-94.841451,7925,MN
85,Natural Gas,43.798439,-94.841451,7925,MN
85,Natural Gas,43.798439,-94.841451,7925,MN
85,Natural Gas,43.798439,-94.841451,7925,MN
85,Natural Gas,43.798439,-94.841451,7925,MN
2,Other,43.798439,-94.841451,7925,MN
1.8,Other,42.7114,-91.5469,7926,IA
1.8,Other,42.7114,-91.5469,7926,IA
0.6,Wind,36.0444,-84.3444,7927,TN
0.6,Wind,36.0444,-84.3444,7927,TN
0.6,Wind,36.0444,-84.3444,7927,TN
27,Wind,36.0444,-84.3444,7927,TN
90,Natural Gas,38.532161,-94.902633,7928,KS
91.3,Natural Gas,38.7875,-94.9861,7929,KS
91.3,Natural Gas,38.7875,-94.9861,7929,KS
91.3,Natural Gas,38.7875,-94.9861,7929,KS
91.3,Natural Gas,38.7875,-94.9861,7929,KS
7.5,Natural Gas,38.899805,-98.839484,7930,KS
7.5,Natural Gas,38.899805,-98.839484,7930,KS
170,Natural Gas,45.848039,-119.673965,7931,OR
117,Natural Gas,45.848039,-119.673965,7931,OR
23.4,Natural Gas,45.0046,-84.7218,7932,MI
23.4,Natural Gas,45.0046,-84.7218,7932,MI
23.4,Natural Gas,45.0046,-84.7218,7932,MI
1.8,Other,41.768199,-89.674385,7934,IL
1.8,Other,41.768199,-89.674385,7934,IL
1.8,Other,41.768199,-89.674385,7934,IL
1.8,Other,41.768199,-89.674385,7934,IL
1.8,Other,41.768199,-89.674385,7934,IL
2,Other,40.067218,-93.604363,7935,MO
2,Other,40.067218,-93.604363,7935,MO
2,Other,40.067218,-93.604363,7935,MO
2,Other,40.067218,-93.604363,7935,MO
2,Other,40.067218,-93.604363,7935,MO
2,Other,40.067218,-93.604363,7935,MO
2,Other,40.067218,-93.604363,7935,MO
63.7,Wind,46.0958,-119.0964,7936,WA
15.4,Wind,40.8414,-104.8764,7937,CO
9,Wind,40.8414,-104.8764,7937,CO
12,Other,37.7714,-75.6342,7939,VA
4,Other,37.3381,-77.9644,7940,VA
4,Other,37.2939,-77.9872,7941,VA
3.3,Hydroelectric,33.6808,-117.0698,7942,CA
3.3,Hydroelectric,33.6808,-117.0698,7942,CA
3.3,Hydroelectric,33.6808,-117.0698,7942,CA
3.3,Hydroelectric,33.6808,-117.0698,7942,CA
3.3,Hydroelectric,33.6808,-117.0698,7942,CA
3.3,Hydroelectric,33.6808,-117.0698,7942,CA
3.3,Hydroelectric,33.6808,-117.0698,7942,CA
3.3,Hydroelectric,33.6808,-117.0698,7942,CA
3.3,Hydroelectric,33.6808,-117.0698,7942,CA
3.3,Hydroelectric,33.6808,-117.0698,7942,CA
3.3,Hydroelectric,33.6808,-117.0698,7942,CA
3.3,Hydroelectric,33.6808,-117.0698,7942,CA
1.6,Other,40.2694,-94.0117,7944,MO
32,Natural Gas,46.156694,-119.010116,7945,WA
171,Natural Gas,33.4083,-85.0403,7946,GA
171,Natural Gas,33.4083,-85.0403,7946,GA
226,Natural Gas,33.4083,-85.0403,7946,GA
50,Natural Gas,47.544582,-95.129652,7947,MN
50,Natural Gas,43.179176,-115.734315,7953,ID
50,Natural Gas,43.179176,-115.734315,7953,ID
24,Other,29.0213,-80.9949,7954,FL
24,Other,29.0213,-80.9949,7954,FL
0.8,Other,41.383889,-96.254444,7955,NE
0.8,Other,41.383889,-96.254444,7955,NE
0.8,Other,41.383889,-96.254444,7955,NE
0.8,Other,41.383889,-96.254444,7955,NE
1,Other,33.8125,-78.9672,7958,SC
1,Other,33.8125,-78.9672,7958,SC
1.1,Other,33.8125,-78.9672,7958,SC
93,Natural Gas,32.7976,-88.606,7960,MS
93,Natural Gas,32.7976,-88.606,7960,MS
93,Natural Gas,32.7976,-88.606,7960,MS
93,Natural Gas,32.7976,-88.606,7960,MS
45,Natural Gas,39.279179,-75.623928,7962,DE
0.8,Other,29.5127026,-82.5480294,7963,FL
0.8,Other,29.5127026,-82.5480294,7963,FL
0.8,Other,29.5127026,-82.5480294,7963,FL
60,Natural Gas,39.3531,-91.2295,7964,MO
60,Natural Gas,39.3531,-91.2295,7964,MO
60,Natural Gas,39.3531,-91.2295,7964,MO
60,Natural Gas,39.3531,-91.2295,7964,MO
0.6,Wind,40.9044,-96.6231,7965,NE
0.6,Wind,40.9044,-96.6231,7965,NE
0.7,Wind,43.0661,-94.2306,7966,IA
0.7,Wind,43.0661,-94.2306,7966,IA
0.7,Wind,43.0661,-94.2306,7966,IA
44,Natural Gas,32.35051,-108.69799,7967,NM
44,Natural Gas,32.35051,-108.69799,7967,NM
1.8,Other,41.9557,-84.9796,7970,MI
1.8,Other,41.9557,-84.9796,7970,MI
1.8,Other,41.9557,-84.9796,7970,MI
1.8,Other,41.9557,-84.9796,7970,MI
1.8,Other,41.9557,-84.9796,7970,MI
1.8,Other,41.9557,-84.9796,7970,MI
1.8,Other,41.9557,-84.9796,7970,MI
1.8,Other,41.9557,-84.9796,7970,MI
1.8,Other,41.9557,-84.9796,7970,MI
2,Other,41.4106,-92.9378,7971,IA
2,Other,41.4106,-92.9378,7971,IA
2,Other,41.4106,-92.9378,7971,IA
2,Other,41.4106,-92.9378,7971,IA
2,Other,41.4106,-92.9378,7971,IA
2,Other,41.4106,-92.9378,7971,IA
2,Other,41.4106,-92.9378,7971,IA
2,Other,41.4106,-92.9378,7971,IA
2,Other,41.4106,-92.9378,7971,IA
2,Other,41.4106,-92.9378,7971,IA
2,Other,41.4106,-92.9378,7971,IA
2,Other,41.4106,-92.9378,7971,IA
2,Other,41.4106,-92.9378,7971,IA
2,Other,41.4106,-92.9378,7971,IA
85,Natural Gas,42.167,-83.5318,7972,MI
85,Natural Gas,42.167,-83.5318,7972,MI
85,Natural Gas,42.167,-83.5318,7972,MI
85,Natural Gas,42.167,-83.5318,7972,MI
2,Other,38.275,-95.6839,7973,KS
2,Other,38.275,-95.6839,7973,KS
2,Other,38.275,-95.6839,7973,KS
2,Other,38.275,-95.6839,7973,KS
2,Other,38.275,-95.6839,7973,KS
2,Other,38.275,-95.6839,7973,KS
2,Other,38.275,-95.6839,7973,KS
2,Other,38.275,-95.6839,7973,KS
2,Other,38.275,-95.6839,7973,KS
2,Other,38.275,-95.6839,7973,KS
1.3,Wind,43.8108,-99.3303,7974,SD
1.3,Wind,43.8108,-99.3303,7974,SD
46.5,Natural Gas,32.2363,-108.5494,7975,NM
46.5,Natural Gas,32.2363,-108.5494,7975,NM
46.5,Natural Gas,32.2363,-108.5494,7975,NM
46.5,Natural Gas,32.2363,-108.5494,7975,NM
1,Other,37.4908,-97.2216,7976,KS
4.1,Other,37.4908,-97.2216,7976,KS
4.1,Other,37.4908,-97.2216,7976,KS
2,Other,44.8086,-95.5517,7977,MN
2,Other,44.8086,-95.5517,7977,MN
2,Other,44.8086,-95.5517,7977,MN
99.9,Natural Gas,35.1597,-81.4306,7981,SC
99.9,Natural Gas,35.1597,-81.4306,7981,SC
99.9,Natural Gas,35.1597,-81.4306,7981,SC
99.9,Natural Gas,35.1597,-81.4306,7981,SC
99.9,Natural Gas,35.1597,-81.4306,7981,SC
99.9,Natural Gas,35.1597,-81.4306,7981,SC
99.9,Natural Gas,35.1597,-81.4306,7981,SC
99.9,Natural Gas,35.1597,-81.4306,7981,SC
2.2,Other,44.5331,-95.1122,7982,MN
2.2,Other,44.5331,-95.1122,7982,MN
2.2,Other,44.5331,-95.1122,7982,MN
1.7,Wind,44.5331,-95.1122,7982,MN
75,Natural Gas,44.6889,-85.2019,7984,MI
190.4,Natural Gas,41.5563,-93.5283,7985,IA
190.4,Natural Gas,41.5563,-93.5283,7985,IA
195.5,Natural Gas,41.5563,-93.5283,7985,IA
70,Natural Gas,34.1772,-118.3147,7987,CA
83.5,Natural Gas,31.6004,-89.9468,7988,MS
83.5,Natural Gas,31.6004,-89.9468,7988,MS
47,Natural Gas,31.982076,-89.412714,7989,MS
47,Natural Gas,31.982076,-89.412714,7989,MS
47,Natural Gas,31.982076,-89.412714,7989,MS
1.8,Other,39,-88.75,7990,IL
1.8,Other,39,-88.75,7990,IL
1.8,Other,39,-88.75,7990,IL
1.8,Other,39,-88.75,7990,IL
1.6,Other,47.1887452,-119.2942028,7994,WA
1.6,Other,47.1887452,-119.2942028,7994,WA
1.6,Other,47.1887452,-119.2942028,7994,WA
1.6,Other,47.1887452,-119.2942028,7994,WA
1.6,Other,47.1887452,-119.2942028,7994,WA
1.6,Other,47.1887452,-119.2942028,7994,WA
1.6,Other,47.1887452,-119.2942028,7994,WA
1.6,Other,47.1887452,-119.2942028,7994,WA
1.6,Other,47.1887452,-119.2942028,7994,WA
1.6,Other,47.1887452,-119.2942028,7994,WA
1.6,Other,47.1887452,-119.2942028,7994,WA
1.6,Other,47.1887452,-119.2942028,7994,WA
1.6,Other,47.1887452,-119.2942028,7994,WA
1.6,Other,47.1887452,-119.2942028,7994,WA
1.6,Other,47.1887452,-119.2942028,7994,WA
1.6,Other,47.1887452,-119.2942028,7994,WA
1.6,Other,47.1887452,-119.2942028,7994,WA
1.6,Other,47.1887452,-119.2942028,7994,WA
1.6,Other,47.1887452,-119.2942028,7994,WA
1.6,Other,47.1887452,-119.2942028,7994,WA
2.5,Other,38.2844,-104.5308,7995,CO
2.5,Other,38.2844,-104.5308,7995,CO
2.5,Other,38.2844,-104.5308,7995,CO
2.5,Other,38.2844,-104.5308,7995,CO
12.5,Other,28.0274,-82.0164,7997,FL
12.5,Other,28.0274,-82.0164,7997,FL
12.5,Other,28.0274,-82.0164,7997,FL
12.5,Other,28.0274,-82.0164,7997,FL
1,Other,33.4833,-111.8172,7998,AZ
1,Other,33.4833,-111.8172,7998,AZ
1,Other,33.4833,-111.8172,7998,AZ
1,Other,33.4833,-111.8172,7998,AZ
1,Other,33.4833,-111.8172,7998,AZ
414,Other,43.1,-70.790833,8002,NH
11.2,Hydroelectric,42.685681,-72.977634,8004,MA
300,Hydroelectric,42.6839,-72.9599,8005,MA
300,Hydroelectric,42.6839,-72.9599,8005,MA
621,Other,41.573783,-73.966269,8006,NY
621,Other,41.573783,-73.966269,8006,NY
56.7,Other,40.817037,-73.066265,8007,NY
56.7,Other,40.817037,-73.066265,8007,NY
56.7,Other,40.817037,-73.066265,8007,NY
56.7,Other,40.817037,-73.066265,8007,NY
56.7,Other,40.817037,-73.066265,8007,NY
56.7,Other,40.817037,-73.066265,8007,NY
56.7,Other,40.817037,-73.066265,8007,NY
56.7,Other,40.817037,-73.066265,8007,NY
56.7,Other,40.817037,-73.066265,8007,NY
56.7,Other,40.817037,-73.066265,8007,NY
71.2,Natural Gas,39.8119,-75.249031,8008,NJ
7,Natural Gas,42.9278,-76.5921,8009,NY
14,Natural Gas,40.67,-111.89,8010,UT
14,Natural Gas,40.67,-111.89,8010,UT
142.5,Natural Gas,40.67,-111.89,8010,UT
837,Nuclear,40.1515,-76.7232,8011,PA
68.3,Other,40.08,-74.8917,8012,PA
68.3,Other,40.08,-74.8917,8012,PA
68.3,Other,40.08,-74.8917,8012,PA
68.3,Other,40.08,-74.8917,8012,PA
68.3,Other,40.08,-74.8917,8012,PA
68.3,Other,40.08,-74.8917,8012,PA
68.3,Other,40.08,-74.8917,8012,PA
68.3,Other,40.08,-74.8917,8012,PA
2.8,Other,45.8369,-90.9797,8013,WI
2.8,Other,45.8369,-90.9797,8013,WI
6.4,Natural Gas,36.0242,-90.5094,8015,AR
6.4,Natural Gas,36.0242,-90.5094,8015,AR
6.4,Natural Gas,36.0242,-90.5094,8015,AR
26.6,Other,39.825934,-89.637282,8016,IL
1.8,Other,36.5003977,-93.3968099,8017,MO
1.8,Other,36.5003977,-93.3968099,8017,MO
22.6,Other,47.0808,-88.6472,8019,MI
3.2,Other,38.764905,-95.192006,8020,KS
3.2,Other,38.764905,-95.192006,8020,KS
1.8,Other,47.4234599,-120.3103494,8021,WA
1.8,Other,47.4234599,-120.3103494,8021,WA
1.8,Other,47.4234599,-120.3103494,8021,WA
1.8,Other,47.4234599,-120.3103494,8021,WA
1.8,Other,47.4234599,-120.3103494,8021,WA
1.8,Other,47.4234599,-120.3103494,8021,WA
1.8,Other,47.4234599,-120.3103494,8021,WA
1.8,Other,47.4234599,-120.3103494,8021,WA
1.8,Other,47.4234599,-120.3103494,8021,WA
1.8,Other,47.4234599,-120.3103494,8021,WA
1.8,Other,47.4234599,-120.3103494,8021,WA
1.8,Other,47.4234599,-120.3103494,8021,WA
1.8,Other,47.4234599,-120.3103494,8021,WA
1.8,Other,47.4234599,-120.3103494,8021,WA
2,Other,47.4234599,-120.3103494,8021,WA
2,Other,47.4234599,-120.3103494,8021,WA
2,Other,47.4234599,-120.3103494,8021,WA
2,Other,47.4234599,-120.3103494,8021,WA
2,Other,47.4234599,-120.3103494,8021,WA
1.8,Other,47.4234599,-120.3103494,8021,WA
1.8,Other,47.4234599,-120.3103494,8021,WA
1.8,Other,47.4234599,-120.3103494,8021,WA
1.8,Other,47.4234599,-120.3103494,8021,WA
1.8,Other,47.4234599,-120.3103494,8021,WA
1.8,Other,47.4234599,-120.3103494,8021,WA
1.8,Other,47.4234599,-120.3103494,8021,WA
4.1,Natural Gas,47.7,-117.15,8022,WA
4.1,Natural Gas,47.7,-117.15,8022,WA
4.1,Natural Gas,47.7,-117.15,8022,WA
4.1,Natural Gas,47.7,-117.15,8022,WA
4.1,Natural Gas,47.7,-117.15,8022,WA
4.1,Natural Gas,47.7,-117.15,8022,WA
512,Coal,43.4864,-89.4203,8023,WI
511,Coal,43.4864,-89.4203,8023,WI
535,Nuclear,44.3422,-87.5358,8024,WI
29.4,Other,44.4421,-93.565,8025,MN
7.5,Natural Gas,43.8294,-105.5322,8026,WY
7.5,Natural Gas,43.8294,-105.5322,8026,WY
7.5,Natural Gas,43.8294,-105.5322,8026,WY
56.7,Other,44.7855,-93.4315,8027,MN
56.7,Other,44.7855,-93.4315,8027,MN
56.7,Other,44.7855,-93.4315,8027,MN
56.7,Other,44.7855,-93.4315,8027,MN
7.5,Natural Gas,44.69,-106.1092,8028,WY
7.5,Natural Gas,44.69,-106.1092,8028,WY
7.5,Natural Gas,44.69,-106.1092,8028,WY
85,Natural Gas,41.6722,-93.6769,8029,IA
85,Natural Gas,41.6722,-93.6769,8029,IA
7.5,Natural Gas,43.7219,-105.7689,8030,WY
7.5,Natural Gas,43.7219,-105.7689,8030,WY
7.5,Natural Gas,43.7219,-105.7689,8030,WY
171,Natural Gas,43.094,-93.292222,8031,IA
171,Natural Gas,43.094,-93.292222,8031,IA
244.6,Natural Gas,43.094,-93.292222,8031,IA
2.2,Natural Gas,42.8936,-97.8844,8034,SD
2.7,Other,42.8936,-97.8844,8034,SD
6.5,Natural Gas,42.8936,-97.8844,8034,SD
2,Other,42.8936,-97.8844,8034,SD
801,Nuclear,40.3628,-95.6408,8036,NE
85,Natural Gas,39.6125,-97.2778,8037,KS
2.5,Other,39.6125,-97.2778,8037,KS
1080.1,Coal,36.2811,-80.0603,8042,NC
1080.1,Coal,36.2811,-80.0603,8042,NC
556.2,Other,28.184444,-82.788611,8048,FL
556.2,Other,28.184444,-82.788611,8048,FL
56.7,Other,28.262778,-81.548611,8049,FL
115,Natural Gas,28.262778,-81.548611,8049,FL
165,Other,28.262778,-81.548611,8049,FL
115,Natural Gas,28.262778,-81.548611,8049,FL
115,Natural Gas,28.262778,-81.548611,8049,FL
115,Natural Gas,28.262778,-81.548611,8049,FL
56.7,Other,28.262778,-81.548611,8049,FL
56.7,Other,28.262778,-81.548611,8049,FL
56.7,Other,28.262778,-81.548611,8049,FL
56.7,Other,28.262778,-81.548611,8049,FL
56.7,Other,28.262778,-81.548611,8049,FL
115,Natural Gas,28.262778,-81.548611,8049,FL
115,Natural Gas,28.262778,-81.548611,8049,FL
115,Natural Gas,28.262778,-81.548611,8049,FL
17.9,Other,44.0575,-90.0242,8050,WI
47,Natural Gas,40.6182,-74.06849,8053,NY
781.4,Natural Gas,33.35,-91.1167,8054,MS
902.5,Nuclear,35.311,-93.2351,8055,AR
942.5,Nuclear,35.311,-93.2351,8055,AR
445.5,Natural Gas,29.998884,-90.47684,8056,LA
445.5,Natural Gas,29.998884,-90.47684,8056,LA
85,Natural Gas,34.5431,-98.3244,8059,OK
85,Natural Gas,34.5431,-98.3244,8059,OK
120,Natural Gas,34.5431,-98.3244,8059,OK
4,Other,34.5431,-98.3244,8059,OK
799.2,Natural Gas,32.403056,-97.700556,8063,TX
89.4,Natural Gas,32.403056,-97.700556,8063,TX
89.4,Natural Gas,32.403056,-97.700556,8063,TX
89.4,Natural Gas,32.403056,-97.700556,8063,TX
89.4,Natural Gas,32.403056,-97.700556,8063,TX
577.9,Coal,41.7378,-108.7875,8066,WY
577.9,Coal,41.7378,-108.7875,8066,WY
577.9,Coal,41.7378,-108.7875,8066,WY
577.9,Coal,41.7378,-108.7875,8066,WY
39.2,Natural Gas,40.0922,-104.796,8067,CO
39.2,Natural Gas,40.0922,-104.796,8067,CO
103.5,Natural Gas,33.3325,-111.7503,8068,AZ
103.5,Natural Gas,33.3325,-111.7503,8068,AZ
103.5,Natural Gas,33.3325,-111.7503,8068,AZ
103.5,Natural Gas,33.3325,-111.7503,8068,AZ
498,Coal,39.3792,-111.0781,8069,UT
498,Coal,39.3792,-111.0781,8069,UT
68.3,Natural Gas,46.172401,-123.17392,8073,OR
68.3,Natural Gas,46.172401,-123.17392,8073,OR
68.3,Natural Gas,46.172401,-123.17392,8073,OR
68.3,Natural Gas,46.172401,-123.17392,8073,OR
68.3,Natural Gas,46.172401,-123.17392,8073,OR
68.3,Natural Gas,46.172401,-123.17392,8073,OR
176.4,Natural Gas,46.172401,-123.17392,8073,OR
24.5,Natural Gas,46.172401,-123.17392,8073,OR
58,Natural Gas,34.431419,-119.900055,8076,CA
17.6,Other,19.7317,-156.0283,8083,HI
2.5,Other,19.7317,-156.0283,8083,HI
2.5,Other,19.7317,-156.0283,8083,HI
2.5,Other,19.7317,-156.0283,8083,HI
2.5,Other,19.7317,-156.0283,8083,HI
2.5,Other,19.7317,-156.0283,8083,HI
2.5,Other,19.7317,-156.0283,8083,HI
23,Other,19.7317,-156.0283,8083,HI
23,Other,19.7317,-156.0283,8083,HI
1.2,Other,37.4028,-102.6217,8100,CO
0.2,Other,37.4028,-102.6217,8100,CO
0.5,Other,37.4028,-102.6217,8100,CO
0.8,Other,37.4028,-102.6217,8100,CO
1300,Coal,38.9347,-82.1158,8102,OH
1300,Coal,38.9347,-82.1158,8102,OH
0.6,Other,47.3525,-96.815,8105,MN
0.3,Other,47.3525,-96.815,8105,MN
0.2,Other,47.3525,-96.815,8105,MN
1.3,Natural Gas,41.7717,-91.1321,8106,IA
1.3,Natural Gas,41.7717,-91.1321,8106,IA
0.3,Other,41.7717,-91.1321,8106,IA
2,Natural Gas,41.7717,-91.1321,8106,IA
1.6,Other,42.343542,-91.2471,8108,IA
1.7,Other,42.343542,-91.2471,8108,IA
1.2,Other,42.343542,-91.2471,8108,IA
1.1,Natural Gas,40.2197,-94.5433,8110,MO
1.1,Natural Gas,40.2197,-94.5433,8110,MO
0.3,Other,40.2197,-94.5433,8110,MO
0.3,Other,40.2197,-94.5433,8110,MO
0.3,Other,40.2197,-94.5433,8110,MO
1.8,Natural Gas,40.2197,-94.5433,8110,MO
207,Coal,38.633451,-104.70577,8219,CO
35.8,Natural Gas,38.633451,-104.70577,8219,CO
35.8,Natural Gas,38.633451,-104.70577,8219,CO
450,Coal,47.221447,-101.815722,8222,ND
424.8,Coal,34.3186,-109.1639,8223,AZ
424.8,Coal,34.3186,-109.1639,8223,AZ
5.1,Solar,34.3186,-109.1639,8223,AZ
254.2,Coal,40.881317,-117.151605,8224,NV
267,Coal,40.881317,-117.151605,8224,NV
220,Hydroelectric,41.8389,-79.0056,8225,PA
220,Hydroelectric,41.8389,-79.0056,8225,PA
29,Hydroelectric,41.8389,-79.0056,8225,PA
630,Coal,40.5383,-79.7906,8226,PA
20,Natural Gas,40.6815,-74.9207,8227,NJ
20,Natural Gas,40.6815,-74.9207,8227,NJ
19.6,Natural Gas,40.6815,-74.9207,8227,NJ
20,Natural Gas,40.6815,-74.9207,8227,NJ
20,Natural Gas,40.6815,-74.9207,8227,NJ
20,Natural Gas,40.6815,-74.9207,8227,NJ
20,Natural Gas,40.6815,-74.9207,8227,NJ
20,Natural Gas,40.6815,-74.9207,8227,NJ
2.4,Hydroelectric,36.01551,-114.738006,8902,AZ
130,Hydroelectric,36.01551,-114.738006,8902,AZ
130,Hydroelectric,36.01551,-114.738006,8902,AZ
130,Hydroelectric,36.01551,-114.738006,8902,AZ
130,Hydroelectric,36.01551,-114.738006,8902,AZ
127,Hydroelectric,36.01551,-114.738006,8902,AZ
130,Hydroelectric,36.01551,-114.738006,8902,AZ
130,Hydroelectric,36.01551,-114.738006,8902,AZ
61.5,Hydroelectric,36.01551,-114.738006,8902,AZ
68.5,Hydroelectric,36.01551,-114.738006,8902,AZ
15,Natural Gas,40.787674,-73.912561,8906,NY
180,Natural Gas,40.787674,-73.912561,8906,NY
376,Other,40.787674,-73.912561,8906,NY
387,Other,40.787674,-73.912561,8906,NY
387,Other,40.787674,-73.912561,8906,NY
1012,Nuclear,41.2706,-73.9526,8907,NY
3.3,Other,42.3903,-71.56,9038,MA
4,Other,42.3903,-71.56,9038,MA
3,Other,42.3903,-71.56,9038,MA
2.2,Other,42.3903,-71.56,9038,MA
2.2,Other,42.3903,-71.56,9038,MA
5.6,Other,42.3903,-71.56,9038,MA
14.8,Hydroelectric,47.661754,-117.423913,9095,WA
10,Hydroelectric,47.663086,-117.414917,9096,WA
16.2,Natural Gas,43.0386,-89.3586,9674,WI
2.3,Hydroelectric,48.675944,-121.240826,9842,WA
0.8,Hydroelectric,42.2,-72.61,9864,MA
0.8,Hydroelectric,42.2,-72.61,9864,MA
0.4,Hydroelectric,42.2,-72.61,9864,MA
0.6,Hydroelectric,42.2,-72.61,9864,MA
9.4,Other,42.2,-72.61,9864,MA
9.4,Other,42.2,-72.61,9864,MA
6,Other,42.2,-72.61,9864,MA
108,Coal,35.765767,-117.383584,10002,CA
7.5,Coal,39.7606,-105.215,10003,CO
7.5,Coal,39.7606,-105.215,10003,CO
20,Coal,39.7606,-105.215,10003,CO
0.4,Coal,39.7606,-105.215,10003,CO
7.5,Other,27.76522,-81.938787,10004,FL
38,Other,27.76522,-81.938787,10004,FL
17.4,Wind,37.0478,-121.1708,10005,CA
0.5,Natural Gas,30.3156,-81.6644,10008,FL
0.5,Natural Gas,30.3156,-81.6644,10008,FL
0.5,Natural Gas,30.3156,-81.6644,10008,FL
2.6,Natural Gas,30.3156,-81.6644,10008,FL
2.5,Natural Gas,30.3156,-81.6644,10008,FL
3,Natural Gas,30.3156,-81.6644,10008,FL
3.5,Natural Gas,30.3156,-81.6644,10008,FL
16.9,Other,45.3471619,-68.5031876,10009,ME
13.5,Other,40.8205,-75.0112,10012,NJ
39.5,Other,44.9833,-93.280382,10013,MN
45,Hydroelectric,43.528,-116.0583,10014,ID
45,Hydroelectric,43.528,-116.0583,10014,ID
11.2,Hydroelectric,43.528,-116.0583,10014,ID
5,Other,37.5392,-76.8053,10017,VA
10,Other,37.5392,-76.8053,10017,VA
25,Other,37.5392,-76.8053,10017,VA
15,Other,37.5392,-76.8053,10017,VA
46,Other,37.5392,-76.8053,10017,VA
11,Other,39.753999,-118.953497,10018,NV
3.5,Natural Gas,28.811828,-81.865273,10020,FL
1.5,Natural Gas,39.9491516,-75.1647162,10021,PA
2,Coal,40.797821,-85.8205411,10022,IN
2,Coal,40.797821,-85.8205411,10022,IN
6.3,Coal,43.1989,-77.6319,10025,NY
6.3,Coal,43.1989,-77.6319,10025,NY
10.4,Coal,43.1989,-77.6319,10025,NY
10.4,Coal,43.1989,-77.6319,10025,NY
17.5,Coal,43.1989,-77.6319,10025,NY
25.6,Other,43.1989,-77.6319,10025,NY
15,Coal,43.1989,-77.6319,10025,NY
12.5,Coal,43.1989,-77.6319,10025,NY
25.6,Coal,43.1989,-77.6319,10025,NY
25.6,Coal,43.1989,-77.6319,10025,NY
25.6,Coal,43.1989,-77.6319,10025,NY
25.6,Coal,43.1989,-77.6319,10025,NY
0.4,Hydroelectric,43.1989,-77.6319,10025,NY
0.5,Natural Gas,33.13,-117.2797,10026,CA
0.5,Natural Gas,33.13,-117.2797,10026,CA
0.5,Other,33.13,-117.2797,10026,CA
25.4,Wind,33.9447,-116.6222,10027,CA
2.7,Hydroelectric,43.909653,-111.285421,10028,ID
2.7,Hydroelectric,43.909653,-111.285421,10028,ID
1.1,Hydroelectric,43.909653,-111.285421,10028,ID
0.9,Hydroelectric,43.909653,-111.285421,10028,ID
10,Other,42.45,-70.9739,10029,MA
10,Other,42.45,-70.9739,10029,MA
15.6,Other,42.45,-70.9739,10029,MA
21.1,Natural Gas,42.45,-70.9739,10029,MA
18,Coal,39.149549,-75.547335,10030,DE
50,Natural Gas,39.149549,-75.547335,10030,DE
50,Natural Gas,39.149549,-75.547335,10030,DE
4.6,Natural Gas,38.1425,-121.2994,10031,CA
4,Natural Gas,42.467677,-83.039212,10032,MI
68.4,Other,42.3678,-83.0514,10033,MI
90,Natural Gas,37.0001,-121.5367,10034,CA
40,Natural Gas,37.0001,-121.5367,10034,CA
0.6,Hydroelectric,43.11391,-71.894001,10036,NH
0.6,Hydroelectric,43.11391,-71.894001,10036,NH
6.8,Other,40.471433,-122.329861,10037,CA
2,Coal,41.524315,-90.43659,10039,IL
2.5,Coal,41.524315,-90.43659,10039,IL
3,Coal,41.524315,-90.43659,10039,IL
2.5,Coal,41.524315,-90.43659,10039,IL
0.5,Natural Gas,36.3275,-119.2947,10042,CA
0.5,Natural Gas,36.3275,-119.2947,10042,CA
0.7,Natural Gas,36.3275,-119.2947,10042,CA
242,Coal,39.7928,-75.406667,10043,NJ
3.6,Natural Gas,40.4031544,-74.3777224,10044,NJ
0.5,Other,39.8217,-75.0914,10045,NJ
0.5,Other,39.8217,-75.0914,10045,NJ
0.5,Other,39.8217,-75.0914,10045,NJ
0.5,Other,39.8217,-75.0914,10045,NJ
3.3,Other,41.3925887,-74.40205,10047,NY
4,Natural Gas,33.943965,-118.40425,10048,CA
4,Natural Gas,33.943965,-118.40425,10048,CA
0.3,Hydroelectric,42.629637,-114.66162,10049,ID
0.4,Hydroelectric,42.629637,-114.66162,10049,ID
0.4,Hydroelectric,42.629637,-114.66162,10049,ID
0.4,Hydroelectric,42.629637,-114.66162,10049,ID
0.5,Other,34.6953,-92.1519,10050,AR
0.5,Other,34.6953,-92.1519,10050,AR
0.5,Other,34.6953,-92.1519,10050,AR
0.6,Hydroelectric,35.6184,-79.0912,10051,NC
0.6,Hydroelectric,35.6184,-79.0912,10051,NC
18.8,Other,40.7995,-124.2028,10052,CA
1.3,Other,45.5738851,-68.3533229,10053,ME
4.4,Other,41.1675,-80.1064,10058,PA
0.5,Hydroelectric,43.2597,-70.8597,10059,NH
1.7,Hydroelectric,43.2597,-70.8597,10059,NH
8.8,Natural Gas,40.8625,-74.825,10061,NJ
1.4,Natural Gas,40.8625,-74.825,10061,NJ
38.5,Other,25.8356,-80.3566,10062,FL
38.5,Other,25.8356,-80.3566,10062,FL
4,Hydroelectric,41.324308,-73.102111,10063,CT
4,Hydroelectric,41.324308,-73.102111,10063,CT
0.3,Hydroelectric,41.324308,-73.102111,10063,CT
0.3,Hydroelectric,41.324308,-73.102111,10063,CT
0.8,Hydroelectric,44.5467,-69.6292,10066,ME
0.8,Hydroelectric,44.5467,-69.6292,10066,ME
0.8,Hydroelectric,44.5467,-69.6292,10066,ME
0.8,Hydroelectric,44.5467,-69.6292,10066,ME
0.8,Hydroelectric,44.5467,-69.6292,10066,ME
0.8,Hydroelectric,44.5467,-69.6292,10066,ME
2.4,Hydroelectric,44.5467,-69.6292,10066,ME
3.1,Hydroelectric,39.4588,-105.0657,10070,CO
67.5,Coal,36.8702,-76.3529,10071,VA
67.5,Coal,36.8702,-76.3529,10071,VA
20,Natural Gas,35.66704,-101.432004,10072,TX
21.7,Other,21.9740621,-159.3690097,10073,HI
0.5,Hydroelectric,21.9740621,-159.3690097,10073,HI
0.8,Hydroelectric,21.9740621,-159.3690097,10073,HI
20,Other,40.8054,-124.1949,10074,CA
84,Coal,47.5314,-90.9114,10075,MN
84,Coal,47.5314,-90.9114,10075,MN
84,Coal,47.5314,-90.9114,10075,MN
1,Hydroelectric,39.4326,-105.1263,10081,CO
12,Other,33.9949,-118.1538,10090,CA
9.9,Natural Gas,33.7683,-118.2836,10091,CA
9.9,Natural Gas,33.7683,-118.2836,10091,CA
9.9,Other,33.7683,-118.2836,10091,CA
9.9,Other,33.7683,-118.2836,10091,CA
9.9,Other,33.7683,-118.2836,10091,CA
5.5,Natural Gas,33.7683,-118.2836,10091,CA
20,Other,21.303229,-158.091438,10093,HI
1.1,Natural Gas,39.8559248,-75.3692897,10097,PA
1.1,Natural Gas,39.8559248,-75.3692897,10097,PA
0.9,Natural Gas,39.8559248,-75.3692897,10097,PA
92.1,Natural Gas,39.7668,-75.4238,10099,NJ
42.4,Natural Gas,39.7668,-75.4238,10099,NJ
0.5,Other,42.9383,-70.8406,10108,NH
0.5,Other,42.9383,-70.8406,10108,NH
0.7,Other,42.9383,-70.8406,10108,NH
0.7,Other,42.9383,-70.8406,10108,NH
0.7,Other,42.9383,-70.8406,10108,NH
0.7,Other,42.9383,-70.8406,10108,NH
3.1,Natural Gas,42.9383,-70.8406,10108,NH
5,Natural Gas,42.9383,-70.8406,10108,NH
1.7,Hydroelectric,43.446107,-71.644646,10109,NH
0.2,Hydroelectric,43.446107,-71.644646,10109,NH
6,Natural Gas,35.395063,-119.321633,10110,CA
28.9,Coal,42.660324,-83.298308,10111,MI
88.4,Coal,40.7903,-76.1983,10113,PA
7.5,Coal,41.0576768,-81.4768212,10114,OH
12.5,Coal,41.0576768,-81.4768212,10114,OH
7.5,Coal,41.0576768,-81.4768212,10114,OH
12.5,Coal,41.0576768,-81.4768212,10114,OH
0.8,Natural Gas,32.77973,-117.006397,10115,CA
0.8,Natural Gas,32.77973,-117.006397,10115,CA
3.4,Hydroelectric,44.296544,-75.36645,10116,NY
8.2,Other,40.244242,-76.853872,10118,PA
7.1,Other,31.164772,-81.478724,10120,GA
2,Other,31.164772,-81.478724,10120,GA
1.4,Hydroelectric,33.816547,-83.504932,10121,GA
3.7,Natural Gas,40.624,-74.634,10122,NJ
5,Natural Gas,40.624,-74.634,10122,NJ
5.3,Natural Gas,40.8359,-74.155,10123,NJ
5.3,Natural Gas,40.8359,-74.155,10123,NJ
4,Natural Gas,40.8359,-74.155,10123,NJ
4,Natural Gas,40.8359,-74.155,10123,NJ
4,Natural Gas,40.8359,-74.155,10123,NJ
0.5,Hydroelectric,44.296453,-75.336142,10124,NY
0.5,Hydroelectric,44.296453,-75.336142,10124,NY
0.8,Natural Gas,40.6986,-73.8028,10125,NY
0.8,Natural Gas,40.6986,-73.8028,10125,NY
0.8,Other,40.6986,-73.8028,10125,NY
0.8,Other,40.6986,-73.8028,10125,NY
0.8,Natural Gas,40.6986,-73.8028,10125,NY
0.4,Natural Gas,40.6986,-73.8028,10125,NY
1,Hydroelectric,40.37,-123.4347,10128,CA
1,Hydroelectric,40.37,-123.4347,10128,CA
6.1,Natural Gas,40.6144,-79.1594,10129,PA
6.1,Natural Gas,40.6144,-79.1594,10129,PA
6.1,Natural Gas,40.6144,-79.1594,10129,PA
6.1,Natural Gas,40.6144,-79.1594,10129,PA
0.5,Natural Gas,29.621786,-95.6362501,10136,TX
2,Natural Gas,29.621786,-95.6362501,10136,TX
1,Natural Gas,29.621786,-95.6362501,10136,TX
3,Natural Gas,29.621786,-95.6362501,10136,TX
2.5,Hydroelectric,43.6411,-72.4061,10137,VT
0.5,Hydroelectric,43.6411,-72.4061,10137,VT
2,Hydroelectric,45.206341,-109.1652,10138,MT
5.9,Hydroelectric,35.6439,-118.4822,10139,CA
5.9,Hydroelectric,35.6439,-118.4822,10139,CA
2.6,Hydroelectric,44.027444,-112.719439,10140,ID
131.1,Coal,40.55,-78.8,10143,PA
11.5,Other,38.9032,-121.3097,10144,CA
1.5,Other,38.9032,-121.3097,10144,CA
19.2,Other,38.9032,-121.3097,10144,CA
20,Coal,46.7644,-89.5669,10148,MI
20,Coal,46.7644,-89.5669,10148,MI
20,Coal,46.7644,-89.5669,10148,MI
7.5,Coal,45.062836,-83.423336,10149,MI
95.7,Coal,39.561831,-80.163138,10151,WV
0.7,Hydroelectric,40.540042,-78.034628,10152,PA
0.7,Hydroelectric,40.540042,-78.034628,10152,PA
0.7,Hydroelectric,40.540042,-78.034628,10152,PA
0.7,Hydroelectric,40.540042,-78.034628,10152,PA
41,Natural Gas,29.2293,-95.1952,10154,TX
3,Hydroelectric,37.220896,-77.524504,10155,VA
22.3,Natural Gas,36.617022,-120.099846,10156,CA
10,Natural Gas,36.617022,-120.099846,10156,CA
22.3,Natural Gas,36.617022,-120.099846,10156,CA
0.7,Natural Gas,40.2233,-74.09,10157,NJ
0.7,Natural Gas,40.2233,-74.09,10157,NJ
10.7,Natural Gas,42.255636,-83.402046,10159,MI
1.3,Hydroelectric,33.934725,-116.640548,10162,CA
7.2,Other,44.7353,-68.0325,10165,ME
18.6,Other,44.7353,-68.0325,10165,ME
7.6,Other,28.513929,-96.794154,10167,TX
42.1,Natural Gas,37.429848,-122.176284,10168,CA
10.7,Natural Gas,37.429848,-122.176284,10168,CA
45.3,Natural Gas,33.8759,-118.2491,10169,CA
10.5,Natural Gas,33.8759,-118.2491,10169,CA
0.7,Hydroelectric,41.979003,-91.671533,10171,IA
0.7,Hydroelectric,41.979003,-91.671533,10171,IA
0.7,Hydroelectric,41.979003,-91.671533,10171,IA
4.3,Hydroelectric,35.0642,-81.5458,10173,SC
2,Other,32.7992,-117.1517,10175,CA
0.6,Natural Gas,32.7992,-117.1517,10175,CA
0.3,Natural Gas,32.7992,-117.1517,10175,CA
0.3,Natural Gas,32.7992,-117.1517,10175,CA
0.3,Natural Gas,32.7992,-117.1517,10175,CA
3.5,Natural Gas,32.7992,-117.1517,10175,CA
69,Other,42.339387,-71.031407,10176,MA
1.2,Other,35.18451,-90.037003,10178,TN
1,Other,35.18451,-90.037003,10178,TN
0.2,Hydroelectric,42.7009442,-71.1625517,10179,MA
0.4,Hydroelectric,42.7009442,-71.1625517,10179,MA
0.6,Hydroelectric,42.7009442,-71.1625517,10179,MA
0.3,Hydroelectric,42.7009442,-71.1625517,10179,MA
0.3,Other,42.7009442,-71.1625517,10179,MA
2,Other,39.8078,-104.9542,10180,CO
2,Other,39.8078,-104.9542,10180,CO
2,Other,39.8078,-104.9542,10180,CO
2,Other,39.8078,-104.9542,10180,CO
3.5,Other,39.8078,-104.9542,10180,CO
3.5,Other,39.8078,-104.9542,10180,CO
0.8,Hydroelectric,35.6497,-82.5992,10181,NC
0.8,Hydroelectric,35.6497,-82.5992,10181,NC
0.8,Hydroelectric,35.6497,-82.5992,10181,NC
3,Hydroelectric,42.750278,-71.505278,10183,NH
1.5,Hydroelectric,42.750278,-71.505278,10183,NH
6,Natural Gas,30.397351,-97.842586,10184,TX
6,Natural Gas,30.397351,-97.842586,10184,TX
2.3,Natural Gas,30.397351,-97.842586,10184,TX
3,Hydroelectric,44.7975,-69.8867,10186,ME
2.7,Hydroelectric,44.7975,-69.8867,10186,ME
3,Hydroelectric,44.7975,-69.8867,10186,ME
3,Hydroelectric,44.7975,-69.8867,10186,ME
2.5,Hydroelectric,44.7975,-69.8867,10186,ME
2.5,Hydroelectric,44.7975,-69.8867,10186,ME
0.3,Hydroelectric,44.7975,-69.8867,10186,ME
1.8,Hydroelectric,44.7975,-69.8867,10186,ME
1.8,Hydroelectric,44.7975,-69.8867,10186,ME
1.8,Hydroelectric,44.7975,-69.8867,10186,ME
1.8,Hydroelectric,44.7975,-69.8867,10186,ME
1.8,Hydroelectric,44.7975,-69.8867,10186,ME
3,Other,44.7975,-69.8867,10186,ME
10,Natural Gas,30.1525,-93.7206,10187,TX
3.5,Natural Gas,28.05485,-81.798166,10188,FL
3.5,Natural Gas,28.05485,-81.798166,10188,FL
1.5,Natural Gas,28.05485,-81.798166,10188,FL
47,Natural Gas,42.5375,-73.7433,10190,NY
25,Natural Gas,42.5375,-73.7433,10190,NY
8.7,Wind,35.0606,-118.1061,10191,CA
3,Natural Gas,21.311667,-158.113889,10194,HI
3,Natural Gas,21.311667,-158.113889,10194,HI
3,Natural Gas,21.311667,-158.113889,10194,HI
25,Natural Gas,32.90411,-90.3781,10195,MS
12.6,Hydroelectric,43.610664,-75.341325,10196,NY
3.6,Hydroelectric,44.158611,-75.708778,10197,NY
11,Other,30.038649,-90.828312,10198,LA
11,Other,30.038649,-90.828312,10198,LA
19,Other,38.7881,-122.7219,10199,CA
19,Other,38.7881,-122.7219,10199,CA
9.3,Coal,30.681823,-81.455413,10202,FL
44,Other,30.681823,-81.455413,10202,FL
74.4,Coal,30.681823,-81.455413,10202,FL
20,Natural Gas,27.8071928,-97.4465021,10203,TX
20,Natural Gas,27.8071928,-97.4465021,10203,TX
35.4,Other,27.8605,-82.3903,10204,FL
42.5,Other,27.8605,-82.3903,10204,FL
38.2,Other,27.9033926,-81.9194482,10205,FL
5.2,Natural Gas,34.050391,-117.248417,10206,CA
5.2,Natural Gas,34.050391,-117.248417,10206,CA
1.2,Natural Gas,34.050391,-117.248417,10206,CA
1.7,Other,34.050391,-117.248417,10206,CA
9.3,Coal,39.4290789,-91.0333578,10207,MO
9.3,Coal,39.4290789,-91.0333578,10207,MO
27.2,Natural Gas,45.8044,-87.0891,10208,MI
22.1,Other,45.8044,-87.0891,10208,MI
54,Coal,45.8044,-87.0891,10208,MI
20,Natural Gas,41.6554794,-87.4502062,10211,IN
20,Natural Gas,41.6554794,-87.4502062,10211,IN
11.2,Natural Gas,41.6554794,-87.4502062,10211,IN
11.2,Natural Gas,41.6554794,-87.4502062,10211,IN
20,Natural Gas,41.6554794,-87.4502062,10211,IN
42.4,Natural Gas,33.9058,-118.4031,10213,CA
42.4,Natural Gas,33.9058,-118.4031,10213,CA
1.5,Natural Gas,33.9058,-118.4031,10213,CA
1.2,Natural Gas,33.9058,-118.4031,10213,CA
40.3,Natural Gas,33.9058,-118.4031,10213,CA
9.1,Natural Gas,33.9058,-118.4031,10213,CA
3.2,Hydroelectric,44.6694,-73.5075,10214,NY
3.2,Hydroelectric,44.6694,-73.5075,10214,NY
0.3,Hydroelectric,44.6694,-73.5075,10214,NY
0.6,Natural Gas,40.5719,-111.7453,10215,UT
0.6,Natural Gas,40.5719,-111.7453,10215,UT
0.6,Natural Gas,40.5719,-111.7453,10215,UT
48,Other,31.5825,-87.4889,10216,AL
2.9,Hydroelectric,43.4833,-73.7986,10218,NY
1.1,Hydroelectric,43.098711,-73.525271,10219,NY
1.1,Hydroelectric,43.098711,-73.525271,10219,NY
3,Hydroelectric,44.685589,-75.002868,10220,NY
5.7,Hydroelectric,42.781779,-73.696096,10221,NY
5.7,Hydroelectric,42.781779,-73.696096,10221,NY
1.4,Hydroelectric,36.058635,-118.924097,10222,CA
8.5,Coal,42.665941,-93.902606,10223,IA
4,Other,40.615616,-74.26529,10224,NJ
5,Other,40.615616,-74.26529,10224,NJ
10.8,Other,40.615616,-74.26529,10224,NJ
0.8,Other,42.3578,-83.0578,10232,MI
0.8,Other,42.3578,-83.0578,10232,MI
25,Natural Gas,31.2434,-89.0456,10233,MS
25,Natural Gas,31.2434,-89.0456,10233,MS
17,Coal,44.43,-89.78,10234,WI
7.5,Coal,44.43,-89.78,10234,WI
15.6,Coal,44.43,-89.78,10234,WI
21.5,Coal,44.43,-89.78,10234,WI
4.5,Natural Gas,42.2028,-83.555,10235,MI
1.8,Hydroelectric,44.151944,-75.321725,10237,NY
5,Hydroelectric,43.090635,-74.766961,10238,NY
1.4,Natural Gas,27.5697,-97.8228,10243,TX
1.4,Natural Gas,27.5697,-97.8228,10243,TX
1.6,Natural Gas,27.5697,-97.8228,10243,TX
8.2,Natural Gas,27.5697,-97.8228,10243,TX
44.2,Natural Gas,27.5697,-97.8228,10243,TX
10.6,Other,39.324611,-82.974039,10244,OH
24,Other,39.324611,-82.974039,10244,OH
31,Other,39.324611,-82.974039,10244,OH
27.2,Coal,39.324611,-82.974039,10244,OH
62,Natural Gas,41.635,-87.1387,10245,IN
51,Natural Gas,41.635,-87.1387,10245,IN
63.2,Natural Gas,41.635,-87.1387,10245,IN
13.6,Other,30.266057,-85.52067,10250,FL
0.4,Natural Gas,34.0434783,-118.2394823,10251,CA
0.4,Natural Gas,34.0434783,-118.2394823,10251,CA
0.4,Natural Gas,34.0434783,-118.2394823,10251,CA
4,Coal,36.5489,-82.5667,10252,TN
7,Other,36.5489,-82.5667,10252,TN
12,Other,36.5489,-82.5667,10252,TN
5,Hydroelectric,39.565677,-120.581684,10253,CA
5,Hydroelectric,39.565677,-120.581684,10253,CA
6.5,Hydroelectric,45.2497,-68.6483,10255,ME
6.5,Hydroelectric,45.2497,-68.6483,10255,ME
4.5,Other,37.9488868,-121.255578,10257,CA
1,Hydroelectric,35.9483,-79.3244,10258,NC
0.5,Hydroelectric,35.9483,-79.3244,10258,NC
2.5,Natural Gas,29.8247,-94.9197,10261,TX
2.5,Natural Gas,29.8247,-94.9197,10261,TX
3.4,Natural Gas,29.8247,-94.9197,10261,TX
3.4,Natural Gas,29.8247,-94.9197,10261,TX
3.4,Natural Gas,29.8247,-94.9197,10261,TX
3.5,Natural Gas,29.8247,-94.9197,10261,TX
3.5,Natural Gas,29.8247,-94.9197,10261,TX
3.5,Natural Gas,29.8247,-94.9197,10261,TX
1,Natural Gas,34.138467,-118.1256,10262,CA
4.3,Natural Gas,34.138467,-118.1256,10262,CA
10.5,Natural Gas,34.138467,-118.1256,10262,CA
2.5,Natural Gas,34.138467,-118.1256,10262,CA
3.5,Natural Gas,27.9114,-81.6006,10275,FL
7.2,Natural Gas,27.9114,-81.6006,10275,FL
2.4,Hydroelectric,43.440538,-71.595975,10276,NH
0.3,Hydroelectric,38.974022,-95.235078,10279,KS
0.4,Hydroelectric,38.974022,-95.235078,10279,KS
0.3,Hydroelectric,38.974022,-95.235078,10279,KS
0.4,Hydroelectric,38.974022,-95.235078,10279,KS
0.4,Hydroelectric,38.974022,-95.235078,10279,KS
0.4,Hydroelectric,38.974022,-95.235078,10279,KS
0.4,Hydroelectric,38.974022,-95.235078,10279,KS
1.1,Other,34.8694,-82.3639,10280,SC
1.1,Natural Gas,34.8694,-82.3639,10280,SC
1.1,Natural Gas,34.8694,-82.3639,10280,SC
1.1,Natural Gas,34.8694,-82.3639,10280,SC
5,Hydroelectric,40.646733,-123.498008,10282,CA
0.8,Natural Gas,40.7164453,-74.6601706,10284,NJ
0.8,Natural Gas,40.7164453,-74.6601706,10284,NJ
0.8,Natural Gas,40.7164453,-74.6601706,10284,NJ
0.8,Natural Gas,40.7164453,-74.6601706,10284,NJ
0.8,Natural Gas,40.7164453,-74.6601706,10284,NJ
0.8,Natural Gas,40.7164453,-74.6601706,10284,NJ
2.6,Hydroelectric,40.733545,-80.314795,10285,PA
2.6,Hydroelectric,40.733545,-80.314795,10285,PA
0.8,Hydroelectric,42.451922,-76.485092,10286,NY
1.1,Hydroelectric,42.451922,-76.485092,10286,NY
17,Other,40.5547,-116.6175,10287,NV
9.3,Other,41.1325,-121.137222,10288,CA
20,Other,43.7155,-71.6585,10290,NH
90.8,Natural Gas,36.225,-121.1278,10294,CA
42.4,Natural Gas,36.225,-121.1278,10294,CA
4,Hydroelectric,42.4937,-114.3102,10296,ID
4,Hydroelectric,42.4937,-114.3102,10296,ID
3,Natural Gas,30.5045757,-91.1709358,10297,LA
3,Natural Gas,30.5045757,-91.1709358,10297,LA
75,Natural Gas,29.6225,-95.0458,10298,TX
75,Natural Gas,29.6225,-95.0458,10298,TX
75,Natural Gas,29.6225,-95.0458,10298,TX
75,Natural Gas,29.6225,-95.0458,10298,TX
55.5,Other,33.586,-116.0873,10300,CA
0.7,Natural Gas,30.0497,-90.6839,10301,LA
2.5,Natural Gas,30.0497,-90.6839,10301,LA
1.7,Natural Gas,30.0497,-90.6839,10301,LA
2.5,Natural Gas,30.0497,-90.6839,10301,LA
2,Coal,40.533299,-78.384125,10302,PA
2,Coal,40.533299,-78.384125,10302,PA
9.2,Other,41.647,-73.943,10305,NY
128.7,Natural Gas,42.0925,-71.4833,10307,MA
128.7,Natural Gas,42.0925,-71.4833,10307,MA
128.7,Natural Gas,42.0925,-71.4833,10307,MA
143.4,Natural Gas,40.439,-74.3444,10308,NJ
143.4,Natural Gas,40.439,-74.3444,10308,NJ
143.4,Natural Gas,40.439,-74.3444,10308,NJ
3.4,Natural Gas,31.5469132,-97.1210998,10317,TX
35.7,Natural Gas,30.2,-91,10319,LA
41.2,Natural Gas,30.2,-91,10319,LA
4,Coal,35.5410572,-82.6452139,10320,NC
4,Coal,35.5410572,-82.6452139,10320,NC
5,Coal,35.5410572,-82.6452139,10320,NC
0.3,Coal,35.5410572,-82.6452139,10320,NC
3,Coal,35.5410572,-82.6452139,10320,NC
5,Coal,36.1835719,-83.2537451,10321,TN
5,Coal,36.1835719,-83.2537451,10321,TN
5,Coal,36.1835719,-83.2537451,10321,TN
0.3,Coal,36.1835719,-83.2537451,10321,TN
5,Coal,36.1835719,-83.2537451,10321,TN
2,Hydroelectric,45.66523,-121.523761,10323,OR
1,Hydroelectric,45.66523,-121.523761,10323,OR
1.8,Hydroelectric,45.66764,-121.548455,10324,OR
3.1,Hydroelectric,42.260844,-111.665589,10325,ID
12.5,Coal,42.7178,-84.4836,10328,MI
12.5,Coal,42.7178,-84.4836,10328,MI
15,Coal,42.7178,-84.4836,10328,MI
21,Coal,42.7178,-84.4836,10328,MI
125,Coal,28.5819,-82.4311,10333,FL
63.7,Other,21.300036,-158.098615,10334,HI
22,Other,43.4961,-70.4531,10338,ME
2.2,Other,35.5,-106.6667,10339,NM
2.2,Other,35.5,-106.6667,10339,NM
1.1,Other,35.5,-106.6667,10339,NM
1.1,Other,35.5,-106.6667,10339,NM
40,Natural Gas,38.0244,-122.0589,10342,CA
40,Natural Gas,38.0244,-122.0589,10342,CA
33.5,Natural Gas,38.0244,-122.0589,10342,CA
46,Coal,40.811189,-76.452951,10343,PA
13,Other,32.8441812,-79.9586304,10344,SC
20,Other,45.0688,-83.8932,10346,MI
7.5,Other,30.501437,-83.875762,10347,FL
49.5,Natural Gas,39.1365,-121.6397,10349,CA
46,Natural Gas,39.052922,-121.696072,10350,CA
20,Natural Gas,39.052922,-121.696072,10350,CA
39.6,Other,44.431667,-70.1619,10354,ME
39.6,Other,46.6334,-68.4361,10356,ME
1.5,Coal,44.4936,-88.0303,10360,WI
3,Coal,44.4936,-88.0303,10360,WI
3,Coal,44.4936,-88.0303,10360,WI
2.5,Coal,44.4936,-88.0303,10360,WI
10,Coal,44.4936,-88.0303,10360,WI
18.7,Coal,44.4936,-88.0303,10360,WI
28.9,Coal,44.4936,-88.0303,10360,WI
25,Coal,44.4936,-88.0303,10360,WI
43.2,Coal,44.4936,-88.0303,10360,WI
25.2,Natural Gas,32.331274,-81.201496,10361,GA
25.2,Natural Gas,32.331274,-81.201496,10361,GA
45,Other,32.331274,-81.201496,10361,GA
45,Other,32.331274,-81.201496,10361,GA
25,Coal,35.7322,-95.2939,10362,OK
44.5,Coal,35.7322,-95.2939,10362,OK
44.5,Coal,35.7322,-95.2939,10362,OK
20.5,Other,38.030597,-121.870217,10367,CA
20.5,Other,38.016169,-121.860293,10368,CA
20.5,Other,38.011659,-121.780776,10369,CA
20.5,Other,38.010915,-121.756046,10370,CA
20.5,Other,38.04352,-121.987499,10371,CA
27,Other,36.269895,-119.648489,10373,CA
0.8,Natural Gas,41.9077405,-87.8931694,10376,IL
0.8,Natural Gas,41.9077405,-87.8931694,10376,IL
67.5,Coal,37.2939,-77.2697,10377,VA
67.5,Coal,37.2939,-77.2697,10377,VA
67.5,Coal,33.944384,-78.011824,10378,NC
67.5,Coal,33.944384,-78.011824,10378,NC
67.5,Coal,36.435,-78.9619,10379,NC
34.7,Coal,34.647155,-78.64151,10380,NC
44.1,Coal,35.0217,-77.8583,10381,NC
34.7,Coal,34.59,-78.9968,10382,NC
67.5,Coal,36.037318,-77.753345,10384,NC
67.5,Coal,36.037318,-77.753345,10384,NC
0.9,Other,33.097703,-117.2012097,10386,CA
0.9,Other,33.097703,-117.2012097,10386,CA
0.9,Other,32.857709,-117.028847,10387,CA
0.9,Other,32.857709,-117.028847,10387,CA
0.5,Other,37.4567,-121.9419,10388,CA
0.5,Other,37.4567,-121.9419,10388,CA
0.5,Other,37.4567,-121.9419,10388,CA
0.5,Other,37.4567,-121.9419,10388,CA
1.1,Other,37.4567,-121.9419,10389,CA
1.1,Other,37.4567,-121.9419,10389,CA
1.1,Other,37.4567,-121.9419,10389,CA
0.5,Other,37.2147,-121.9019,10390,CA
0.5,Other,37.2147,-121.9019,10390,CA
0.5,Other,37.2147,-121.9019,10390,CA
1.1,Other,37.2147,-121.9019,10390,CA
0.5,Other,37.4944,-122.1694,10391,CA
0.5,Other,37.4944,-122.1694,10391,CA
0.5,Other,37.4944,-122.1694,10391,CA
0.5,Other,37.4944,-122.1694,10391,CA
0.8,Other,38.1419,-122.2439,10392,CA
0.8,Other,38.1419,-122.2439,10392,CA
20,Other,33.613,-117.8219,10395,CA
12.5,Natural Gas,41.663765,-87.452325,10397,IN
12.5,Natural Gas,41.663765,-87.452325,10397,IN
32,Natural Gas,41.663765,-87.452325,10397,IN
40,Natural Gas,41.663765,-87.452325,10397,IN
55,Natural Gas,41.663765,-87.452325,10397,IN
10,Natural Gas,41.4739,-81.6728,10398,OH
10,Natural Gas,41.4739,-81.6728,10398,OH
15,Natural Gas,41.4739,-81.6728,10398,OH
10,Natural Gas,41.4739,-81.6728,10398,OH
9.5,Natural Gas,41.7396861,-87.5544182,10399,IL
3.8,Natural Gas,41.72086,-87.692,10400,IL
23.8,Coal,19.860001,-155.1062169,10401,HI
3,Natural Gas,42.2751063,-78.6728426,10403,NY
0.4,Natural Gas,42.2751063,-78.6728426,10403,NY
0.4,Natural Gas,42.2751063,-78.6728426,10403,NY
2,Natural Gas,42.2751063,-78.6728426,10403,NY
2.5,Other,42.0542919,-71.845274,10404,MA
23.1,Natural Gas,36.5397,-119.5794,10405,CA
13.1,Natural Gas,36.5397,-119.5794,10405,CA
8.3,Natural Gas,41.6540802,-87.7167186,10406,IL
1.8,Natural Gas,42.2497,-71.8094,10408,MA
1.1,Hydroelectric,21.936075,-159.528581,10412,HI
1.8,Hydroelectric,22.196292,-159.556142,10413,HI
1.8,Hydroelectric,22.196292,-159.556142,10413,HI
5,Natural Gas,30.5958,-87.2525,10416,FL
5,Natural Gas,30.5958,-87.2525,10416,FL
6,Natural Gas,30.5958,-87.2525,10416,FL
86,Natural Gas,30.5958,-87.2525,10416,FL
5.7,Coal,42.156898,-72.524153,10417,MA
6,Natural Gas,29.2558,-95.2103,10418,TX
1.2,Natural Gas,29.2558,-95.2103,10418,TX
2,Natural Gas,29.2558,-95.2103,10418,TX
46.1,Natural Gas,29.2558,-95.2103,10418,TX
1.8,Hydroelectric,39.6208,-106.0662,10421,CO
3,Hydroelectric,40.035,-106.2053,10422,CO
5.5,Hydroelectric,39.4616,-105.677,10423,CO
48,Other,30.2178,-93.7422,10425,TX
7.5,Other,34.2528,-85.3275,10426,GA
5,Other,34.2528,-85.3275,10426,GA
5,Other,34.2528,-85.3275,10426,GA
22,Other,34.2528,-85.3275,10426,GA
38.4,Other,34.2528,-85.3275,10426,GA
34,Natural Gas,34.045361,-117.540193,10427,CA
11,Coal,38.597755,-90.210671,10430,MO
11,Coal,38.597755,-90.210671,10430,MO
4.1,Coal,38.597755,-90.210671,10430,MO
8.6,Natural Gas,30.43424,-81.645351,10431,FL
0.5,Hydroelectric,41.944653,-75.617823,10433,PA
0.5,Hydroelectric,41.944653,-75.617823,10433,PA
0.5,Hydroelectric,41.944653,-75.617823,10433,PA
10,Other,27.833642,-82.051937,10434,FL
58.5,Other,27.833642,-82.051937,10434,FL
17.5,Other,39.9092,-75.1169,10435,NJ
17.5,Other,39.9092,-75.1169,10435,NJ
14.5,Natural Gas,29.753517,-94.997277,10436,TX
15.2,Natural Gas,29.753517,-94.997277,10436,TX
17.2,Natural Gas,29.753517,-94.997277,10436,TX
36.5,Natural Gas,29.753517,-94.997277,10436,TX
20,Natural Gas,29.753517,-94.997277,10436,TX
20,Natural Gas,29.753517,-94.997277,10436,TX
20,Natural Gas,29.753517,-94.997277,10436,TX
20,Natural Gas,29.753517,-94.997277,10436,TX
36.5,Natural Gas,29.753517,-94.997277,10436,TX
7.5,Natural Gas,29.753517,-94.997277,10436,TX
7.5,Natural Gas,29.753517,-94.997277,10436,TX
13.8,Solar,34.8621,-116.8281,10437,CA
30,Solar,34.8659,-116.8251,10438,CA
30,Solar,35.00694,-117.555768,10439,CA
30,Solar,35.012166,-117.555672,10440,CA
30,Solar,35.01948,-117.55553,10441,CA
30,Solar,35.020981,-117.566079,10442,CA
30,Solar,35.014836,-117.565903,10443,CA
92,Solar,35.0308,-117.3563,10444,CA
108.2,Solar,35.033,-117.338,10446,CA
0.2,Hydroelectric,45.8881,-92.31,10453,WI
1.6,Hydroelectric,45.8881,-92.31,10453,WI
1.6,Hydroelectric,45.8881,-92.31,10453,WI
3,Natural Gas,42.705922,-71.1558989,10454,MA
29.9,Hydroelectric,40.990868,-121.497913,10458,CA
55.5,Coal,44.03647,-75.77204,10464,NY
7.5,Other,44.3989,-89.9403,10466,WI
8.3,Other,44.3989,-89.9403,10466,WI
5,Other,44.3989,-89.9403,10466,WI
3.3,Hydroelectric,42.787575,-73.691676,10467,NY
12.2,Other,38.762968,-122.692915,10469,CA
12.2,Other,38.762968,-122.692915,10469,CA
10.6,Other,34.0408,-117.8217,10471,CA
50,Other,34.0233,-118.0241,10472,CA
2.8,Other,34.0233,-118.0241,10472,CA
13,Other,33.7925606,-118.3505836,10473,CA
67.5,Coal,41.6578879,-87.4371134,10474,IN
67.5,Coal,41.6578879,-87.4371134,10474,IN
15,Natural Gas,41.6836,-87.4233,10475,IN
3.1,Coal,44.48873,-89.572821,10476,WI
32,Other,44.3953,-89.826,10477,WI
40.3,Other,44.3953,-89.826,10477,WI
20.9,Natural Gas,34.463896,-118.593991,10478,CA
7.4,Natural Gas,34.463896,-118.593991,10478,CA
5,Other,37.6455,-118.9096,10479,CA
5,Other,37.6455,-118.9096,10479,CA
5,Other,37.6455,-118.9096,10479,CA
5,Other,37.6451,-118.9143,10480,CA
5,Other,37.6451,-118.9143,10480,CA
5,Other,37.6464,-118.9092,10481,CA
5,Other,37.6464,-118.9092,10481,CA
5,Other,37.6464,-118.9092,10481,CA
5,Other,37.6464,-118.9092,10481,CA
5,Other,37.6464,-118.9092,10481,CA
5,Other,37.6464,-118.9092,10481,CA
25,Natural Gas,42.799118,-78.843341,10484,NY
30,Natural Gas,39.213,-76.4729,10485,MD
30,Natural Gas,39.213,-76.4729,10485,MD
30,Natural Gas,39.213,-76.4729,10485,MD
30,Natural Gas,39.213,-76.4729,10485,MD
4,Natural Gas,48.6067,-93.4066,10486,MN
4,Natural Gas,48.6067,-93.4066,10486,MN
7.5,Natural Gas,48.6067,-93.4066,10486,MN
7.5,Natural Gas,48.6067,-93.4066,10486,MN
6.2,Natural Gas,48.6067,-93.4066,10486,MN
2.2,Hydroelectric,48.608054,-93.404313,10487,MN
2.2,Hydroelectric,48.608054,-93.404313,10487,MN
2.2,Hydroelectric,48.608054,-93.404313,10487,MN
2.2,Hydroelectric,48.608054,-93.404313,10487,MN
2.2,Hydroelectric,48.608054,-93.404313,10487,MN
1.6,Hydroelectric,48.608054,-93.404313,10487,MN
1.6,Hydroelectric,48.608054,-93.404313,10487,MN
61.5,Other,30.8606,-93.3756,10488,LA
14,Other,43.8787351,-116.4996828,10489,ID
1.5,Hydroelectric,43.8850589,-75.4337444,10490,NY
12.5,Other,44.546503,-70.544286,10491,ME
7.6,Hydroelectric,44.5486,-70.6283,10493,ME
7.6,Hydroelectric,44.5486,-70.6283,10493,ME
7.2,Hydroelectric,44.5486,-70.6283,10493,ME
4,Hydroelectric,44.5486,-70.6283,10493,ME
6.4,Hydroelectric,44.5486,-70.6283,10493,ME
6.4,Hydroelectric,44.5486,-70.6283,10493,ME
1.8,Hydroelectric,44.9108,-72.9736,10494,VT
1.8,Hydroelectric,44.9108,-72.9736,10494,VT
0.2,Hydroelectric,44.9108,-72.9736,10494,VT
10.2,Hydroelectric,44.9108,-72.9736,10494,VT
10.2,Hydroelectric,44.9108,-72.9736,10494,VT
1,Hydroelectric,44.9108,-72.9736,10494,VT
102,Coal,44.5513,-70.5414,10495,ME
75,Natural Gas,35.4515,-118.9849,10496,CA
75,Natural Gas,35.4515,-118.9849,10496,CA
75,Natural Gas,35.4515,-118.9849,10496,CA
75,Natural Gas,35.4515,-118.9849,10496,CA
1.5,Other,41.9939,-87.699722,10498,IL
1.5,Other,37.9161346,-95.1700843,10499,KS
1.5,Other,37.9161346,-95.1700843,10499,KS
39.1,Natural Gas,35.19456,-119.57097,10501,CA
23,Other,37.719939,-121.48867,10502,CA
14.4,Other,43.3056,-73.591447,10503,NY
1.5,Coal,42.5328,-114.4328,10504,ID
2.5,Coal,42.5328,-114.4328,10504,ID
6.2,Coal,42.5328,-114.4328,10504,ID
2.4,Hydroelectric,43.3084,-73.6376,10511,NY
2,Hydroelectric,43.3084,-73.6376,10511,NY
2.2,Hydroelectric,43.3084,-73.6376,10511,NY
2.4,Hydroelectric,43.3084,-73.6376,10511,NY
2.8,Hydroelectric,43.3084,-73.6376,10511,NY
29,Natural Gas,43.3084,-73.6376,10511,NY
1.7,Coal,36.8053,-76.2833,10515,VA
0.2,Hydroelectric,43.403087,-70.98647,10519,NH
0.4,Hydroelectric,43.403087,-70.98647,10519,NH
0.3,Hydroelectric,43.403087,-70.98647,10519,NH
0.5,Hydroelectric,43.403087,-70.98647,10519,NH
1.6,Hydroelectric,41.387792,-88.789656,10520,IL
1,Hydroelectric,41.387792,-88.789656,10520,IL
1,Hydroelectric,41.387792,-88.789656,10520,IL
1.5,Natural Gas,41.0772,-74.0181,10521,NY
8.3,Natural Gas,41.0772,-74.0181,10521,NY
8.3,Natural Gas,41.0772,-74.0181,10521,NY
2.2,Natural Gas,41.0772,-74.0181,10521,NY
3.1,Natural Gas,41.0772,-74.0181,10521,NY
28.4,Natural Gas,42.670812,-71.5773172,10522,MA
13.4,Natural Gas,42.670812,-71.5773172,10522,MA
3.5,Hydroelectric,44.580175,-69.55452,10523,ME
0.7,Hydroelectric,44.580175,-69.55452,10523,ME
50,Other,35.130193,-77.167883,10525,NC
5,Hydroelectric,44.2081,-72.0581,10526,NH
4,Natural Gas,43.0311564,-74.8750862,10529,NY
0.5,Natural Gas,43.0311564,-74.8750862,10529,NY
1,Hydroelectric,43.289874,-73.665834,10530,NY
1,Hydroelectric,43.289874,-73.665834,10530,NY
1,Hydroelectric,43.289874,-73.665834,10530,NY
1,Hydroelectric,43.289874,-73.665834,10530,NY
1,Hydroelectric,43.289874,-73.665834,10530,NY
4,Hydroelectric,43.9767,-75.9072,10531,NY
5,Hydroelectric,43.9767,-75.9072,10531,NY
0.8,Other,42.805,-84.7075,10532,MI
0.8,Other,42.805,-84.7075,10532,MI
0.8,Other,42.805,-84.7075,10532,MI
0.8,Other,42.805,-84.7075,10532,MI
0.8,Other,42.805,-84.7075,10532,MI
0.5,Hydroelectric,44.003984,-76.041277,10538,NY
0.5,Hydroelectric,44.003984,-76.041277,10538,NY
0.2,Hydroelectric,44.003984,-76.041277,10538,NY
0.2,Hydroelectric,44.003984,-76.041277,10538,NY
0.2,Hydroelectric,44.003984,-76.041277,10538,NY
1.3,Hydroelectric,44.003984,-76.041277,10538,NY
1.3,Hydroelectric,44.003984,-76.041277,10538,NY
1,Hydroelectric,44.21742,-75.795173,10539,NY
0.3,Hydroelectric,44.21742,-75.795173,10539,NY
0.4,Hydroelectric,43.978626,-75.886102,10540,NY
0.4,Hydroelectric,43.978626,-75.886102,10540,NY
0.4,Hydroelectric,43.978626,-75.886102,10540,NY
0.8,Hydroelectric,44.311681,-75.444992,10544,NY
0.6,Hydroelectric,44.311681,-75.444992,10544,NY
1.5,Hydroelectric,43.899745,-75.660268,10545,NY
1.5,Hydroelectric,43.899745,-75.660268,10545,NY
0.3,Hydroelectric,43.899745,-75.660268,10545,NY
0.4,Hydroelectric,40.744105,-80.317839,10546,PA
0.4,Hydroelectric,40.744105,-80.317839,10546,PA
0.4,Hydroelectric,40.744105,-80.317839,10546,PA
1.2,Hydroelectric,44.522043,-75.188108,10547,NY
3.5,Hydroelectric,44.522043,-75.188108,10547,NY
3.5,Hydroelectric,44.522043,-75.188108,10547,NY
6,Natural Gas,37.336113,-121.878332,10548,CA
0.7,Other,41.4045746,-74.3761097,10549,NY
0.7,Other,41.4045746,-74.3761097,10549,NY
0.7,Other,41.4045746,-74.3761097,10549,NY
0.7,Other,41.4045746,-74.3761097,10549,NY
1.5,Other,41.4045746,-74.3761097,10549,NY
0.8,Other,41.4045746,-74.3761097,10549,NY
0.8,Other,41.4045746,-74.3761097,10549,NY
1.8,Hydroelectric,35.394254,-81.201002,10550,NC
3,Other,40.8350155,-74.0126149,10552,NJ
0.1,Other,42.4708,-72.7169,10553,MA
0.3,Other,42.4708,-72.7169,10553,MA
0.3,Other,42.4708,-72.7169,10553,MA
0.3,Other,42.4708,-72.7169,10553,MA
36.2,Natural Gas,28.6917,-96.5417,10554,TX
33.5,Natural Gas,28.6917,-96.5417,10554,TX
66.3,Natural Gas,28.6917,-96.5417,10554,TX
55,Natural Gas,28.6917,-96.5417,10554,TX
82.5,Natural Gas,28.6917,-96.5417,10554,TX
82.5,Natural Gas,28.6917,-96.5417,10554,TX
82.5,Natural Gas,28.6917,-96.5417,10554,TX
82.5,Natural Gas,28.6917,-96.5417,10554,TX
82.5,Natural Gas,28.6917,-96.5417,10554,TX
85.9,Natural Gas,28.6917,-96.5417,10554,TX
3.6,Hydroelectric,45.6603,-69.812168,10555,ME
7.5,Hydroelectric,42.652454,-71.322383,10556,MA
7.5,Hydroelectric,42.652454,-71.322383,10556,MA
7.9,Hydroelectric,42.652454,-71.322383,10556,MA
0.6,Other,40.3689797,-76.4928367,10557,PA
0.6,Other,40.3689797,-76.4928367,10557,PA
5,Other,31.6593,-81.8439,10560,GA
5,Other,31.6593,-81.8439,10560,GA
7.5,Other,31.6593,-81.8439,10560,GA
7.5,Other,31.6593,-81.8439,10560,GA
30,Other,31.6593,-81.8439,10560,GA
27,Other,31.6593,-81.8439,10560,GA
5,Other,30.6612,-81.473,10562,FL
7.5,Other,30.6612,-81.473,10562,FL
20,Other,30.6612,-81.473,10562,FL
285,Coal,39.693494,-75.485811,10566,NJ
40,Natural Gas,41.9227,-72.6255,10567,CT
16,Natural Gas,41.9227,-72.6255,10567,CT
38.4,Natural Gas,29.964938,-93.891283,10568,TX
1.5,Other,32.273182,-101.422436,10569,TX
3,Hydroelectric,44.786648,-71.12433,10570,NH
28.7,Wind,37.7056849,-121.7185647,10581,CA
59.6,Wind,35.075,-118.3158,10586,CA
12.1,Other,30.2012,-93.1269,10593,LA
1.5,Other,30.2012,-93.1269,10593,LA
0.2,Other,30.2129338,-90.9975597,10596,LA
26,Natural Gas,30.2129338,-90.9975597,10596,LA
38.8,Natural Gas,30.2129338,-90.9975597,10596,LA
38.8,Natural Gas,30.2129338,-90.9975597,10596,LA
31.1,Wind,35.0697,-118.3167,10597,CA
3,Natural Gas,32.765,-117.1639,10600,CA
34,Other,33.77697,-118.22821,10601,CA
3.5,Natural Gas,34.317642,-119.3655687,10602,CA
57.6,Coal,40.455,-78.7472,10603,PA
4,Other,20.867453,-156.453958,10604,HI
12,Other,20.867453,-156.453958,10604,HI
10,Other,20.867453,-156.453958,10604,HI
20,Other,20.867453,-156.453958,10604,HI
16.1,Other,20.867453,-156.453958,10604,HI
9.2,Other,31.175406,-81.521637,10605,GA
50,Other,31.175406,-81.521637,10605,GA
13,Other,31.175406,-81.521637,10605,GA
28,Other,33.1421,-91.975,10606,AR
30,Other,33.1421,-91.975,10606,AR
34,Other,33.1421,-91.975,10606,AR
5,Other,39.4457266,-123.8041761,10607,CA
5,Other,39.4457266,-123.8041761,10607,CA
5,Other,39.4457266,-123.8041761,10607,CA
2.2,Hydroelectric,44.4122,-71.7228,10608,VT
1,Hydroelectric,44.4122,-71.7228,10608,VT
0.8,Hydroelectric,44.4122,-71.7228,10608,VT
0.8,Hydroelectric,44.4122,-71.7228,10608,VT
4,Other,44.4122,-71.7228,10608,VT
25,Other,31.6285,-90.0809,10610,MS
25,Other,31.6285,-90.0809,10610,MS
7.5,Other,29.6807,-81.6809,10611,FL
5,Other,29.6807,-81.6809,10611,FL
48,Other,29.6807,-81.6809,10611,FL
27,Other,29.6807,-81.6809,10611,FL
67.7,Natural Gas,30.6547,-91.28,10612,LA
3,Hydroelectric,45.1554,-67.4012,10613,ME
1.2,Hydroelectric,45.1554,-67.4012,10613,ME
3,Hydroelectric,45.1554,-67.4012,10613,ME
3.3,Hydroelectric,45.1554,-67.4012,10613,ME
0.8,Hydroelectric,45.1554,-67.4012,10613,ME
0.8,Hydroelectric,45.1554,-67.4012,10613,ME
0.8,Hydroelectric,45.1554,-67.4012,10613,ME
1.6,Hydroelectric,45.1554,-67.4012,10613,ME
2,Hydroelectric,45.1554,-67.4012,10613,ME
2,Hydroelectric,45.1554,-67.4012,10613,ME
20,Other,45.1554,-67.4012,10613,ME
28.3,Other,45.1554,-67.4012,10613,ME
28,Natural Gas,40.5621719,-75.08863,10616,NJ
5,Natural Gas,40.5621719,-75.08863,10616,NJ
3.5,Natural Gas,40.5621719,-75.08863,10616,NJ
65.5,Natural Gas,43.8861,-75.4342,10617,NY
42.3,Natural Gas,43.8861,-75.4342,10617,NY
37.7,Natural Gas,43.299024,-73.632761,10618,NY
22,Natural Gas,43.299024,-73.632761,10618,NY
40.9,Natural Gas,43.9842,-75.6225,10620,NY
22,Natural Gas,43.9842,-75.6225,10620,NY
65.5,Natural Gas,43.0664,-76.2144,10621,NY
37.2,Natural Gas,43.0664,-76.2144,10621,NY
22.1,Natural Gas,34.0564,-118.2436,10623,CA
12.4,Natural Gas,34.0564,-118.2436,10623,CA
25.8,Natural Gas,33.981307,-118.1651324,10624,CA
7,Other,33.981307,-118.1651324,10624,CA
7.5,Coal,35.4994967,-80.623132,10626,NC
15,Coal,35.4994967,-80.623132,10626,NC
40,Other,34.221213,-91.907365,10627,AR
20,Other,34.221213,-91.907365,10627,AR
25,Other,34.221213,-91.907365,10627,AR
4,Coal,42.1222652,-80.0792838,10628,PA
7.5,Coal,42.1222652,-80.0792838,10628,PA
19,Coal,42.1222652,-80.0792838,10628,PA
14,Coal,42.1222652,-80.0792838,10628,PA
60.2,Other,39.266041,-76.629653,10629,MD
4.3,Other,39.266041,-76.629653,10629,MD
35.8,Other,33.1779,-115.565,10631,CA
35.8,Other,33.1646,-115.616,10632,CA
101,Natural Gas,37.291667,-77.281111,10633,VA
101,Natural Gas,37.291667,-77.281111,10633,VA
101,Natural Gas,37.291667,-77.281111,10633,VA
96,Natural Gas,37.291667,-77.281111,10633,VA
35.8,Other,33.1777,-115.6033,10634,CA
47,Natural Gas,33.8827,-117.5565,10635,CA
6.5,Natural Gas,29.7172,-95.1908,10638,TX
23.4,Natural Gas,30.0300284,-89.9012528,10639,LA
7.8,Natural Gas,30.0300284,-89.9012528,10639,LA
60,Coal,37.9119,-121.2611,10640,CA
98,Coal,40.474167,-78.7014,10641,PA
78.6,Other,40.7389,-73.5906,10642,NY
34.9,Other,40.7376,-74.1255,10643,NJ
34.9,Other,40.7376,-74.1255,10643,NJ
16.9,Other,41.475,-72.0688,10646,CT
1.8,Other,33.9056,-117.8439,10648,CA
1.8,Other,33.9056,-117.8439,10648,CA
1.8,Other,33.9056,-117.8439,10648,CA
46,Natural Gas,35.419181,-118.926643,10649,CA
46,Natural Gas,35.483736,-119.029856,10650,CA
31,Other,40.879719,-121.720342,10652,CA
1.5,Natural Gas,41.5894,-93.635,10655,IA
1.5,Natural Gas,41.5894,-93.635,10655,IA
0.5,Natural Gas,41.5894,-93.635,10655,IA
0.3,Hydroelectric,41.8203,-86.2592,10656,MI
0.4,Hydroelectric,41.8203,-86.2592,10656,MI
0.4,Hydroelectric,41.8203,-86.2592,10656,MI
0.2,Hydroelectric,41.8203,-86.2592,10656,MI
1.6,Hydroelectric,40.3027163,-110.2221617,10660,UT
12,Other,40.303422,-121.244431,10661,CA
184,Other,29.716552,-95.227356,10670,TX
175,Coal,35.1931,-94.6458,10671,OK
175,Coal,35.1931,-94.6458,10671,OK
292,Coal,30.4225,-81.6064,10672,FL
203,Coal,21.303419,-158.106528,10673,HI
213.9,Coal,41.2607,-72.055,10675,CT
35,Coal,40.657218,-80.353929,10676,PA
114,Coal,40.657218,-80.353929,10676,PA
60,Natural Gas,34.3801,-118.4999,10677,CA
60,Natural Gas,34.3801,-118.4999,10677,CA
30,Natural Gas,34.3801,-118.4999,10677,CA
229,Coal,39.595171,-78.745333,10678,MD
25,Natural Gas,40.2415,-103.631,10682,CO
25,Natural Gas,40.2415,-103.631,10682,CO
38,Natural Gas,40.2415,-103.631,10682,CO
37,Natural Gas,40.2419328,-103.6266934,10683,CO
37,Natural Gas,40.2419328,-103.6266934,10683,CO
27.5,Coal,35.765,-117.3833,10684,CA
27.5,Coal,35.765,-117.3833,10684,CA
20,Natural Gas,35.7075,-117.3956,10685,CA
15,Other,47.234825,-93.537169,10686,MN
16.5,Other,47.234825,-93.537169,10686,MN
1.9,Hydroelectric,47.234825,-93.537169,10686,MN
1.6,Hydroelectric,43.591246,-75.344207,10687,NY
2.2,Hydroelectric,43.591246,-75.344207,10687,NY
1.9,Hydroelectric,43.591246,-75.344207,10687,NY
85.3,Natural Gas,30.489722,-91.187222,10690,LA
37.3,Natural Gas,29.759124,-95.009648,10692,TX
37.3,Natural Gas,29.759124,-95.009648,10692,TX
37.3,Natural Gas,29.759124,-95.009648,10692,TX
100,Natural Gas,29.759124,-95.009648,10692,TX
165,Natural Gas,29.759124,-95.009648,10692,TX
1.9,Other,38.159,-75.704,10693,MD
1.9,Other,38.159,-75.704,10693,MD
1,Other,38.159,-75.704,10693,MD
1,Other,38.159,-75.704,10693,MD
0.8,Hydroelectric,42.163378,-72.827509,10694,MA
0.8,Hydroelectric,42.163378,-72.827509,10694,MA
45,Natural Gas,30.7108,-91.3236,10697,LA
12.5,Other,30.7108,-91.3236,10697,LA
10,Natural Gas,42.306809,-85.578969,10698,MI
1.8,Natural Gas,42.306809,-85.578969,10698,MI
15.6,Other,32.2268,-88.0252,10699,AL
15.6,Other,32.2268,-88.0252,10699,AL
47.1,Other,32.2268,-88.0252,10699,AL
3.5,Other,44.918063,-68.63554,10700,ME
3,Other,44.918063,-68.63554,10700,ME
12.5,Other,44.918063,-68.63554,10700,ME
9.5,Natural Gas,44.918063,-68.63554,10700,ME
16,Other,44.918063,-68.63554,10700,ME
6.5,Natural Gas,44.599034,-71.512691,10701,NH
7.2,Natural Gas,44.599034,-71.512691,10701,NH
3,Hydroelectric,40.8579,-121.7225,10706,CA
5,Hydroelectric,40.8713,-121.9487,10707,CA
1.1,Hydroelectric,40.7576,-121.4145,10708,CA
1.1,Hydroelectric,40.4579,-121.8427,10709,CA
11.6,Wind,33.92194,-116.56222,10718,CA
0.8,Natural Gas,32.820011,-117.142126,10720,CA
0.8,Natural Gas,32.820011,-117.142126,10720,CA
0.8,Natural Gas,32.820011,-117.142126,10720,CA
0.8,Natural Gas,32.820011,-117.142126,10720,CA
3.7,Other,42.2947,-84.384,10722,MI
83,Natural Gas,42.5744,-73.8592,10725,NY
12,Natural Gas,42.5744,-73.8592,10725,NY
83,Natural Gas,42.5744,-73.8592,10725,NY
83,Natural Gas,42.5744,-73.8592,10725,NY
96.6,Natural Gas,42.5744,-73.8592,10725,NY
87,Natural Gas,42.15763,-72.5225,10726,MA
87,Natural Gas,42.15763,-72.5225,10726,MA
72,Natural Gas,42.15763,-72.5225,10726,MA
1.6,Hydroelectric,44.0867,-70.2297,10728,ME
25,Coal,35.082107,-90.134776,10729,TN
4.8,Natural Gas,35.082107,-90.134776,10729,TN
12.5,Other,41.186,-76.8316,10731,PA
7.5,Other,41.821537,-87.750434,10732,IL
9,Natural Gas,34.94434,-120.45791,10733,CA
4.1,Hydroelectric,43.561001,-116.121269,10735,ID
2,Other,29.9255971,-91.6766749,10736,LA
1.2,Hydroelectric,42.50136,-120.98944,10737,OR
13,Wind,37.8453,-121.7272,10738,CA
3,Other,40.488484,-84.3183,10739,OH
0.7,Other,40.488484,-84.3183,10739,OH
3,Hydroelectric,43.2547,-114.3569,10740,ID
3,Hydroelectric,43.2547,-114.3569,10740,ID
3,Hydroelectric,43.2547,-114.3569,10740,ID
129,Natural Gas,29.6255,-95.067,10741,TX
129,Natural Gas,29.6255,-95.067,10741,TX
129,Natural Gas,29.6255,-95.067,10741,TX
59,Natural Gas,29.6255,-95.067,10741,TX
19.2,Natural Gas,29.6255,-95.067,10741,TX
68.9,Coal,39.6397,-79.960556,10743,WV
5.2,Other,43.5861,-84.2242,10745,MI
13.4,Natural Gas,43.5861,-84.2242,10745,MI
87.1,Natural Gas,43.5861,-84.2242,10745,MI
87.1,Natural Gas,43.5861,-84.2242,10745,MI
87.1,Natural Gas,43.5861,-84.2242,10745,MI
87.1,Natural Gas,43.5861,-84.2242,10745,MI
87.1,Natural Gas,43.5861,-84.2242,10745,MI
87.1,Natural Gas,43.5861,-84.2242,10745,MI
87.1,Natural Gas,43.5861,-84.2242,10745,MI
87.1,Natural Gas,43.5861,-84.2242,10745,MI
87.1,Natural Gas,43.5861,-84.2242,10745,MI
87.1,Natural Gas,43.5861,-84.2242,10745,MI
87.1,Natural Gas,43.5861,-84.2242,10745,MI
87.1,Natural Gas,43.5861,-84.2242,10745,MI
410,Natural Gas,43.5861,-84.2242,10745,MI
380,Natural Gas,43.5861,-84.2242,10745,MI
90,Other,39.8265,-75.3882,10746,PA
0.9,Other,36.7131,-121.7686,10748,CA
0.8,Other,36.7131,-121.7686,10748,CA
1,Other,36.7131,-121.7686,10748,CA
0.9,Other,36.7131,-121.7686,10748,CA
95.2,Natural Gas,39.9175,-75.1192,10751,NJ
61.8,Natural Gas,39.9175,-75.1192,10751,NJ
3.8,Hydroelectric,43.849029,-73.420701,10752,NY
5.2,Hydroelectric,43.843869,-73.431207,10753,NY
15.3,Natural Gas,39.5173,-107.7299,10755,CO
15,Natural Gas,39.5173,-107.7299,10755,CO
39,Natural Gas,39.5173,-107.7299,10755,CO
39,Natural Gas,39.5173,-107.7299,10755,CO
53.9,Other,33.158153,-115.638656,10759,CA
49.8,Natural Gas,36.2319,-115.1222,10761,NV
11.5,Natural Gas,36.2319,-115.1222,10761,NV
20,Other,32.7757,-115.2637,10763,CA
13.8,Other,40.8786,-123.9942,10764,CA
27.5,Other,44.6781,-67.5477,10765,ME
27.5,Other,45.2537,-68.62792,10766,ME
28,Other,36.688915,-119.723218,10767,CA
38.2,Coal,35.7415,-119.0512,10768,CA
38.2,Coal,35.547452,-119.07536,10769,CA
71.1,Coal,37.297834,-77.282982,10771,VA
27.9,Other,38.8319,-121.313652,10772,CA
71.1,Coal,37.118674,-79.273551,10773,VA
71.1,Coal,36.6525,-76.9953,10774,VA
48.5,Natural Gas,34.1958,-119.1664,10776,CA
36.2,Other,40.368338,-120.264848,10777,CA
50,Coal,40.2954586,-111.7356009,10778,UT
0.2,Hydroelectric,42.945664,-114.795698,10781,ID
0.3,Hydroelectric,42.945664,-114.795698,10781,ID
0.8,Hydroelectric,42.945664,-114.795698,10781,ID
41.5,Coal,45.9752,-106.6547,10784,MT
1,Hydroelectric,34.702021,-82.462102,10787,SC
13.5,Natural Gas,38.2427522,-81.5516505,10788,WV
89.9,Natural Gas,30.0552,-93.7579,10789,TX
3.1,Natural Gas,30.0552,-93.7579,10789,TX
6.2,Natural Gas,30.0552,-93.7579,10789,TX
6.2,Natural Gas,30.0552,-93.7579,10789,TX
80,Natural Gas,28.675088,-96.956014,10790,TX
7.5,Coal,35.2588448,-77.5817167,10792,NC
7.5,Coal,35.2588448,-77.5817167,10792,NC
10,Coal,38.6311,-75.6261,10793,DE
10,Coal,38.6311,-75.6261,10793,DE
10,Coal,38.6311,-75.6261,10793,DE
5.5,Coal,34.2338,-80.6558,10795,SC
5.5,Coal,34.2338,-80.6558,10795,SC
19,Coal,34.2338,-80.6558,10795,SC
3,Coal,38.0649761,-78.881657,10796,VA
3,Coal,38.0649761,-78.881657,10796,VA
3,Coal,38.0649761,-78.881657,10796,VA
3.4,Coal,38.0649761,-78.881657,10796,VA
3,Coal,36.2574941,-86.6477748,10797,TN
1,Coal,36.2574941,-86.6477748,10797,TN
2,Hydroelectric,36.715103,-80.985621,10798,VA
0.8,Hydroelectric,36.715103,-80.985621,10798,VA
0.2,Hydroelectric,36.715103,-80.985621,10798,VA
2.4,Hydroelectric,36.715103,-80.985621,10798,VA
2,Hydroelectric,34.642371,-82.45444,10799,SC
3.3,Hydroelectric,34.616522,-82.447913,10800,SC
3,Hydroelectric,34.404006,-82.233581,10801,SC
3.2,Hydroelectric,34.404006,-82.233581,10801,SC
25,Natural Gas,42.639944,-71.322841,10802,MA
8.5,Natural Gas,42.639944,-71.322841,10802,MA
48.8,Natural Gas,44.7258,-75.4417,10803,NY
23.6,Natural Gas,44.7258,-75.4417,10803,NY
26.9,Natural Gas,44.7258,-75.4417,10803,NY
22,Natural Gas,40.6781,-74.2744,10805,NJ
6.8,Natural Gas,40.6781,-74.2744,10805,NJ
2.3,Hydroelectric,42.622513,-114.50093,10806,ID
4.8,Hydroelectric,42.836046,-114.267952,10807,ID
2.8,Hydroelectric,42.47711,-114.380118,10808,ID
1.9,Hydroelectric,42.620724,-114.531489,10809,ID
23,Natural Gas,32.7353,-117.2083,10810,CA
2.6,Natural Gas,32.7353,-117.2083,10810,CA
38.3,Natural Gas,32.679269,-117.122447,10811,CA
11.6,Natural Gas,32.679269,-117.122447,10811,CA
34.5,Natural Gas,32.70516,-117.189665,10812,CA
4,Natural Gas,32.70516,-117.189665,10812,CA
24,Wind,37.7581,-121.5253,10815,CA
0.5,Hydroelectric,43.585611,-75.338336,10817,NY
0.5,Hydroelectric,43.585611,-75.338336,10817,NY
23,Natural Gas,42.962672,-85.494071,10819,MI
10.1,Natural Gas,42.962672,-85.494071,10819,MI
0.4,Other,33.5244,-117.7092,10820,CA
0.4,Other,33.5244,-117.7092,10820,CA
0.4,Other,33.5244,-117.7092,10820,CA
38,Other,44.604921,-84.690578,10822,MI
6,Other,42.3497,-70.9601,10823,MA
6,Other,42.3497,-70.9601,10823,MA
0.2,Other,42.3497,-70.9601,10823,MA
26,Other,42.3497,-70.9601,10823,MA
26,Other,42.3497,-70.9601,10823,MA
1,Hydroelectric,42.3497,-70.9601,10823,MA
1,Hydroelectric,42.3497,-70.9601,10823,MA
17.5,Other,42.3497,-70.9601,10823,MA
3.5,Hydroelectric,42.38697,-71.802462,10824,MA
1.6,Hydroelectric,42.40439,-71.687218,10825,MA
1.6,Hydroelectric,42.40439,-71.687218,10825,MA
1.2,Hydroelectric,42.2831,-72.3431,10826,MA
0.7,Natural Gas,41.0702444,-73.8247089,10829,NY
0.7,Natural Gas,41.0702444,-73.8247089,10829,NY
0.7,Other,41.0702444,-73.8247089,10829,NY
1.6,Natural Gas,41.7010431,-71.1459501,10830,MA
1.6,Natural Gas,41.7010431,-71.1459501,10830,MA
3.8,Natural Gas,41.7010431,-71.1459501,10830,MA
28,Other,38.6905,-121.7371,10836,CA
28,Other,36.755896,-120.365422,10837,CA
16,Other,43.442871,-72.056,10838,NH
16,Other,44.358047,-71.5449,10839,NH
31.8,Other,35.7144,-119.2337,10840,CA
25.2,Other,35.7144,-119.2337,10840,CA
1.2,Hydroelectric,41.55998,-74.195154,10848,NY
0.8,Hydroelectric,41.55998,-74.195154,10848,NY
0.4,Hydroelectric,41.55998,-74.195154,10848,NY
50,Coal,47.286573,-91.260531,10849,MN
81.6,Coal,47.286573,-91.260531,10849,MN
41.1,Natural Gas,35.032045,-117.701247,10850,CA
16,Natural Gas,35.032045,-117.701247,10850,CA
2,Natural Gas,40.6532255,-75.1008533,10851,NJ
0.3,Hydroelectric,40.6532255,-75.1008533,10851,NJ
0.4,Hydroelectric,43.096677,-73.460172,10853,NY
0.4,Hydroelectric,43.096677,-73.460172,10853,NY
0.3,Hydroelectric,43.096677,-73.460172,10853,NY
20,Coal,41.1386,-92.6467,10855,IA
20,Coal,41.1386,-92.6467,10855,IA
3,Natural Gas,35.4175391,-82.5027093,10856,NC
2.7,Natural Gas,37.536072,-95.810698,10857,KS
1,Other,37.536072,-95.810698,10857,KS
0.4,Other,37.536072,-95.810698,10857,KS
2.5,Other,30.8310674,-83.2514466,10859,GA
7.5,Coal,41.8206,-90.2097,10860,IA
3.5,Coal,41.8206,-90.2097,10860,IA
9.4,Coal,41.8206,-90.2097,10860,IA
4,Coal,41.8206,-90.2097,10860,IA
7,Coal,41.8206,-90.2097,10860,IA
7.9,Coal,41.624438,-93.584515,10861,IA
7.9,Coal,40.866463,-96.614486,10862,NE
6.1,Coal,44.187066,-93.99242,10863,MN
4.4,Natural Gas,44.187066,-93.99242,10863,MN
31,Coal,41.9221,-91.6875,10864,IA
31,Coal,41.9221,-91.6875,10864,IA
31,Coal,41.9221,-91.6875,10864,IA
31,Coal,41.9221,-91.6875,10864,IA
31,Coal,41.9221,-91.6875,10864,IA
105,Coal,41.9221,-91.6875,10864,IA
31,Coal,39.870074,-88.890756,10865,IL
31,Coal,39.870074,-88.890756,10865,IL
31,Coal,39.870074,-88.890756,10865,IL
31,Coal,39.870074,-88.890756,10865,IL
31,Coal,39.870074,-88.890756,10865,IL
75,Coal,39.870074,-88.890756,10865,IL
1.5,Coal,40.677188,-89.604911,10866,IL
1.5,Coal,40.677188,-89.604911,10866,IL
4,Coal,40.677188,-89.604911,10866,IL
4,Coal,40.677188,-89.604911,10866,IL
4,Coal,40.677188,-89.604911,10866,IL
18,Natural Gas,40.677188,-89.604911,10866,IL
18,Natural Gas,40.677188,-89.604911,10866,IL
13,Natural Gas,40.677188,-89.604911,10866,IL
62,Coal,39.84919,-88.931944,10867,IL
10,Other,42.436111,-122.849958,10869,OR
15,Other,42.436111,-122.849958,10869,OR
72.5,Natural Gas,40.928161,-76.040929,10870,PA
33,Natural Gas,40.928161,-76.040929,10870,PA
33,Natural Gas,40.928161,-76.040929,10870,PA
33,Natural Gas,40.928161,-76.040929,10870,PA
1.6,Hydroelectric,43.917267,-75.633822,10872,NY
32.2,Other,36.0372,-117.7981,10873,CA
30,Other,36.0372,-117.7981,10873,CA
30,Other,36.0372,-117.7981,10873,CA
30,Other,36.0192,-117.7917,10874,CA
30,Other,36.0192,-117.7917,10874,CA
30,Other,36.0192,-117.7917,10874,CA
30,Other,36.0019,-117.7886,10875,CA
30,Other,36.0019,-117.7886,10875,CA
30,Other,36.0019,-117.7886,10875,CA
10,Other,33.158,-115.6475,10878,CA
11.5,Other,33.158,-115.6475,10879,CA
5,Other,33.158,-115.6475,10879,CA
3.5,Other,33.158,-115.6475,10879,CA
1.8,Hydroelectric,40.8014,-121.4481,10880,CA
2,Hydroelectric,40.882061,-121.948353,10881,CA
6.8,Hydroelectric,40.874144,-121.920428,10882,CA
12.5,Natural Gas,42.33685,-71.10815,10883,MA
12.5,Natural Gas,42.33685,-71.10815,10883,MA
6.8,Other,42.33685,-71.10815,10883,MA
6.8,Other,42.33685,-71.10815,10883,MA
6.8,Other,42.33685,-71.10815,10883,MA
6.8,Other,42.33685,-71.10815,10883,MA
6.8,Other,42.33685,-71.10815,10883,MA
6.8,Other,42.33685,-71.10815,10883,MA
11,Natural Gas,42.33685,-71.10815,10883,MA
11,Natural Gas,42.33685,-71.10815,10883,MA
2.8,Natural Gas,34.326242,-118.44477,10884,CA
2.8,Natural Gas,34.326242,-118.44477,10884,CA
44.2,Natural Gas,38.0137379,-121.775836,10886,CA
21,Natural Gas,38.0137379,-121.775836,10886,CA
1.7,Hydroelectric,42.9197,-76.5477,10902,NY
8,Hydroelectric,41.5697,-88.0789,10903,IL
8,Hydroelectric,41.5697,-88.0789,10903,IL
8,Hydroelectric,41.5697,-88.0789,10903,IL
8,Hydroelectric,41.5697,-88.0789,10903,IL
10.9,Wind,37.7392,-121.4322,50001,CA
40,Natural Gas,42.4564,-73.2181,50002,MA
40,Natural Gas,42.4564,-73.2181,50002,MA
40,Natural Gas,42.4564,-73.2181,50002,MA
60,Natural Gas,42.4564,-73.2181,50002,MA
46,Natural Gas,35.0968,-119.4299,50003,CA
102.8,Natural Gas,40.6322,-74.2156,50006,NJ
102.8,Natural Gas,40.6322,-74.2156,50006,NJ
102.8,Natural Gas,40.6322,-74.2156,50006,NJ
102.8,Natural Gas,40.6322,-74.2156,50006,NJ
102.8,Natural Gas,40.6322,-74.2156,50006,NJ
212.5,Natural Gas,40.6322,-74.2156,50006,NJ
102.8,Natural Gas,40.6322,-74.2156,50006,NJ
102.8,Natural Gas,40.6322,-74.2156,50006,NJ
102.8,Natural Gas,40.6322,-74.2156,50006,NJ
0.3,Hydroelectric,38.1483,-81.2147,50010,WV
0.3,Hydroelectric,38.1483,-81.2147,50010,WV
0.3,Hydroelectric,38.1483,-81.2147,50010,WV
0.3,Hydroelectric,38.1483,-81.2147,50010,WV
0.3,Hydroelectric,38.1483,-81.2147,50010,WV
0.3,Hydroelectric,38.1483,-81.2147,50010,WV
1.4,Hydroelectric,38.1483,-81.2147,50010,WV
1.4,Hydroelectric,38.1483,-81.2147,50010,WV
25.5,Hydroelectric,38.1478,-81.1753,50011,WV
25.5,Hydroelectric,38.1478,-81.1753,50011,WV
25.5,Hydroelectric,38.1478,-81.1753,50011,WV
25.5,Hydroelectric,38.1478,-81.1753,50011,WV
40,Coal,38.1366,-81.279,50012,WV
55.3,Other,37.2444,-121.7963,50024,CA
55,Natural Gas,27.8322,-97.5281,50026,TX
6,Natural Gas,32.486787,-92.149597,50028,LA
6,Natural Gas,32.486787,-92.149597,50028,LA
6,Natural Gas,32.486787,-92.149597,50028,LA
25,Natural Gas,32.486787,-92.149597,50028,LA
20,Natural Gas,32.486787,-92.149597,50028,LA
1.5,Hydroelectric,42.721326,-73.680608,50031,NY
1.5,Hydroelectric,42.721326,-73.680608,50031,NY
2.5,Hydroelectric,42.9044,-73.5625,50034,NY
5,Other,44.067792,-70.260831,50035,ME
18.7,Hydroelectric,39.6672,-80.8642,50036,WV
18.7,Hydroelectric,39.6672,-80.8642,50036,WV
7,Hydroelectric,35.43,-118.8222,50037,CA
7,Hydroelectric,35.43,-118.8222,50037,CA
57.5,Coal,40.873399,-75.993494,50039,PA
0.6,Natural Gas,41.8062618,-88.1964442,50040,IL
0.6,Natural Gas,41.8062618,-88.1964442,50040,IL
0.6,Natural Gas,41.8062618,-88.1964442,50040,IL
0.6,Natural Gas,41.8062618,-88.1964442,50040,IL
2.5,Coal,42.309555,-71.805218,50041,MA
3.1,Coal,42.309555,-71.805218,50041,MA
74,Natural Gas,29.7314,-95.0839,50043,TX
74,Natural Gas,29.7314,-95.0839,50043,TX
52,Natural Gas,29.7314,-95.0839,50043,TX
5,Natural Gas,40.0017666,-83.016856,50044,OH
3.1,Natural Gas,40.0017666,-83.016856,50044,OH
0.5,Hydroelectric,44.503704,-70.220971,50047,ME
0.5,Hydroelectric,44.503704,-70.220971,50047,ME
0.5,Hydroelectric,44.503704,-70.220971,50047,ME
0.5,Hydroelectric,44.503704,-70.220971,50047,ME
0.5,Hydroelectric,44.503704,-70.220971,50047,ME
0.6,Hydroelectric,44.503704,-70.220971,50047,ME
12.5,Other,40.4728,-124.1014,50049,CA
12.5,Other,40.4728,-124.1014,50049,CA
7.5,Other,40.4728,-124.1014,50049,CA
25.3,Other,44.7383,-68.8258,50051,ME
3.1,Natural Gas,29.721048,-95.39536,50054,TX
3.9,Natural Gas,29.721048,-95.39536,50054,TX
0.6,Natural Gas,32.8873915,-117.2453427,50057,CA
0.6,Natural Gas,32.8873915,-117.2453427,50057,CA
0.9,Other,38.8228,-76.7722,50060,MD
0.9,Other,38.8228,-76.7722,50060,MD
0.9,Other,38.8228,-76.7722,50060,MD
2.5,Natural Gas,32.778225,-117.070114,50061,CA
5.1,Natural Gas,32.778225,-117.070114,50061,CA
5.1,Natural Gas,32.778225,-117.070114,50061,CA
4.1,Natural Gas,32.778225,-117.070114,50061,CA
46,Natural Gas,37.8062,-121.2771,50062,CA
2.6,Natural Gas,36.9997,-122.0622,50064,CA
0.2,Natural Gas,36.9997,-122.0622,50064,CA
1.5,Natural Gas,38.3934515,-122.3662333,50065,CA
1.5,Natural Gas,38.3934515,-122.3662333,50065,CA
88.2,Other,38.7879,-122.7434,50066,CA
88.2,Other,38.7879,-122.7434,50066,CA
37.5,Natural Gas,35.6647,-101.4354,50067,TX
7.5,Other,35.9542,-119.0461,50068,CA
4.2,Natural Gas,32.7264324,-117.1739346,50070,CA
6.4,Natural Gas,32.7264324,-117.1739346,50070,CA
61,Other,26.771389,-80.141944,50071,FL
50.5,Natural Gas,39.8103,-75.4281,50074,PA
0.2,Hydroelectric,34.461667,-118.7511,50076,CA
1.1,Hydroelectric,34.461667,-118.7511,50076,CA
0.5,Other,42.2711,-83.5231,50077,MI
0.3,Other,42.2711,-83.5231,50077,MI
0.3,Other,42.2711,-83.5231,50077,MI
0.3,Other,42.2711,-83.5231,50077,MI
0.8,Hydroelectric,42.502473,-74.98356,50079,NY
0.6,Hydroelectric,42.502473,-74.98356,50079,NY
5.1,Hydroelectric,44.477807,-70.200759,50080,ME
5.1,Hydroelectric,44.477807,-70.200759,50080,ME
1.1,Hydroelectric,44.503431,-70.249137,50081,ME
1.1,Hydroelectric,44.503431,-70.249137,50081,ME
1.1,Hydroelectric,44.503431,-70.249137,50081,ME
1.1,Hydroelectric,44.503431,-70.249137,50081,ME
1.1,Hydroelectric,44.503431,-70.249137,50081,ME
1.1,Hydroelectric,44.503431,-70.249137,50081,ME
1.1,Hydroelectric,44.470511,-70.187333,50082,ME
1.1,Hydroelectric,44.470511,-70.187333,50082,ME
1.1,Hydroelectric,44.470511,-70.187333,50082,ME
1.2,Hydroelectric,44.470511,-70.187333,50082,ME
1.1,Hydroelectric,44.470511,-70.187333,50082,ME
0.7,Hydroelectric,44.470511,-70.187333,50082,ME
0.9,Hydroelectric,44.470511,-70.187333,50082,ME
1,Hydroelectric,44.470511,-70.187333,50082,ME
1,Hydroelectric,44.470511,-70.187333,50082,ME
2,Coal,46.7319225,-117.1542121,50083,WA
2.5,Natural Gas,42.279015,-71.759772,50087,MA
2.5,Natural Gas,42.279015,-71.759772,50087,MA
5,Natural Gas,42.279015,-71.759772,50087,MA
7.5,Coal,42.513608,-92.459122,50088,IA
1.5,Natural Gas,37.77656,-122.451878,50089,CA
1.3,Hydroelectric,48.947741,-117.795376,50091,WA
0.3,Hydroelectric,48.947741,-117.795376,50091,WA
1.7,Hydroelectric,44.909915,-74.085798,50093,NY
6,Natural Gas,40.2167,-74.7667,50094,NJ
6,Other,40.2167,-74.7667,50094,NJ
0.1,Hydroelectric,44.8622,-71.3042,50095,NH
0.6,Other,44.8622,-71.3042,50095,NH
0.7,Other,44.8622,-71.3042,50095,NH
1.2,Other,36.4952435,-84.5160438,50096,TN
1.2,Other,36.4952435,-84.5160438,50096,TN
6.2,Other,44.954853,-116.387134,50099,ID
7.5,Other,30.3419,-94.0656,50101,TX
32.6,Other,30.3419,-94.0656,50101,TX
17.6,Other,30.3419,-94.0656,50101,TX
1.7,Hydroelectric,43.128712,-71.459866,50103,NH
23,Natural Gas,37.6322,-122.3914,50104,CA
8,Natural Gas,37.6322,-122.3914,50104,CA
0.9,Hydroelectric,45.555833,-122.494722,50105,OR
0.9,Hydroelectric,45.555833,-122.494722,50105,OR
0.9,Hydroelectric,45.555833,-122.494722,50105,OR
0.9,Hydroelectric,45.555833,-122.494722,50105,OR
0.9,Hydroelectric,45.555833,-122.494722,50105,OR
0.9,Hydroelectric,45.555833,-122.494722,50105,OR
80,Natural Gas,33.6968,-95.5577,50109,TX
80,Natural Gas,33.6968,-95.5577,50109,TX
90,Natural Gas,33.6968,-95.5577,50109,TX
20,Other,40.8767,-121.7016,50110,CA
20,Other,39.6699,-120.2394,50111,CA
20,Other,39.941165,-120.909211,50112,CA
7.5,Other,39.941165,-120.909211,50112,CA
12.6,Other,40.4098403,-120.651671,50113,CA
1.6,Other,40.4098403,-120.651671,50113,CA
42,Natural Gas,35.0329,-117.701,50115,CA
3,Natural Gas,38.5409093,-121.7462685,50117,CA
1.5,Natural Gas,30.2867,-97.7356,50118,TX
1.5,Natural Gas,30.2867,-97.7356,50118,TX
2.5,Natural Gas,30.2867,-97.7356,50118,TX
7.6,Natural Gas,30.2867,-97.7356,50118,TX
6,Natural Gas,30.2867,-97.7356,50118,TX
12.5,Natural Gas,30.2867,-97.7356,50118,TX
28.8,Natural Gas,30.2867,-97.7356,50118,TX
48.5,Natural Gas,30.2867,-97.7356,50118,TX
25,Natural Gas,30.2867,-97.7356,50118,TX
17,Natural Gas,38.0417,-122.2583,50119,CA
17,Natural Gas,38.0417,-122.2583,50119,CA
17,Natural Gas,38.0417,-122.2583,50119,CA
4,Other,48.5486,-117.9122,50120,WA
12,Other,27.8175,-97.4814,50121,TX
28.6,Natural Gas,27.8175,-97.4814,50121,TX
28.6,Natural Gas,27.8175,-97.4814,50121,TX
7.5,Natural Gas,27.8175,-97.4814,50121,TX
1.2,Hydroelectric,42.712356,-73.957324,50123,NY
1.2,Hydroelectric,43.5933,-72.3506,50126,VT
0.6,Hydroelectric,43.5933,-72.3506,50126,VT
20,Natural Gas,33.8625,-98.5894,50127,TX
20,Natural Gas,33.8625,-98.5894,50127,TX
20,Natural Gas,33.8625,-98.5894,50127,TX
20,Natural Gas,33.8625,-98.5894,50127,TX
2.5,Hydroelectric,38.923556,-122.56668,50128,CA
1.4,Hydroelectric,39.0788,-122.535556,50129,CA
1.4,Hydroelectric,39.0788,-122.535556,50129,CA
0.9,Hydroelectric,39.0788,-122.535556,50129,CA
60,Coal,40.667318,-80.346196,50130,PA
60,Coal,40.667318,-80.346196,50130,PA
38.4,Natural Gas,36.1807,-120.3885,50131,CA
75,Natural Gas,35.452577,-118.985313,50134,CA
75,Natural Gas,35.452577,-118.985313,50134,CA
75,Natural Gas,35.452577,-118.985313,50134,CA
75,Natural Gas,35.452577,-118.985313,50134,CA
0.6,Natural Gas,40.6853,-73.4258,50136,NY
0.6,Natural Gas,40.6853,-73.4258,50136,NY
78.7,Natural Gas,29.2639,-95.8997,50137,TX
12.5,Natural Gas,29.2639,-95.8997,50137,TX
0.7,Natural Gas,41.9879395,-87.8147425,50140,IL
0.7,Natural Gas,41.9879395,-87.8147425,50140,IL
5,Other,32.574517,-94.373202,50141,TX
1.2,Natural Gas,35.3741136,-94.419774,50142,AR
1.2,Natural Gas,35.3741136,-94.419774,50142,AR
1,Natural Gas,35.3741136,-94.419774,50142,AR
1.2,Natural Gas,35.3741136,-94.419774,50142,AR
1.2,Natural Gas,35.3741136,-94.419774,50142,AR
1.2,Natural Gas,35.3741136,-94.419774,50142,AR
2.7,Coal,32.143989,-81.14655,50146,GA
3,Coal,32.143989,-81.14655,50146,GA
1,Coal,32.143989,-81.14655,50146,GA
5,Coal,32.143989,-81.14655,50146,GA
1.4,Hydroelectric,33.051,-117.175,50147,CA
25,Natural Gas,33.78856,-118.229392,50148,CA
6,Natural Gas,33.78856,-118.229392,50148,CA
15,Natural Gas,28.5105,-96.7706,50150,TX
35,Natural Gas,28.5105,-96.7706,50150,TX
15,Natural Gas,28.5105,-96.7706,50150,TX
35,Natural Gas,28.5105,-96.7706,50150,TX
6,Natural Gas,28.5105,-96.7706,50150,TX
35,Natural Gas,28.5105,-96.7706,50150,TX
15,Natural Gas,28.5105,-96.7706,50150,TX
12,Natural Gas,28.5105,-96.7706,50150,TX
6,Coal,38.3688,-81.6786,50151,WV
125.8,Natural Gas,29.9861,-90.4414,50152,LA
125.8,Natural Gas,29.9861,-90.4414,50152,LA
50,Natural Gas,29.9861,-90.4414,50152,LA
10,Natural Gas,29.9861,-90.4414,50152,LA
9.6,Natural Gas,29.9861,-90.4414,50152,LA
22,Natural Gas,29.9861,-90.4414,50152,LA
40,Natural Gas,29.37612,-94.946477,50153,TX
56,Natural Gas,29.37612,-94.946477,50153,TX
3.2,Hydroelectric,40.534454,-121.959109,50156,CA
1.2,Hydroelectric,43.6773,-84.3802,50157,MI
1.2,Hydroelectric,43.6773,-84.3802,50157,MI
1.2,Hydroelectric,43.6773,-84.3802,50157,MI
2.4,Hydroelectric,43.814,-84.3767,50158,MI
2.4,Hydroelectric,43.814,-84.3767,50158,MI
1.2,Hydroelectric,44.0411,-84.3418,50159,MI
1.2,Hydroelectric,43.9599,-84.336,50160,MI
0.6,Natural Gas,32.7647903,-117.2266083,50165,CA
0.6,Natural Gas,32.7647903,-117.2266083,50165,CA
0.6,Natural Gas,32.7647903,-117.2266083,50165,CA
0.6,Natural Gas,32.7647903,-117.2266083,50165,CA
1.8,Hydroelectric,42.163378,-72.827509,50166,MA
45,Natural Gas,30.1879048,-90.9807692,50168,LA
45,Natural Gas,30.1879048,-90.9807692,50168,LA
23,Natural Gas,30.1879048,-90.9807692,50168,LA
32.7,Natural Gas,37.581339,-97.424133,50169,KS
38.7,Natural Gas,35.093046,-119.443617,50170,CA
1.5,Natural Gas,39.7089194,-75.1182734,50173,NJ
2,Hydroelectric,36.696,-77.56,50175,VA
0.4,Hydroelectric,36.696,-77.56,50175,VA
1.3,Hydroelectric,44.510739,-73.913079,50176,NY
1.3,Hydroelectric,44.510739,-73.913079,50176,NY
0.4,Hydroelectric,42.014467,-71.5444,50177,RI
0.4,Hydroelectric,42.014467,-71.5444,50177,RI
0.4,Hydroelectric,42.014467,-71.5444,50177,RI
0.4,Hydroelectric,42.014467,-71.5444,50177,RI
0.8,Hydroelectric,36.7817,-78.9236,50178,VA
0.4,Hydroelectric,36.7817,-78.9236,50178,VA
0.4,Hydroelectric,36.7817,-78.9236,50178,VA
2.5,Hydroelectric,41.2792,-122.3292,50179,CA
2.5,Hydroelectric,41.2792,-122.3292,50179,CA
5,Hydroelectric,40.670536,-121.890645,50180,CA
64,Other,33.3602,-88.46,50184,MS
40,Other,33.3602,-88.46,50184,MS
14.6,Other,33.3602,-88.46,50184,MS
4,Other,33.3602,-88.46,50184,MS
7.5,Other,46.954071,-123.761086,50185,WA
7.5,Other,46.954071,-123.761086,50185,WA
5,Other,46.1236,-122.9728,50187,WA
5,Other,46.1236,-122.9728,50187,WA
18,Other,46.1236,-122.9728,50187,WA
31.4,Other,46.1236,-122.9728,50187,WA
29.7,Other,35.212,-77.1144,50188,NC
72,Other,35.8628,-76.7831,50189,NC
7.5,Coal,35.8628,-76.7831,50189,NC
7.5,Coal,35.8628,-76.7831,50189,NC
7.5,Coal,35.8628,-76.7831,50189,NC
25,Coal,35.8628,-76.7831,50189,NC
42,Other,35.8628,-76.7831,50189,NC
0.6,Hydroelectric,44.8867,-89.6272,50190,WI
0.5,Hydroelectric,44.8867,-89.6272,50190,WI
0.6,Hydroelectric,44.8867,-89.6272,50190,WI
0.5,Hydroelectric,44.8867,-89.6272,50190,WI
1,Hydroelectric,44.8867,-89.6272,50190,WI
0.7,Hydroelectric,44.8867,-89.6272,50190,WI
0.5,Hydroelectric,44.8867,-89.6272,50190,WI
5,Natural Gas,44.8867,-89.6272,50190,WI
7.5,Other,44.0569,-122.9555,50191,OR
5,Other,44.0569,-122.9555,50191,OR
12.5,Other,44.0569,-122.9555,50191,OR
40,Other,44.0569,-122.9555,50191,OR
68,Other,33.9961,-95.1114,50192,OK
5,Other,34.065314,-95.0032535,50198,OK
2.8,Natural Gas,33.688721,-117.834793,50200,CA
3.3,Natural Gas,33.688721,-117.834793,50200,CA
4.1,Other,34.957456,-83.3791993,50201,GA
56,Coal,43.0804,-79.0082,50202,NY
5.8,Natural Gas,43.0647,-78.2972,50203,NY
6.1,Natural Gas,37.145556,-107.784722,50205,CO
0.8,Hydroelectric,37.377715,-107.578745,50206,CO
2.5,Hydroelectric,37.377715,-107.578745,50206,CO
2.5,Hydroelectric,37.377715,-107.578745,50206,CO
17.5,Other,44.3274,-71.68,50208,NH
7.2,Other,36.1724885,-86.7805961,50209,TN
30.1,Other,33.1633,-115.6167,50210,CA
9.5,Other,33.1633,-115.6167,50210,CA
36.5,Other,40.0017,-76.7183,50215,PA
82,Natural Gas,33.816647,-118.244841,50216,CA
82,Natural Gas,33.816647,-118.244841,50216,CA
82,Natural Gas,33.816647,-118.244841,50216,CA
82,Natural Gas,33.816647,-118.244841,50216,CA
38.5,Natural Gas,33.816647,-118.244841,50216,CA
38.5,Natural Gas,33.816647,-118.244841,50216,CA
2.8,Hydroelectric,37.860653,-120.879153,50218,CA
5.3,Hydroelectric,37.830378,-120.806972,50219,CA
40.3,Coal,36.2480587,-80.3582001,50221,NC
40.3,Coal,36.2480587,-80.3582001,50221,NC
1.2,Hydroelectric,41.028893,-121.892351,50223,CA
0.5,Other,34.1503,-119.1289,50224,CA
0.5,Other,34.1503,-119.1289,50224,CA
0.5,Other,34.1503,-119.1289,50224,CA
13.3,Other,43.6556,-70.3347,50225,ME
1.6,Hydroelectric,47.7197,-122.9431,50228,WA
35,Natural Gas,29.6981,-95.2547,50229,TX
2,Other,44.3331,-69.2019,50230,ME
1.2,Other,44.3331,-69.2019,50230,ME
3.5,Other,45.713079,-121.469178,50231,WA
5,Other,45.713079,-121.469178,50231,WA
5,Other,45.713079,-121.469178,50231,WA
10,Other,45.4518214,-123.8321291,50232,OR
1,Hydroelectric,34.124171,-117.805091,50233,CA
0.9,Natural Gas,34.1019,-117.6381,50234,CA
0.9,Natural Gas,34.1019,-117.6381,50234,CA
0.9,Natural Gas,34.1019,-117.6381,50234,CA
0.6,Natural Gas,33.5077145,-111.9497644,50238,AZ
0.6,Natural Gas,33.5077145,-111.9497644,50238,AZ
0.3,Natural Gas,33.5077145,-111.9497644,50238,AZ
30.8,Coal,40.4172,-86.9122,50240,IN
10.6,Coal,40.4172,-86.9122,50240,IN
1.8,Other,40.4172,-86.9122,50240,IN
2.1,Natural Gas,31.7697,-106.5014,50241,TX
2.1,Natural Gas,31.7697,-106.5014,50241,TX
0.7,Hydroelectric,33.570092,-83.893919,50242,GA
0.7,Hydroelectric,33.570092,-83.893919,50242,GA
15.6,Natural Gas,44.5738,-68.8046,50243,ME
72,Natural Gas,44.5738,-68.8046,50243,ME
186.8,Natural Gas,44.5738,-68.8046,50243,ME
7.5,Coal,35.535,-82.8411,50244,NC
7.5,Coal,35.535,-82.8411,50244,NC
7.5,Coal,35.535,-82.8411,50244,NC
7.5,Coal,35.535,-82.8411,50244,NC
10,Coal,35.535,-82.8411,50244,NC
12.5,Coal,35.535,-82.8411,50244,NC
61.2,Other,34.735,-87.3108,50245,AL
27.5,Other,34.735,-87.3108,50245,AL
38.4,Natural Gas,34.735,-87.3108,50245,AL
8.1,Coal,44.041225,-75.679044,50246,NY
6,Coal,39.4094,-84.5619,50247,OH
1.5,Coal,39.4094,-84.5619,50247,OH
7.5,Coal,39.4094,-84.5619,50247,OH
10.5,Coal,39.4094,-84.5619,50247,OH
7.5,Natural Gas,31.3618987,-94.7691612,50249,TX
12.5,Natural Gas,31.3618987,-94.7691612,50249,TX
12.5,Natural Gas,31.3618987,-94.7691612,50249,TX
15.6,Natural Gas,31.3618987,-94.7691612,50249,TX
15.6,Natural Gas,31.3618987,-94.7691612,50249,TX
21.1,Natural Gas,31.3618987,-94.7691612,50249,TX
39.6,Other,30.5966,-87.3264,50250,FL
43.2,Other,30.5966,-87.3264,50250,FL
28,Other,45.7956,-87.9556,50251,MI
20.4,Coal,45.617996,-94.200786,50252,MN
0.9,Hydroelectric,45.617996,-94.200786,50252,MN
0.9,Hydroelectric,45.617996,-94.200786,50252,MN
0.9,Hydroelectric,45.617996,-94.200786,50252,MN
0.9,Hydroelectric,45.617996,-94.200786,50252,MN
0.9,Hydroelectric,45.617996,-94.200786,50252,MN
0.9,Hydroelectric,45.617996,-94.200786,50252,MN
0.9,Hydroelectric,45.617996,-94.200786,50252,MN
0.8,Hydroelectric,45.617996,-94.200786,50252,MN
0.8,Hydroelectric,45.617996,-94.200786,50252,MN
0.7,Hydroelectric,45.617996,-94.200786,50252,MN
0.7,Hydroelectric,45.617996,-94.200786,50252,MN
33,Natural Gas,29.8767402,-95.1048745,50253,TX
18,Natural Gas,29.8767402,-95.1048745,50253,TX
46.2,Natural Gas,29.8767402,-95.1048745,50253,TX
22.5,Coal,36.4769,-77.6414,50254,NC
0.3,Other,42.2917,-83.2119,50260,MI
0.5,Other,42.2917,-83.2119,50260,MI
0.5,Natural Gas,42.2917,-83.2119,50260,MI
0.5,Natural Gas,42.2917,-83.2119,50260,MI
0.5,Natural Gas,42.2917,-83.2119,50260,MI
4,Hydroelectric,39.463569,-119.065227,50261,NV
6,Natural Gas,29.8894,-97.9339,50263,TX
1,Other,37.3148783,-89.5280438,50264,MO
6.2,Coal,37.3148783,-89.5280438,50264,MO
1.4,Hydroelectric,39.067347,-108.592791,50267,CO
3,Hydroelectric,44.705167,-75.007933,50268,NY
3,Hydroelectric,44.714518,-74.996581,50269,NY
39.5,Natural Gas,34.464819,-120.044365,50270,CA
9.8,Natural Gas,34.464819,-120.044365,50270,CA
3.9,Other,34.282,-77.9592,50271,NC
4.2,Other,34.282,-77.9592,50271,NC
0.1,Other,34.282,-77.9592,50271,NC
6.3,Other,34.282,-77.9592,50271,NC
9.4,Other,42.0906,-72.5917,50273,MA
15.9,Other,42.908412,-112.52944,50274,ID
6.1,Coal,37.3389,-77.2806,50275,VA
13,Coal,37.3389,-77.2806,50275,VA
7.5,Wind,33.9131,-116.5631,50276,CA
19.7,Other,44.8927,-74.0746,50277,NY
9.7,Hydroelectric,43.994729,-70.061921,50278,ME
9.7,Hydroelectric,43.994729,-70.061921,50278,ME
23.2,Other,41.485,-75.5406,50279,PA
60.5,Natural Gas,41.485,-75.5406,50279,PA
10.5,Hydroelectric,43.1033,-73.5369,50280,NY
29,Wind,33.926111,-116.615,50281,CA
35,Coal,39.4736,-79.0569,50282,MD
30,Coal,39.4736,-79.0569,50282,MD
2.5,Coal,40.679853,-78.233464,50284,PA
4.5,Coal,40.679853,-78.233464,50284,PA
3,Coal,40.679853,-78.233464,50284,PA
7.5,Coal,40.679853,-78.233464,50284,PA
0.6,Hydroelectric,43.374292,-72.347603,50285,NH
0.6,Hydroelectric,43.374292,-72.347603,50285,NH
64.5,Other,41.8022,-70.7875,50290,MA
34,Other,41.8022,-70.7875,50290,MA
32,Other,27.747747,-81.851558,50291,FL
33.7,Natural Gas,40.7469,-73.4994,50292,NY
33.7,Natural Gas,40.7469,-73.4994,50292,NY
16.2,Natural Gas,40.7469,-73.4994,50292,NY
0.4,Other,40.7469,-73.4994,50292,NY
60,Natural Gas,40.7469,-73.4994,50292,NY
28.6,Other,39.1062,-122.1096,50293,CA
14.4,Other,37.5051827,-121.3312882,50294,CA
50,Other,35.0471,-88.2661,50296,TN
38.8,Natural Gas,40.4352,-122.2704,50298,CA
49.5,Natural Gas,37.732533,-121.116006,50299,CA
46,Natural Gas,34.05897,-117.774264,50300,CA
27.9,Other,40.8046667,-124.1945556,50301,CA
51,Other,29.723185,-95.128856,50304,TX
51,Other,29.723185,-95.128856,50304,TX
5,Other,29.723185,-95.128856,50304,TX
75,Natural Gas,29.723185,-95.128856,50304,TX
75,Natural Gas,29.723185,-95.128856,50304,TX
3.2,Coal,45.069929,-83.408182,50305,MI
12,Coal,45.069929,-83.408182,50305,MI
10,Coal,45.069929,-83.408182,50305,MI
11,Coal,45.069929,-83.408182,50305,MI
11,Coal,45.069929,-83.408182,50305,MI
7.5,Natural Gas,35.2089,-97.4424,50307,OK
2.5,Natural Gas,35.2089,-97.4424,50307,OK
2.5,Natural Gas,35.2089,-97.4424,50307,OK
4.3,Natural Gas,35.2089,-97.4424,50307,OK
1.8,Other,35.2089,-97.4424,50307,OK
5,Coal,64.825601,-147.648627,50308,AK
2.5,Coal,64.825601,-147.648627,50308,AK
5,Coal,64.825601,-147.648627,50308,AK
5,Coal,64.825601,-147.648627,50308,AK
5,Coal,64.825601,-147.648627,50308,AK
1.1,Natural Gas,30.4736,-87.2361,50310,FL
1.1,Natural Gas,30.4736,-87.2361,50310,FL
1.1,Natural Gas,30.4736,-87.2361,50310,FL
0.6,Hydroelectric,40.883345,-74.22999,50311,NJ
0.6,Hydroelectric,40.883345,-74.22999,50311,NJ
0.6,Hydroelectric,40.883345,-74.22999,50311,NJ
0.6,Hydroelectric,40.883345,-74.22999,50311,NJ
2.7,Hydroelectric,43.130362,-71.453632,50312,NH
2.8,Natural Gas,40.7090186,-74.3452692,50313,NJ
1,Hydroelectric,44.931769,-74.112407,50315,NY
0.6,Hydroelectric,44.931769,-74.112407,50315,NY
2,Coal,40.846525,-84.933264,50316,IN
0.8,Natural Gas,37.7531912,-97.3301567,50317,KS
0.5,Natural Gas,37.7531912,-97.3301567,50317,KS
0.8,Natural Gas,37.7531912,-97.3301567,50317,KS
2.8,Natural Gas,42.68367,-83.11434,50318,MI
0.6,Natural Gas,33.1248595,-117.0758226,50319,CA
0.6,Natural Gas,33.1248595,-117.0758226,50319,CA
2.1,Hydroelectric,37.056803,-119.899706,50322,CA
0.3,Hydroelectric,42.636558,-114.557764,50323,ID
0.3,Hydroelectric,42.636558,-114.557764,50323,ID
0.3,Hydroelectric,42.636558,-114.557764,50323,ID
0.3,Hydroelectric,42.636558,-114.557764,50323,ID
0.7,Hydroelectric,43.59,-71.73295,50324,NH
0.7,Hydroelectric,43.59,-71.73295,50324,NH
4,Natural Gas,41.800909,-88.197156,50326,IL
0.7,Natural Gas,41.800909,-88.197156,50326,IL
0.8,Hydroelectric,44.5119,-92.9394,50328,MN
0.8,Hydroelectric,44.5119,-92.9394,50328,MN
0.9,Hydroelectric,44.5119,-92.9394,50328,MN
1.3,Other,47.66194,-122.4312755,50329,WA
1.3,Other,47.66194,-122.4312755,50329,WA
1.3,Other,47.66194,-122.4312755,50329,WA
3,Other,41.8170132,-87.7659171,50331,IL
0.4,Other,21.9178,-159.6294,50333,HI
0.4,Other,21.9178,-159.6294,50333,HI
1.2,Hydroelectric,21.9178,-159.6294,50333,HI
4,Other,21.9178,-159.6294,50333,HI
0.5,Natural Gas,41.8244,-88.3331,50337,IL
0.5,Natural Gas,41.8244,-88.3331,50337,IL
0.3,Natural Gas,41.8244,-88.3331,50337,IL
0.5,Natural Gas,41.8244,-88.3331,50337,IL
26,Natural Gas,30.226977,-91.055114,50341,LA
1,Natural Gas,41.7947371,-87.6246126,50342,IL
0.7,Other,40.8689903,-73.2610609,50344,NY
0.7,Other,40.8689903,-73.2610609,50344,NY
0.7,Other,40.7609668,-73.4466192,50345,NY
0.7,Other,40.7609668,-73.4466192,50345,NY
0.7,Other,43.024382,-76.259261,50346,NY
0.7,Other,43.024382,-76.259261,50346,NY
0.7,Other,40.6369,-73.6383,50348,NY
0.7,Other,40.6369,-73.6383,50348,NY
0.7,Other,40.6369,-73.6383,50348,NY
0.7,Other,40.6369,-73.6383,50348,NY
0.7,Other,40.6369,-73.6383,50348,NY
0.7,Other,40.6369,-73.6383,50348,NY
14.5,Hydroelectric,39.869284,-121.631865,50350,CA
4.3,Hydroelectric,43.27456,-71.604027,50351,NH
3.9,Hydroelectric,35.798576,-120.883331,50352,CA
0.3,Hydroelectric,35.798576,-120.883331,50352,CA
4.6,Hydroelectric,43.285761,-71.594962,50353,NH
0.8,Hydroelectric,43.1853,-75.0169,50354,NY
0.8,Hydroelectric,43.1853,-75.0169,50354,NY
0.1,Hydroelectric,43.1853,-75.0169,50354,NY
4.8,Natural Gas,42.6428884,-73.1128134,50356,MA
3,Other,42.144802,-80.026944,50358,PA
3,Other,42.144802,-80.026944,50358,PA
3,Other,42.144802,-80.026944,50358,PA
5,Coal,42.144802,-80.026944,50358,PA
14,Coal,42.144802,-80.026944,50358,PA
9,Coal,42.144802,-80.026944,50358,PA
12.5,Natural Gas,33.568164,-86.79873,50359,AL
12.5,Natural Gas,33.568164,-86.79873,50359,AL
1.8,Hydroelectric,43.771896,-117.155023,50360,OR
4.3,Hydroelectric,43.641603,-117.24374,50361,OR
7,Hydroelectric,43.642023,-117.232674,50362,OR
21,Other,32.903826,-115.511949,50363,CA
1.9,Other,41.8069,-71.53,50365,RI
1.9,Other,41.8069,-71.53,50365,RI
1.9,Other,41.8069,-71.53,50365,RI
1.9,Other,41.8069,-71.53,50365,RI
1.9,Other,41.8069,-71.53,50365,RI
1.9,Other,41.8069,-71.53,50365,RI
1.9,Other,41.8069,-71.53,50365,RI
1.9,Other,41.8069,-71.53,50365,RI
1.9,Other,41.8069,-71.53,50365,RI
3,Coal,41.7094,-86.2367,50366,IN
1.7,Coal,41.7094,-86.2367,50366,IN
1,Other,41.7094,-86.2367,50366,IN
1,Other,41.7094,-86.2367,50366,IN
2,Coal,41.7094,-86.2367,50366,IN
5,Coal,41.7094,-86.2367,50366,IN
9.4,Coal,41.7094,-86.2367,50366,IN
1.8,Coal,42.4428,-76.4764,50368,NY
5.7,Coal,42.4428,-76.4764,50368,NY
19.9,Natural Gas,25.7767549,-80.2028489,50369,FL
8,Natural Gas,25.7767549,-80.2028489,50369,FL
40.5,Other,28.1663,-82.1388,50371,FL
6.3,Natural Gas,40.2733,-76.8844,50373,PA
6.3,Natural Gas,40.2733,-76.8844,50373,PA
1.2,Hydroelectric,34.2619,-118.6242,50375,CA
2,Hydroelectric,47.6822,-117.3319,50380,WA
2,Hydroelectric,47.6822,-117.3319,50380,WA
2,Hydroelectric,47.6822,-117.3319,50380,WA
5.8,Hydroelectric,47.6822,-117.3319,50380,WA
5.8,Hydroelectric,47.6822,-117.3319,50380,WA
0.4,Natural Gas,42.0700402,-72.6625036,50381,MA
1.6,Natural Gas,42.0700402,-72.6625036,50381,MA
2.2,Hydroelectric,46.088394,-118.256039,50382,WA
2.1,Hydroelectric,43.0168,-71.5679,50384,NH
1.3,Hydroelectric,43.0168,-71.5679,50384,NH
58,Natural Gas,40.7197,-74.13,50385,NJ
58,Natural Gas,40.7197,-74.13,50385,NJ
40,Natural Gas,40.7197,-74.13,50385,NJ
16,Wind,35.0522,-118.3581,50386,CA
27.3,Other,38.018056,-122.2344,50388,CA
3.8,Natural Gas,30.477,-91.211,50389,LA
3.8,Natural Gas,30.477,-91.211,50389,LA
1.5,Other,64.67141,-147.075988,50392,AK
1.5,Other,64.67141,-147.075988,50392,AK
1.5,Other,64.67141,-147.075988,50392,AK
1.5,Other,64.67141,-147.075988,50392,AK
2.5,Other,64.67141,-147.075988,50392,AK
2.5,Coal,64.67141,-147.075988,50392,AK
2.5,Coal,64.67141,-147.075988,50392,AK
5,Coal,64.67141,-147.075988,50392,AK
5,Coal,64.67141,-147.075988,50392,AK
10,Coal,64.67141,-147.075988,50392,AK
18.4,Hydroelectric,36.997694,-119.703451,50393,CA
9.8,Hydroelectric,36.997694,-119.703451,50393,CA
2.4,Hydroelectric,36.997694,-119.703451,50393,CA
0.8,Hydroelectric,44.3142,-89.8964,50395,WI
0.8,Hydroelectric,44.3142,-89.8964,50395,WI
0.8,Hydroelectric,44.3142,-89.8964,50395,WI
0.6,Hydroelectric,44.3142,-89.8964,50395,WI
0.7,Hydroelectric,44.3142,-89.8964,50395,WI
0.2,Hydroelectric,44.3142,-89.8964,50395,WI
13.1,Other,44.3142,-89.8964,50395,WI
6,Other,44.3142,-89.8964,50395,WI
12.5,Other,44.3142,-89.8964,50395,WI
5,Other,43.0895,-123.4156,50396,OR
5,Other,43.0895,-123.4156,50396,OR
7,Other,43.0895,-123.4156,50396,OR
11.5,Other,43.0895,-123.4156,50396,OR
11.5,Other,43.0895,-123.4156,50396,OR
11.5,Other,43.0895,-123.4156,50396,OR
6,Coal,39.870935,-76.868117,50397,PA
5.9,Coal,39.870935,-76.868117,50397,PA
5.1,Coal,39.870935,-76.868117,50397,PA
7.5,Coal,39.870935,-76.868117,50397,PA
45.9,Coal,39.870935,-76.868117,50397,PA
39.1,Other,39.870935,-76.868117,50397,PA
82.8,Coal,32.100354,-81.124248,50398,GA
7.5,Coal,32.100354,-81.124248,50398,GA
7.5,Other,32.100354,-81.124248,50398,GA
7.5,Other,32.100354,-81.124248,50398,GA
10,Coal,32.100354,-81.124248,50398,GA
20,Coal,32.100354,-81.124248,50398,GA
71.2,Coal,32.100354,-81.124248,50398,GA
16.2,Hydroelectric,38.1861,-120.15,50400,CA
15,Natural Gas,28.5707,-96.8333,50404,TX
23.8,Natural Gas,28.5707,-96.8333,50404,TX
1.6,Other,40.5809855,-73.9720216,50405,NY
1.6,Other,40.5809855,-73.9720216,50405,NY
4.5,Natural Gas,40.5809855,-73.9720216,50405,NY
4.5,Natural Gas,40.5809855,-73.9720216,50405,NY
4.5,Natural Gas,40.5809855,-73.9720216,50405,NY
4.5,Natural Gas,40.5809855,-73.9720216,50405,NY
4.5,Natural Gas,40.5809855,-73.9720216,50405,NY
6,Natural Gas,40.5809855,-73.9720216,50405,NY
6,Natural Gas,40.5809855,-73.9720216,50405,NY
48.5,Other,44.703467,-69.647441,50406,ME
68.4,Other,44.703467,-69.647441,50406,ME
12.5,Coal,30.736487,-88.051643,50407,AL
43.1,Coal,30.736487,-88.051643,50407,AL
35.7,Coal,30.736487,-88.051643,50407,AL
43,Coal,30.736487,-88.051643,50407,AL
0.4,Hydroelectric,45.1058,-87.6514,50408,WI
0.2,Hydroelectric,45.1058,-87.6514,50408,WI
0.4,Hydroelectric,45.1058,-87.6514,50408,WI
0.4,Hydroelectric,45.1058,-87.6514,50408,WI
0.4,Hydroelectric,45.1058,-87.6514,50408,WI
0.3,Hydroelectric,45.1058,-87.6514,50408,WI
0.4,Hydroelectric,45.1069,-87.6378,50409,MI
0.4,Hydroelectric,45.1069,-87.6378,50409,MI
0.5,Hydroelectric,45.1069,-87.6378,50409,MI
0.5,Hydroelectric,45.1069,-87.6378,50409,MI
67,Coal,39.843743,-75.358801,50410,PA
3.5,Natural Gas,40.73928,-74.187633,50411,NJ
3.5,Natural Gas,40.73928,-74.187633,50411,NJ
3.5,Natural Gas,40.73928,-74.187633,50411,NJ
0.8,Other,44.026072,-92.432313,50413,MN
2.2,Other,44.026072,-92.432313,50413,MN
1.9,Other,44.026072,-92.432313,50413,MN
3.4,Hydroelectric,43.283208,-71.600827,50414,NH
0.3,Hydroelectric,43.98,-75.6131,50416,NY
0.3,Hydroelectric,43.98,-75.6131,50416,NY
0.3,Hydroelectric,43.98,-75.6131,50416,NY
0.3,Hydroelectric,43.98,-75.6131,50416,NY
0.3,Hydroelectric,43.98,-75.6131,50416,NY
9.3,Other,42.2347,-72.8783,50419,MA
0.8,Hydroelectric,46.596413,-120.677489,50421,WA
0.8,Hydroelectric,46.596413,-120.677489,50421,WA
1.7,Hydroelectric,46.692628,-120.737194,50423,WA
10.6,Other,46.734957,-92.162085,50424,MN
7.5,Other,42.4769,-71.115,50425,MA
0.7,Other,42.4769,-71.115,50425,MA
1,Other,42.4769,-71.115,50425,MA
3,Other,44.764843,-121.234733,50426,OR
3,Other,44.764843,-121.234733,50426,OR
3,Other,44.764843,-121.234733,50426,OR
0.5,Natural Gas,40.844114,-73.876888,50427,NY
0.5,Natural Gas,40.844114,-73.876888,50427,NY
1.1,Natural Gas,40.844114,-73.876888,50427,NY
1.5,Natural Gas,40.844114,-73.876888,50427,NY
1.4,Natural Gas,34.0953271,-117.7649124,50428,CA
12.5,Natural Gas,42.281167,-83.734617,50431,MI
3.5,Natural Gas,42.281167,-83.734617,50431,MI
4,Natural Gas,42.281167,-83.734617,50431,MI
12.5,Natural Gas,42.281167,-83.734617,50431,MI
12.5,Natural Gas,42.281167,-83.734617,50431,MI
3.5,Natural Gas,42.281167,-83.734617,50431,MI
1.4,Hydroelectric,42.950642,-85.485944,50433,MI
2.5,Hydroelectric,39.252672,-106.374808,50435,CO
1.6,Hydroelectric,42.909408,-85.49888,50436,MI
1.6,Hydroelectric,42.214264,-83.440692,50437,MI
3.5,Coal,43.2162054,-86.304137,50438,MI
19.1,Coal,43.2162054,-86.304137,50438,MI
28.3,Coal,43.2162054,-86.304137,50438,MI
0.3,Hydroelectric,44.8719,-88.1439,50439,WI
1.7,Hydroelectric,44.8719,-88.1439,50439,WI
0.6,Hydroelectric,43.684857,-70.353152,50447,ME
0.6,Hydroelectric,43.684857,-70.353152,50447,ME
0.6,Hydroelectric,43.684857,-70.353152,50447,ME
0.8,Hydroelectric,43.684857,-70.353152,50447,ME
0.8,Hydroelectric,43.684857,-70.353152,50447,ME
0.8,Hydroelectric,43.684857,-70.353152,50447,ME
0.6,Hydroelectric,43.684857,-70.353152,50447,ME
10,Other,43.684857,-70.353152,50447,ME
47.5,Other,43.684857,-70.353152,50447,ME
15,Other,43.684857,-70.353152,50447,ME
0.6,Hydroelectric,43.684857,-70.353152,50447,ME
0.2,Hydroelectric,43.684857,-70.353152,50447,ME
0.2,Hydroelectric,43.684857,-70.353152,50447,ME
0.2,Hydroelectric,43.684857,-70.353152,50447,ME
0.2,Hydroelectric,43.684857,-70.353152,50447,ME
0.5,Hydroelectric,43.684857,-70.353152,50447,ME
0.5,Hydroelectric,43.684857,-70.353152,50447,ME
0.4,Hydroelectric,43.684857,-70.353152,50447,ME
0.4,Hydroelectric,43.684857,-70.353152,50447,ME
0.4,Hydroelectric,43.684857,-70.353152,50447,ME
39.4,Natural Gas,42.6544,-78.0772,50449,NY
17.2,Natural Gas,42.6544,-78.0772,50449,NY
41.2,Natural Gas,43.471745,-76.493474,50450,NY
16.2,Natural Gas,43.471745,-76.493474,50450,NY
40.6,Natural Gas,42.9671,-78.9182,50451,NY
19.3,Natural Gas,42.9671,-78.9182,50451,NY
2,Natural Gas,39.0860093,-94.6321217,50453,KS
12.5,Coal,39.175,-84.5042,50456,OH
92,Natural Gas,43.25,-73.8125,50458,NY
55,Natural Gas,43.25,-73.8125,50458,NY
43,Natural Gas,43.0124548,-75.036331,50459,NY
17.8,Natural Gas,43.0124548,-75.036331,50459,NY
21.9,Coal,42.6109408,-72.5561722,50460,MA
1.5,Hydroelectric,45.637537,-84.481387,50461,MI
53.6,Natural Gas,41.574259,-76.043233,50463,PA
19.2,Natural Gas,34.196,-119.1667,50464,CA
49.5,Natural Gas,34.196,-119.1667,50464,CA
42,Other,32.2544,-84.0667,50465,GA
8.2,Other,30.0688,-83.5253,50466,FL
10.4,Other,30.0688,-83.5253,50466,FL
14.8,Other,30.0688,-83.5253,50466,FL
11,Other,30.0688,-83.5253,50466,FL
0.6,Hydroelectric,35.960058,-77.802435,50468,NC
0.5,Hydroelectric,35.960058,-77.802435,50468,NC
0.5,Hydroelectric,35.960058,-77.802435,50468,NC
10,Natural Gas,29.6901276,-95.0887816,50471,TX
10,Natural Gas,29.6901276,-95.0887816,50471,TX
10,Natural Gas,29.6901276,-95.0887816,50471,TX
81,Natural Gas,29.6901276,-95.0887816,50471,TX
25,Other,43.0839,-79.0056,50472,NY
25,Other,43.0839,-79.0056,50472,NY
27.3,Other,30.4447,-82.7842,50473,FL
21,Other,30.4522,-82.8644,50474,FL
41,Natural Gas,27.811083,-97.595813,50475,TX
6.3,Coal,45.4431,-89.7342,50476,WI
9.4,Coal,45.4431,-89.7342,50476,WI
1,Hydroelectric,45.4431,-89.7342,50476,WI
1,Hydroelectric,45.4431,-89.7342,50476,WI
1,Hydroelectric,45.4431,-89.7342,50476,WI
0.2,Hydroelectric,37.534,-79.357,50479,VA
0.2,Hydroelectric,37.534,-79.357,50479,VA
7.5,Other,37.534,-79.357,50479,VA
6,Coal,36.5219,-82.5431,50481,TN
6,Coal,36.5219,-82.5431,50481,TN
6,Coal,36.5219,-82.5431,50481,TN
7,Coal,36.5219,-82.5431,50481,TN
10,Coal,36.5219,-82.5431,50481,TN
7.5,Coal,36.5219,-82.5431,50481,TN
10.4,Coal,36.5219,-82.5431,50481,TN
10.4,Coal,36.5219,-82.5431,50481,TN
10.4,Coal,36.5219,-82.5431,50481,TN
10.4,Coal,36.5219,-82.5431,50481,TN
10.4,Coal,36.5219,-82.5431,50481,TN
15,Coal,36.5219,-82.5431,50481,TN
15.4,Coal,36.5219,-82.5431,50481,TN
16.8,Coal,36.5219,-82.5431,50481,TN
18,Coal,36.5219,-82.5431,50481,TN
16.6,Coal,36.5219,-82.5431,50481,TN
6,Coal,36.5219,-82.5431,50481,TN
6,Coal,36.5219,-82.5431,50481,TN
6,Coal,36.5219,-82.5431,50481,TN
1,Other,26.7351,-80.9377,50482,FL
1,Other,26.7351,-80.9377,50482,FL
5,Other,26.7351,-80.9377,50482,FL
3.5,Other,26.7351,-80.9377,50482,FL
3.1,Other,26.7351,-80.9377,50482,FL
6,Other,26.7351,-80.9377,50482,FL
21.6,Other,26.7351,-80.9377,50482,FL
15,Other,26.7351,-80.9377,50482,FL
1,Other,26.8497815,-80.616445,50483,FL
1,Other,26.8497815,-80.616445,50483,FL
2.5,Other,26.8497815,-80.616445,50483,FL
2.5,Other,26.8497815,-80.616445,50483,FL
3.5,Other,26.8497815,-80.616445,50483,FL
20,Other,26.8497815,-80.616445,50483,FL
21.7,Wind,33.9603,-116.5364,50485,CA
3.4,Wind,33.9603,-116.5364,50485,CA
7.5,Other,30.2242,-93.2831,50487,LA
7.5,Other,30.2242,-93.2831,50487,LA
7.5,Other,30.2242,-93.2831,50487,LA
10,Other,30.2242,-93.2831,50487,LA
20,Other,30.2242,-93.2831,50487,LA
35,Natural Gas,30.2242,-93.2831,50488,LA
45,Natural Gas,30.2242,-93.2831,50488,LA
82,Natural Gas,30.2242,-93.2831,50488,LA
73.1,Natural Gas,30.2242,-93.2831,50489,LA
73.1,Natural Gas,30.2242,-93.2831,50489,LA
57.1,Natural Gas,30.2242,-93.2831,50489,LA
77.2,Natural Gas,30.2242,-93.2831,50489,LA
77.2,Natural Gas,30.2242,-93.2831,50489,LA
3.4,Other,30.2242,-93.2831,50490,LA
7.5,Coal,39.7475,-80.8547,50491,WV
7.5,Coal,39.7475,-80.8547,50491,WV
26,Coal,39.7475,-80.8547,50491,WV
82,Coal,39.7475,-80.8547,50491,WV
2.3,Other,32.679172,-117.246698,50492,CA
2.3,Other,32.679172,-117.246698,50492,CA
1.5,Hydroelectric,32.679172,-117.246698,50492,CA
24.9,Natural Gas,35.5005,-119.046,50493,CA
24.9,Natural Gas,35.5005,-119.046,50493,CA
24.9,Natural Gas,35.51647,-119.040128,50494,CA
24.9,Natural Gas,35.51647,-119.040128,50494,CA
24.9,Natural Gas,35.509041,-119.030546,50495,CA
24.9,Natural Gas,35.509041,-119.030546,50495,CA
43.4,Natural Gas,40.655325,-74.112442,50497,NJ
43.4,Natural Gas,40.655325,-74.112442,50497,NJ
43.4,Natural Gas,40.655325,-74.112442,50497,NJ
61.4,Natural Gas,40.655325,-74.112442,50497,NJ
44.1,Natural Gas,41.7639,-72.6925,50498,CT
34.1,Natural Gas,41.7639,-72.6925,50498,CT
39.9,Other,35.376266,-76.779864,50509,NC
21,Other,27.8444227,-82.0500521,50510,FL
14.5,Hydroelectric,44.000608,-75.961156,50512,NY
14.5,Hydroelectric,44.000608,-75.961156,50512,NY
3.6,Hydroelectric,44.000608,-75.961156,50512,NY
1.8,Hydroelectric,43.899115,-75.051356,50513,NY
2.5,Hydroelectric,43.160868,-73.584076,50514,NY
2.5,Hydroelectric,43.160868,-73.584076,50514,NY
30,Natural Gas,33.791667,-118.234722,50530,CA
30,Natural Gas,33.791667,-118.234722,50530,CA
23,Natural Gas,33.791667,-118.234722,50530,CA
17.6,Wind,35.0686,-118.3833,50532,CA
19,Wind,33.9369,-116.6183,50533,CA
18,Wind,37.7494,-121.6647,50534,CA
19.5,Wind,33.9461,-116.6769,50535,CA
76.9,Wind,35.2608,-118.2469,50536,CA
6,Natural Gas,37.455314,-122.172797,50537,CA
6,Natural Gas,34.059889,-117.598389,50538,CA
6,Natural Gas,34.059889,-117.598389,50538,CA
0.5,Hydroelectric,44.1706,-72.0994,50539,VT
0.3,Hydroelectric,44.1706,-72.0994,50539,VT
0.3,Hydroelectric,44.1706,-72.0994,50539,VT
12,Other,33.8153,-118.2358,50540,CA
1.5,Other,33.8153,-118.2358,50540,CA
82.3,Natural Gas,33.7771,-118.2303,50541,CA
13.6,Natural Gas,33.7771,-118.2303,50541,CA
11.5,Natural Gas,33.7771,-118.2303,50541,CA
3,Other,48.0931,-122.7958,50544,WA
3,Other,48.0931,-122.7958,50544,WA
7.5,Other,48.0931,-122.7958,50544,WA
0.4,Hydroelectric,48.0931,-122.7958,50544,WA
7.4,Hydroelectric,42.6994,-71.1653,50545,MA
7.4,Hydroelectric,42.6994,-71.1653,50545,MA
3.6,Hydroelectric,39.448352,-120.653417,50546,CA
39.7,Wind,33.9189,-116.7219,50552,CA
11,Wind,33.9617,-116.5364,50553,CA
86,Natural Gas,36.4517,-77.6594,50555,NC
40,Natural Gas,36.4517,-77.6594,50555,NC
54,Natural Gas,36.4517,-77.6594,50555,NC
12,Coal,34.6067572,-117.3360244,50557,CA
12,Coal,34.6067572,-117.3360244,50557,CA
67.3,Natural Gas,35.439722,-97.625,50558,OK
44.1,Natural Gas,35.439722,-97.625,50558,OK
25,Other,37.874056,-120.477556,50560,CA
90,Natural Gas,39.8746,-75.1592,50561,NJ
90,Natural Gas,39.8746,-75.1592,50561,NJ
45,Natural Gas,39.8746,-75.1592,50561,NJ
3,Other,41.871914,-88.287721,50563,IL
3,Other,41.871914,-88.287721,50563,IL
3,Other,41.5503,-73.4181,50564,CT
0.8,Other,42.9903,-77.8011,50565,NY
0.8,Other,42.9903,-77.8011,50565,NY
0.8,Other,42.9903,-77.8011,50565,NY
0.8,Other,38.6603,-90.1317,50566,IL
0.8,Other,38.6603,-90.1317,50566,IL
0.8,Other,38.6603,-90.1317,50566,IL
0.8,Other,43.6514,-76.9036,50568,NY
0.8,Other,43.6514,-76.9036,50568,NY
0.8,Other,43.6514,-76.9036,50568,NY
0.8,Other,43.6514,-76.9036,50568,NY
3,Other,33.019646,-96.961986,50569,TX
3,Other,33.019646,-96.961986,50569,TX
0.8,Other,36.1172,-84.0317,50570,TN
0.8,Other,36.1172,-84.0317,50570,TN
0.8,Other,36.1172,-84.0317,50570,TN
0.8,Other,36.1172,-84.0317,50570,TN
3,Other,37.749308,-121.649866,50571,CA
3,Other,37.749308,-121.649866,50571,CA
1.3,Other,37.749308,-121.649866,50571,CA
1.3,Other,37.749308,-121.649866,50571,CA
3,Other,26.287966,-80.166526,50572,FL
3,Other,26.287966,-80.166526,50572,FL
3,Other,26.287966,-80.166526,50572,FL
2.2,Other,26.287966,-80.166526,50572,FL
3,Other,41.658794,-87.577716,50573,IL
3,Other,41.658794,-87.577716,50573,IL
3,Other,42.10625,-87.813738,50575,IL
3,Other,42.10625,-87.813738,50575,IL
3,Other,42.10625,-87.813738,50575,IL
3,Other,42.850556,-88.069722,50576,WI
3,Other,42.850556,-88.069722,50576,WI
0.8,Other,42.850556,-88.069722,50576,WI
0.8,Other,42.850556,-88.069722,50576,WI
0.8,Other,42.850556,-88.069722,50576,WI
0.8,Other,42.850556,-88.069722,50576,WI
3,Other,43.1922,-88.1597,50577,WI
3,Other,43.1922,-88.1597,50577,WI
3.3,Other,43.1922,-88.1597,50577,WI
1.1,Other,43.1922,-88.1597,50577,WI
3,Other,40.27244,-75.670351,50578,PA
3,Other,40.27244,-75.670351,50578,PA
0.6,Natural Gas,42.138685,-71.641333,50601,MA
0.6,Natural Gas,42.138685,-71.641333,50601,MA
0.1,Hydroelectric,42.138685,-71.641333,50601,MA
6.2,Natural Gas,37.7521352,-120.8419644,50602,CA
55,Natural Gas,39.9379452,-75.1868499,50607,PA
1.1,Natural Gas,34.030318,-118.47844,50610,CA
36,Coal,40.6191,-76.45,50611,PA
46,Natural Gas,35.319503,-119.661992,50612,CA
15,Other,44.7881,-89.6917,50614,WI
2.2,Hydroelectric,44.7881,-89.6917,50614,WI
0.6,Hydroelectric,44.7881,-89.6917,50614,WI
0.6,Hydroelectric,44.7881,-89.6917,50614,WI
5,Other,44.7881,-89.6917,50614,WI
45,Natural Gas,32.4958457,-100.374323,50615,TX
99,Natural Gas,32.4958457,-100.374323,50615,TX
99,Natural Gas,32.4958457,-100.374323,50615,TX
101,Natural Gas,32.4958457,-100.374323,50615,TX
5.7,Coal,45.9356,-90.4472,50620,WI
0.7,Other,41.744973,-71.458415,50621,RI
2,Other,41.744973,-71.458415,50621,RI
2,Other,41.744973,-71.458415,50621,RI
3,Other,41.744973,-71.458415,50621,RI
3,Other,41.744973,-71.458415,50621,RI
8.8,Natural Gas,35.089829,-119.440881,50622,CA
8.8,Natural Gas,35.089829,-119.440881,50622,CA
3.5,Natural Gas,34.475067,-120.205107,50623,CA
3.5,Natural Gas,34.475067,-120.205107,50623,CA
3.5,Natural Gas,34.475067,-120.205107,50623,CA
3.5,Natural Gas,34.475067,-120.205107,50623,CA
7.5,Natural Gas,33.85336,-118.33,50624,CA
22.5,Natural Gas,33.85336,-118.33,50624,CA
19.3,Other,33.85336,-118.33,50624,CA
7.5,Natural Gas,30.0636,-94.0753,50625,TX
25,Natural Gas,30.0636,-94.0753,50625,TX
40.5,Natural Gas,30.0636,-94.0753,50625,TX
38.6,Natural Gas,30.0636,-94.0753,50625,TX
25,Natural Gas,30.0636,-94.0753,50625,TX
20,Natural Gas,30.0636,-94.0753,50625,TX
30,Natural Gas,30.0636,-94.0753,50625,TX
163,Natural Gas,30.0636,-94.0753,50625,TX
10,Natural Gas,30.0636,-94.0753,50625,TX
10,Natural Gas,30.0636,-94.0753,50625,TX
5.7,Other,29.9383,-89.97,50626,LA
21.9,Natural Gas,41.4167,-88.1833,50627,IL
11.2,Natural Gas,41.4167,-88.1833,50627,IL
6.5,Natural Gas,41.4167,-88.1833,50627,IL
27,Natural Gas,39.84,-75.2583,50628,NJ
15,Natural Gas,39.84,-75.2583,50628,NJ
15,Natural Gas,39.84,-75.2583,50628,NJ
15.5,Other,28.740206,-81.889188,50629,FL
13.1,Other,45.048467,-122.962761,50630,OR
24,Other,37.3853,-121.141,50632,CA
36.9,Other,27.908,-81.9185,50633,FL
45,Other,27.908,-81.9185,50633,FL
0.5,Hydroelectric,46.3758,-94.1817,50636,MN
0.5,Hydroelectric,46.3758,-94.1817,50636,MN
0.4,Hydroelectric,46.3758,-94.1817,50636,MN
0.6,Hydroelectric,46.3758,-94.1817,50636,MN
0.6,Hydroelectric,46.3758,-94.1817,50636,MN
0.6,Coal,46.3758,-94.1817,50636,MN
10,Other,46.423056,-116.976389,50637,ID
10,Other,46.423056,-116.976389,50637,ID
28.8,Other,46.423056,-116.976389,50637,ID
65,Other,46.423056,-116.976389,50637,ID
20,Natural Gas,33.7061,-91.2371,50638,AR
2,Other,46.7243,-92.4298,50639,MN
19.2,Other,46.7243,-92.4298,50639,MN
41.5,Other,46.7243,-92.4298,50639,MN
27.6,Other,46.7243,-92.4298,50639,MN
1.8,Hydroelectric,46.7243,-92.4298,50639,MN
0.8,Hydroelectric,46.7243,-92.4298,50639,MN
0.8,Hydroelectric,46.7243,-92.4298,50639,MN
2.8,Hydroelectric,46.7243,-92.4298,50639,MN
15,Other,33.6206,-92.078889,50640,AR
6.5,Other,39.734456,-86.189075,50647,IN
16.3,Other,41.6492,-72.9153,50648,CT
17,Other,40.7348,-73.3868,50649,NY
45.7,Other,45.140614,-70.425577,50650,ME
90.6,Coal,43.0653,-76.2086,50651,NY
10.5,Coal,43.0653,-76.2086,50651,NY
1.5,Hydroelectric,43.618874,-75.30546,50652,NY
1.5,Hydroelectric,43.618874,-75.30546,50652,NY
14.4,Other,39.37,-119.766944,50654,NV
28,Other,40.8814,-73.2906,50656,NY
67.8,Other,39.2006,-77.4556,50657,MD
62,Other,38.695,-77.2411,50658,VA
62,Other,38.695,-77.2411,50658,VA
16.8,Other,36.1319,-96.0181,50660,OK
46,Other,42.765,-71.1242,50661,MA
39.5,Other,43.0047,-76.1149,50662,NY
14.5,Other,38.8014,-77.1288,50663,VA
14.5,Other,38.8014,-77.1288,50663,VA
11,Other,41.440497,-72.835134,50664,CT
31.2,Other,28.3681,-82.5583,50666,FL
0.6,Natural Gas,33.8247,-116.5106,50674,CA
0.6,Natural Gas,33.8247,-116.5106,50674,CA
47.2,Natural Gas,40.409025,-104.684588,50676,CO
47.2,Natural Gas,40.409025,-104.684588,50676,CO
16.4,Natural Gas,40.409025,-104.684588,50676,CO
1.2,Hydroelectric,44.221796,-69.785675,50688,ME
43.4,Wind,33.934,-116.5781,50690,CA
1.1,Natural Gas,41.1044,-74.1622,50693,NJ
1.1,Natural Gas,41.1044,-74.1622,50693,NJ
7,Natural Gas,41.1044,-74.1622,50693,NJ
2.5,Natural Gas,33.6942,-117.9381,50696,CA
2.5,Natural Gas,33.6942,-117.9381,50696,CA
2.5,Natural Gas,33.6942,-117.9381,50696,CA
1.5,Hydroelectric,45.1868,-68.4649,50699,ME
0.2,Hydroelectric,47.4706,-123.1153,50700,WA
0.2,Hydroelectric,47.4706,-123.1153,50700,WA
0.2,Hydroelectric,47.4706,-123.1153,50700,WA
0.2,Hydroelectric,47.4706,-123.1153,50700,WA
0.2,Hydroelectric,47.4706,-123.1153,50700,WA
0.2,Hydroelectric,47.4706,-123.1153,50700,WA
0.2,Hydroelectric,47.4706,-123.1153,50700,WA
0.4,Hydroelectric,43.226977,-70.810888,50702,ME
0.4,Hydroelectric,43.226977,-70.810888,50702,ME
0.4,Hydroelectric,43.226977,-70.810888,50702,ME
1.3,Hydroelectric,43.251111,-70.840833,50704,NH
58.5,Natural Gas,40.0986,-104.7736,50707,CO
58.5,Natural Gas,40.0986,-104.7736,50707,CO
58.5,Natural Gas,40.0986,-104.7736,50707,CO
58.5,Natural Gas,40.0986,-104.7736,50707,CO
58.5,Natural Gas,40.0986,-104.7736,50707,CO
47,Natural Gas,40.0986,-104.7736,50707,CO
47,Natural Gas,40.0986,-104.7736,50707,CO
37,Natural Gas,40.4406,-104.6863,50709,CO
1.5,Coal,64.854171,-147.822075,50711,AK
1.5,Coal,64.854171,-147.822075,50711,AK
10,Coal,64.854171,-147.822075,50711,AK
9.6,Other,64.854171,-147.822075,50711,AK
332.5,Wind,37.7341,-121.6516,50712,CA
0.8,Hydroelectric,44.0703,-73.1961,50713,VT
0.8,Hydroelectric,44.0703,-73.1961,50713,VT
4.1,Hydroelectric,44.0703,-73.1961,50713,VT
1,Hydroelectric,42.954384,-114.462563,50718,ID
0.8,Other,40.6817,-89.5167,50721,IL
0.8,Other,40.6817,-89.5167,50721,IL
0.8,Other,40.6817,-89.5167,50721,IL
8.3,Natural Gas,41.8108,-88.1486,50722,IL
1.2,Natural Gas,31.070589,-87.362778,50724,AL
1.2,Natural Gas,31.070589,-87.362778,50724,AL
1.2,Natural Gas,31.070589,-87.362778,50724,AL
0.5,Natural Gas,30.8487164,-87.1132802,50725,FL
0.5,Natural Gas,30.8487164,-87.1132802,50725,FL
0.5,Natural Gas,30.8487164,-87.1132802,50725,FL
0.5,Natural Gas,30.8487164,-87.1132802,50725,FL
0.6,Natural Gas,30.1256208,-92.450078,50726,LA
0.6,Natural Gas,30.1256208,-92.450078,50726,LA
0.6,Natural Gas,30.1256208,-92.450078,50726,LA
0.6,Natural Gas,30.1256208,-92.450078,50726,LA
0.6,Natural Gas,30.1256208,-92.450078,50726,LA
0.2,Natural Gas,31.000182,-87.260807,50727,AL
0.2,Natural Gas,31.000182,-87.260807,50727,AL
1,Natural Gas,31.000182,-87.260807,50727,AL
0.8,Natural Gas,31.000182,-87.260807,50727,AL
0.6,Natural Gas,30.2325379,-93.1140983,50728,LA
0.6,Natural Gas,30.2325379,-93.1140983,50728,LA
0.6,Natural Gas,30.2325379,-93.1140983,50728,LA
0.8,Natural Gas,30.2325379,-93.1140983,50728,LA
0.1,Natural Gas,30.2325379,-93.1140983,50728,LA
21,Natural Gas,40.3097,-79.8819,50729,PA
10,Natural Gas,40.3097,-79.8819,50729,PA
20,Natural Gas,33.4885,-86.9212,50730,AL
20,Natural Gas,33.4885,-86.9212,50730,AL
20,Natural Gas,33.4885,-86.9212,50730,AL
22,Natural Gas,33.4885,-86.9212,50730,AL
25,Natural Gas,40.3925,-79.8564,50732,PA
25,Natural Gas,40.3925,-79.8564,50732,PA
2.5,Natural Gas,40.3925,-79.8564,50732,PA
161,Natural Gas,41.622426,-87.328936,50733,IN
70,Natural Gas,41.622426,-87.328936,50733,IN
31.3,Other,41.712448,-71.822251,50736,CT
3,Natural Gas,32.3717797,-112.8606861,50738,AZ
3,Natural Gas,32.3717797,-112.8606861,50738,AZ
7.5,Natural Gas,32.3717797,-112.8606861,50738,AZ
7.5,Natural Gas,32.3717797,-112.8606861,50738,AZ
7.5,Natural Gas,32.3717797,-112.8606861,50738,AZ
10,Natural Gas,32.3717797,-112.8606861,50738,AZ
3,Natural Gas,32.3717797,-112.8606861,50738,AZ
25,Other,43.835833,-71.1967,50739,NH
3.5,Hydroelectric,44.632842,-71.24742,50741,NH
3.5,Hydroelectric,44.632842,-71.24742,50741,NH
3.5,Hydroelectric,44.632842,-71.24742,50741,NH
6,Natural Gas,40.6492,-73.8792,50743,NY
6,Natural Gas,40.6492,-73.8792,50743,NY
2,Other,40.6492,-73.8792,50743,NY
2,Other,40.6492,-73.8792,50743,NY
2,Other,40.6492,-73.8792,50743,NY
47.7,Natural Gas,43.080338,-75.600963,50744,NY
16.5,Natural Gas,43.080338,-75.600963,50744,NY
1.1,Other,43.080338,-75.600963,50744,NY
26,Natural Gas,34.0063747,-118.2234229,50745,CA
7,Natural Gas,34.0063747,-118.2234229,50745,CA
26,Natural Gas,34.0063747,-118.2234229,50746,CA
7,Natural Gas,34.0063747,-118.2234229,50746,CA
24.4,Natural Gas,37.4058,-121.9272,50748,CA
7.6,Natural Gas,37.4058,-121.9272,50748,CA
3.4,Natural Gas,36.170317,-120.364084,50750,CA
3.4,Natural Gas,36.170317,-120.364084,50750,CA
20.8,Natural Gas,35.4206,-118.9644,50751,CA
3.4,Natural Gas,35.4206,-118.9644,50751,CA
3.4,Natural Gas,35.4206,-118.9644,50751,CA
31.4,Natural Gas,35.438611,-119.7075,50752,CA
31.4,Natural Gas,35.438611,-119.7075,50752,CA
31.4,Natural Gas,35.438611,-119.7075,50752,CA
3.5,Wind,35.043889,-118.276388,50754,CA
4.2,Wind,35.043889,-118.276388,50754,CA
23.1,Wind,35.043889,-118.276388,50754,CA
3.7,Wind,35.043889,-118.276388,50754,CA
1.9,Hydroelectric,38.149582,-120.814942,50755,CA
0.9,Hydroelectric,38.149582,-120.814942,50755,CA
12.3,Hydroelectric,43.957448,-70.024158,50758,ME
0.4,Hydroelectric,43.957448,-70.024158,50758,ME
0.5,Hydroelectric,43.957448,-70.024158,50758,ME
0.5,Hydroelectric,43.957448,-70.024158,50758,ME
2.2,Hydroelectric,43.98289,-75.620583,50759,NY
2.2,Hydroelectric,43.98289,-75.620583,50759,NY
1.2,Other,41.9941914,-117.8876695,50760,NV
1.2,Other,41.9941914,-117.8876695,50760,NV
1.2,Other,41.9941914,-117.8876695,50760,NV
1.2,Other,41.9941914,-117.8876695,50760,NV
1.2,Other,32.7842,-115.2475,50762,CA
1.2,Other,32.7842,-115.2475,50762,CA
1.2,Other,32.7842,-115.2475,50762,CA
1.2,Other,32.7842,-115.2475,50762,CA
1.2,Other,32.7842,-115.2475,50762,CA
1.2,Other,32.7842,-115.2475,50762,CA
1.2,Other,32.7842,-115.2475,50762,CA
1.2,Other,32.7842,-115.2475,50762,CA
1.2,Other,32.7842,-115.2475,50762,CA
1.2,Other,32.7842,-115.2475,50762,CA
1.2,Other,32.7842,-115.2475,50762,CA
1.2,Other,32.7842,-115.2475,50762,CA
1.2,Other,39.3939,-119.7537,50763,NV
1.2,Other,39.3939,-119.7537,50763,NV
1.2,Other,39.3939,-119.7537,50763,NV
1.2,Other,39.3939,-119.7537,50763,NV
1.2,Other,39.3939,-119.7537,50763,NV
1.2,Other,39.3939,-119.7537,50763,NV
1.2,Other,39.3939,-119.7537,50763,NV
1.2,Other,32.8041,-115.2475,50764,CA
1.2,Other,32.8041,-115.2475,50764,CA
1.2,Other,32.8041,-115.2475,50764,CA
1.2,Other,32.8041,-115.2475,50764,CA
1.2,Other,32.8041,-115.2475,50764,CA
1.2,Other,32.8041,-115.2475,50764,CA
1.2,Other,32.8041,-115.2475,50764,CA
1.2,Other,32.8041,-115.2475,50764,CA
1.2,Other,32.8041,-115.2475,50764,CA
1.2,Other,32.8041,-115.2475,50764,CA
1.2,Other,32.8041,-115.2475,50764,CA
1.2,Other,32.8041,-115.2475,50764,CA
1.5,Other,39.547537,-118.555613,50765,NV
1.5,Other,39.547537,-118.555613,50765,NV
1.5,Other,39.547537,-118.555613,50765,NV
1.5,Other,39.547537,-118.555613,50765,NV
1.5,Other,39.547537,-118.555613,50765,NV
1.5,Other,39.547537,-118.555613,50765,NV
1.5,Other,39.547537,-118.555613,50765,NV
1.5,Other,39.547537,-118.555613,50765,NV
1.5,Other,39.547537,-118.555613,50765,NV
1.5,Other,39.547537,-118.555613,50765,NV
1.5,Other,39.547537,-118.555613,50765,NV
1.5,Other,39.547537,-118.555613,50765,NV
1.5,Other,39.547537,-118.555613,50765,NV
1.5,Other,39.547537,-118.555613,50765,NV
1.2,Other,32.8156,-115.2568,50766,CA
1.2,Other,32.8156,-115.2568,50766,CA
1.2,Other,32.8156,-115.2568,50766,CA
1.2,Other,32.8156,-115.2568,50766,CA
1.2,Other,32.8156,-115.2568,50766,CA
1.2,Other,32.8156,-115.2568,50766,CA
1.2,Other,32.8156,-115.2568,50766,CA
1.2,Other,32.8156,-115.2568,50766,CA
1.2,Other,32.8156,-115.2568,50766,CA
1.2,Other,32.8156,-115.2568,50766,CA
1.2,Other,32.8156,-115.2568,50766,CA
1.2,Other,32.8156,-115.2568,50766,CA
1.2,Other,32.8156,-115.2568,50766,CA
1.2,Other,32.8156,-115.2568,50766,CA
1.2,Other,32.8156,-115.2568,50766,CA
1.2,Other,32.8156,-115.2568,50766,CA
1.2,Other,32.8156,-115.2568,50766,CA
1.2,Other,32.8156,-115.2568,50766,CA
1.2,Other,32.8156,-115.2568,50766,CA
1.2,Other,32.8156,-115.2568,50766,CA
1.2,Other,32.8156,-115.2568,50766,CA
1.2,Other,32.8156,-115.2568,50766,CA
1.2,Other,32.8156,-115.2568,50766,CA
1.2,Other,32.8156,-115.2568,50766,CA
1.2,Other,32.8156,-115.2568,50766,CA
1.2,Other,32.8156,-115.2568,50766,CA
3.4,Hydroelectric,43.442468,-75.215946,50768,NY
18,Other,44.204,-85.2206,50770,MI
18,Other,40.9172,-76.8146,50771,PA
18,Other,44.68,-83.4167,50772,MI
14,Other,30.3349,-84.8182,50774,FL
94,Coal,40.8556,-75.8781,50776,PA
1,Other,41.3924901,-75.7273453,50782,PA
0.7,Other,41.3924901,-75.7273453,50782,PA
0.7,Other,41.3924901,-75.7273453,50782,PA
0.7,Other,41.3924901,-75.7273453,50782,PA
1.1,Other,41.1703592,-76.8769076,50784,PA
0.6,Other,41.100376,-74.671768,50788,NJ
0.6,Other,41.100376,-74.671768,50788,NJ
45.9,Natural Gas,40.7362687,-74.1227522,50797,NJ
18.7,Natural Gas,40.7362687,-74.1227522,50797,NJ
45.9,Natural Gas,40.460717,-74.327161,50799,NJ
45.9,Natural Gas,40.460717,-74.327161,50799,NJ
23.5,Natural Gas,40.460717,-74.327161,50799,NJ
24.5,Natural Gas,40.460717,-74.327161,50799,NJ
2.8,Other,41.4336,-72.0983,50801,CT
30,Natural Gas,30.4178,-81.5978,50803,FL
50,Other,32.1561,-81.1586,50804,GA
22.7,Other,32.1561,-81.1586,50804,GA
27.2,Coal,34.50495,-110.335504,50805,AZ
43.3,Coal,34.50495,-110.335504,50805,AZ
12.5,Other,34.1497,-79.5606,50806,SC
16,Other,34.1497,-79.5606,50806,SC
79.1,Coal,34.1497,-79.5606,50806,SC
4,Other,30.141984,-85.621103,50807,FL
10,Other,30.141984,-85.621103,50807,FL
20,Other,30.141984,-85.621103,50807,FL
3,Natural Gas,32.2752,-92.7277,50810,LA
5,Natural Gas,32.2752,-92.7277,50810,LA
15.6,Natural Gas,32.2752,-92.7277,50810,LA
27.5,Natural Gas,32.2752,-92.7277,50810,LA
23.3,Natural Gas,32.2752,-92.7277,50810,LA
16.5,Natural Gas,40.27971,-81.862339,50811,OH
15.6,Coal,46.8670538,-89.3296951,50812,MI
47.6,Other,37.2914,-77.2816,50813,VA
7.5,Other,46.964598,-114.200006,50814,MT
3.3,Other,46.964598,-114.200006,50814,MT
6.5,Other,46.964598,-114.200006,50814,MT
74,Natural Gas,29.8161,-95.10773,50815,TX
74,Natural Gas,29.8161,-95.10773,50815,TX
74,Natural Gas,29.8161,-95.10773,50815,TX
74,Natural Gas,29.8161,-95.10773,50815,TX
74,Natural Gas,29.8161,-95.10773,50815,TX
115,Natural Gas,29.8161,-95.10773,50815,TX
79,Natural Gas,29.8161,-95.10773,50815,TX
5.7,Wind,37.7392,-121.4322,50818,CA
1.2,Wind,37.7410322,-121.6096841,50819,CA
4.2,Wind,34,-116.5206,50820,CA
30,Wind,35.05,-118.2572,50821,CA
25,Wind,35.05,-118.2572,50822,CA
30,Wind,35.05,-118.2564,50823,CA
28.3,Wind,33.9211,-116.5642,50826,CA
12,Hydroelectric,47.444554,-121.687812,50827,WA
12,Hydroelectric,47.444554,-121.687812,50827,WA
1,Other,37.9675,-122.3822,50831,CA
1,Other,37.9675,-122.3822,50831,CA
1,Other,37.9675,-122.3822,50831,CA
1.2,Hydroelectric,42.159595,-72.58279,50832,MA
1.2,Hydroelectric,42.159595,-72.58279,50832,MA
70,Coal,44.217299,-86.28905,50835,MI
35.6,Other,33.759236,-118.239922,50837,CA
16,Natural Gas,30.054,-90.6693,50846,LA
16,Natural Gas,30.054,-90.6693,50846,LA
16,Natural Gas,30.054,-90.6693,50846,LA
24.7,Natural Gas,30.054,-90.6693,50846,LA
18.7,Natural Gas,30.054,-90.6693,50846,LA
18.7,Natural Gas,30.054,-90.6693,50846,LA
7.2,Natural Gas,30.054,-90.6693,50846,LA
3.4,Natural Gas,35.22925,-119.582857,50848,CA
23,Natural Gas,37.870331,-122.26337,50849,CA
5.5,Natural Gas,37.870331,-122.26337,50849,CA
23.5,Natural Gas,33.989626,-117.680911,50850,CA
7.3,Natural Gas,33.989626,-117.680911,50850,CA
23.5,Natural Gas,34.161951,-119.047916,50851,CA
7.6,Natural Gas,34.161951,-119.047916,50851,CA
59,Natural Gas,40.905337,-74.130448,50852,NJ
24,Natural Gas,40.905337,-74.130448,50852,NJ
53.5,Natural Gas,43.067011,-76.214821,50855,NY
25,Natural Gas,43.067011,-76.214821,50855,NY
27.3,Natural Gas,43.067011,-76.214821,50855,NY
29,Other,27.954901,-82.340469,50858,FL
35.7,Other,40.0711,-76.6436,50859,PA
18,Other,42.949575,-85.693209,50860,MI
1.3,Other,37.3341918,-77.9978164,50863,VA
0.9,Other,37.3341918,-77.9978164,50863,VA
2.8,Other,37.3341918,-77.9978164,50863,VA
38.2,Natural Gas,35.9359,-120.8408,50864,CA
38.9,Natural Gas,35.9515,-120.8679,50865,CA
4.5,Other,43.344,-72.3773,50872,NH
14,Other,43.2866,-71.5769,50873,NH
21,Other,45.897937,-68.434495,50874,ME
22.1,Other,27.949528,-82.421182,50875,FL
23,Natural Gas,33.924898,-118.067853,50876,CA
7.7,Natural Gas,33.924898,-118.067853,50876,CA
40.3,Other,42.7262,-71.1219,50877,MA
47.6,Other,42.2214,-71.7669,50878,MA
48,Coal,40.782377,-76.176184,50879,PA
53.7,Other,42.447,-70.9804,50880,MA
18.3,Other,40.428329,-122.279248,50881,CA
18.3,Other,40.428329,-122.279248,50881,CA
18.3,Other,40.428329,-122.279248,50881,CA
7.8,Other,40.428329,-122.279248,50881,CA
74.5,Other,41.277129,-73.942344,50882,NY
67,Other,41.1625,-73.2083,50883,CT
50.5,Other,27.8733,-82.6741,50884,FL
26,Other,27.8733,-82.6741,50884,FL
14,Other,39.8733,-75.1381,50885,NJ
26,Other,47.626327,-117.50424,50886,WA
66,Other,26.0687,-80.1986,50887,FL
134,Coal,40.6917,-75.4792,50888,PA
0.2,Hydroelectric,35.771627,-82.61827,50890,NC
0.2,Hydroelectric,35.771627,-82.61827,50890,NC
0.2,Hydroelectric,35.771627,-82.61827,50890,NC
0.2,Hydroelectric,35.771627,-82.61827,50890,NC
0.2,Hydroelectric,35.771627,-82.61827,50890,NC
0.2,Hydroelectric,35.771627,-82.61827,50890,NC
2.6,Hydroelectric,45.217784,-116.31577,50891,ID
1.5,Hydroelectric,38.78342,-120.778506,50892,CA
1.5,Hydroelectric,38.78342,-120.778506,50892,CA
4.6,Hydroelectric,40.682875,-79.665298,50893,PA
4.6,Hydroelectric,40.682875,-79.665298,50893,PA
4.6,Hydroelectric,40.716389,-79.577222,50894,PA
4.6,Hydroelectric,40.716389,-79.577222,50894,PA
3.3,Hydroelectric,42.560876,-114.057461,50895,ID
3.3,Hydroelectric,42.560876,-114.057461,50895,ID
3.3,Hydroelectric,42.560876,-114.057461,50895,ID
2.8,Hydroelectric,42.586701,-114.067537,50896,ID
2.8,Hydroelectric,42.586701,-114.067537,50896,ID
2.8,Hydroelectric,42.586701,-114.067537,50896,ID
6.8,Hydroelectric,40.896596,-79.478982,50897,PA
6.8,Hydroelectric,40.896596,-79.478982,50897,PA
8.9,Hydroelectric,40.955961,-79.550681,50898,PA
8.9,Hydroelectric,40.955961,-79.550681,50898,PA
10.5,Other,37.799722,-79.9947,50900,VA
10.5,Other,37.799722,-79.9947,50900,VA
10.5,Other,37.799722,-79.9947,50900,VA
34,Other,37.799722,-79.9947,50900,VA
34,Other,37.799722,-79.9947,50900,VA
5.5,Other,37.799722,-79.9947,50900,VA
7.4,Coal,40.4439,-86.86,50903,IN
1.1,Natural Gas,41.7128,-88.3522,50904,IL
1.1,Natural Gas,41.7128,-88.3522,50904,IL
2.5,Natural Gas,35.09,-106.62,50905,NM
1.5,Natural Gas,35.084078,-106.625191,50906,NM
1.8,Other,43.348808,-76.425169,50907,NY
1.8,Other,43.348808,-76.425169,50907,NY
1.5,Natural Gas,28.3759941,-82.1910108,50908,FL
0.8,Natural Gas,42.0544,-88.2817,50909,IL
0.8,Natural Gas,42.0544,-88.2817,50909,IL
1.5,Other,36.7512962,-79.9759576,50911,VA
1.2,Other,36.7687312,-80.0028683,50912,VA
1.2,Other,36.7687312,-80.0028683,50912,VA
1.2,Other,43.4678562,-71.0612978,50914,ME
1.5,Other,43.4678562,-71.0612978,50914,ME
2,Hydroelectric,45.480701,-121.59984,50917,OR
0.5,Hydroelectric,45.480701,-121.59984,50917,OR
0.8,Hydroelectric,45.480701,-121.59984,50917,OR
2,Coal,37.4002542,-79.1246881,50919,VA
2.5,Natural Gas,42.143919,-80.069581,50920,PA
7.5,Other,44.458696,-118.720601,50921,OR
1.5,Natural Gas,37.3288816,-121.8905146,50925,CA
0.5,Natural Gas,32.0492959,-81.1230236,50927,GA
0.5,Natural Gas,32.0492959,-81.1230236,50927,GA
0.5,Natural Gas,32.0492959,-81.1230236,50927,GA
65,Other,45.8117,-108.4278,50931,MT
0.6,Other,41.6008,-93.6089,50932,IA
0.6,Other,41.6008,-93.6089,50932,IA
0.6,Other,41.6008,-93.6089,50932,IA
4,Coal,45.6394,-89.4205,50933,WI
10,Coal,45.6394,-89.4205,50933,WI
9.3,Coal,45.6394,-89.4205,50933,WI
0.5,Hydroelectric,45.6394,-89.4205,50933,WI
0.5,Hydroelectric,45.6394,-89.4205,50933,WI
1,Hydroelectric,45.6394,-89.4205,50933,WI
3.5,Other,24.5850079,-81.752249,50934,FL
2,Other,40.4175,-86.8447,50935,IN
2,Other,40.4175,-86.8447,50935,IN
2,Other,40.4175,-86.8447,50935,IN
2,Other,40.4175,-86.8447,50935,IN
2,Other,40.4175,-86.8447,50935,IN
2,Other,40.4175,-86.8447,50935,IN
2,Other,40.4175,-86.8447,50935,IN
2,Other,40.4175,-86.8447,50935,IN
0.9,Other,40.4175,-86.8447,50935,IN
1.2,Other,40.4175,-86.8447,50935,IN
1.8,Other,40.4175,-86.8447,50935,IN
0.4,Other,40.4175,-86.8447,50935,IN
0.9,Other,44.0611,-88.5631,50936,WI
0.9,Other,44.0611,-88.5631,50936,WI
0.9,Other,44.0611,-88.5631,50936,WI
1.9,Other,42.5175,-83.1919,50937,MI
1.9,Other,42.5175,-83.1919,50937,MI
0.8,Hydroelectric,42.8489,-123.1778,50938,OR
0.8,Hydroelectric,42.8489,-123.1778,50938,OR
1,Natural Gas,40.9872,-111.8983,50942,UT
1,Natural Gas,40.9872,-111.8983,50942,UT
1,Natural Gas,40.9872,-111.8983,50942,UT
1.5,Natural Gas,42.104338,-123.677254,50945,OR
95.8,Natural Gas,27.6364,-81.9636,50949,FL
95.8,Natural Gas,27.6364,-81.9636,50949,FL
95.8,Natural Gas,27.6364,-81.9636,50949,FL
95.8,Natural Gas,27.6364,-81.9636,50949,FL
86.5,Natural Gas,27.6364,-81.9636,50949,FL
23,Other,38.3707185,-120.8101939,50950,CA
58.1,Coal,39.5472,-110.3917,50951,UT
0.8,Natural Gas,42.0242,-87.6847,50952,IL
0.8,Natural Gas,42.0242,-87.6847,50952,IL
3,Coal,36.5949813,-79.4117277,50954,VA
6,Coal,36.5949813,-79.4117277,50954,VA
1.5,Natural Gas,42.521747,-70.938657,50955,MA
1.5,Natural Gas,42.521747,-70.938657,50955,MA
3.7,Natural Gas,42.521747,-70.938657,50955,MA
19,Coal,35.2964,-84.7569,50956,TN
19.2,Coal,35.2964,-84.7569,50956,TN
25,Other,35.2964,-84.7569,50956,TN
6.2,Natural Gas,28.0111736,-82.5407952,50958,FL
45,Other,40.601264,-74.266372,50960,NJ
4.2,Hydroelectric,40.976859,-122.456251,50961,CA
0.8,Natural Gas,32.7261,-117.1464,50963,CA
0.8,Natural Gas,32.7261,-117.1464,50963,CA
0.8,Natural Gas,32.7261,-117.1464,50963,CA
4.6,Natural Gas,32.7261,-117.1464,50963,CA
1.5,Other,40.649703,-123.524725,50964,CA
1.5,Other,40.649703,-123.524725,50964,CA
6,Natural Gas,41.6325,-83.5042,50965,OH
110,Natural Gas,37.4964,-77.4317,50966,VA
110,Natural Gas,37.4964,-77.4317,50966,VA
110,Natural Gas,37.4964,-77.4317,50966,VA
26.8,Natural Gas,36.9114715,-121.7684078,50968,CA
8,Natural Gas,36.9114715,-121.7684078,50968,CA
2,Other,38.9461,-92.3328,50969,MO
6.2,Coal,38.9461,-92.3328,50969,MO
12.5,Coal,38.9461,-92.3328,50969,MO
19.8,Coal,38.9461,-92.3328,50969,MO
14.5,Coal,38.9461,-92.3328,50969,MO
0.5,Other,38.9461,-92.3328,50969,MO
1,Other,38.9461,-92.3328,50969,MO
17.3,Natural Gas,38.9461,-92.3328,50969,MO
17.3,Natural Gas,38.9461,-92.3328,50969,MO
46.8,Natural Gas,27.483358,-82.548341,50971,FL
1.6,Hydroelectric,42.625972,-112.149344,50972,ID
18.8,Natural Gas,29.8822,-93.9569,50973,TX
21.3,Natural Gas,29.8822,-93.9569,50973,TX
10,Natural Gas,29.8822,-93.9569,50973,TX
15.6,Natural Gas,29.8822,-93.9569,50973,TX
25.5,Natural Gas,29.8822,-93.9569,50973,TX
18.8,Natural Gas,29.8822,-93.9569,50973,TX
40.5,Natural Gas,29.8822,-93.9569,50973,TX
94.7,Coal,41.2691,-79.8134,50974,PA
391,Coal,27.0389,-80.5125,50976,FL
48.8,Natural Gas,43.06132,-76.08239,50978,NY
48.8,Natural Gas,43.06132,-76.08239,50978,NY
25,Natural Gas,43.06132,-76.08239,50978,NY
2.7,Hydroelectric,44.033022,-121.3297,50980,OR
2.7,Hydroelectric,44.033022,-121.3297,50980,OR
1,Natural Gas,38.2494,-122.0394,50985,CA
0.4,Natural Gas,38.2494,-122.0394,50985,CA
2.1,Hydroelectric,42.632483,-114.538769,50987,ID
0.6,Natural Gas,42.298938,-89.075925,50989,IL
0.6,Natural Gas,42.298938,-89.075925,50989,IL
0.6,Natural Gas,42.298938,-89.075925,50989,IL
0.6,Natural Gas,42.298938,-89.075925,50989,IL
0.6,Natural Gas,42.298938,-89.075925,50989,IL
0.8,Natural Gas,42.298938,-89.075925,50989,IL
0.8,Natural Gas,42.298938,-89.075925,50989,IL
0.4,Other,44.9783,-89.6328,50990,WI
0.4,Other,44.9783,-89.6328,50990,WI
0.9,Other,44.9783,-89.6328,50990,WI
0.9,Other,44.9783,-89.6328,50990,WI
0.7,Other,44.9783,-89.6328,50990,WI
20.6,Natural Gas,36.3164215,-95.3163566,50991,OK
20.6,Natural Gas,36.3164215,-95.3163566,50991,OK
20.6,Natural Gas,36.3164215,-95.3163566,50991,OK
41.4,Natural Gas,36.3164215,-95.3163566,50991,OK
5,Natural Gas,36.3164215,-95.3163566,50991,OK
10,Natural Gas,36.3164215,-95.3163566,50991,OK
15,Natural Gas,36.3164215,-95.3163566,50991,OK
7.5,Other,42.961126,-123.359138,50993,OR
3,Natural Gas,35.488289,-108.426497,50997,NM
3,Natural Gas,35.488289,-108.426497,50997,NM
6.7,Hydroelectric,44.9439,-70.9975,50999,ME
20,Coal,40.1290225,-87.6255589,51000,IL
1,Other,29.900556,-91.73333,51008,LA
2,Other,29.900556,-91.73333,51008,LA
21.5,Other,44.2131,-72.0572,51026,VT
3.2,Other,41.8305372,-71.4011081,51029,RI
82.8,Natural Gas,42.009722,-71.668909,51030,RI
82.8,Natural Gas,42.009722,-71.668909,51030,RI
88.6,Natural Gas,42.009722,-71.668909,51030,RI
7.5,Hydroelectric,41.859601,-74.510259,51033,NY
6.5,Hydroelectric,43.040335,-74.850621,51034,NY
6.5,Hydroelectric,43.040335,-74.850621,51034,NY
1.1,Natural Gas,40.7139,-73.6003,51035,NY
1.1,Natural Gas,40.7139,-73.6003,51035,NY
12.5,Other,40.7869,-73.1064,51038,NY
1,Natural Gas,28.3544444,-80.6866667,52003,FL
0.7,Natural Gas,28.3544444,-80.6866667,52003,FL
0.7,Natural Gas,28.3544444,-80.6866667,52003,FL
1,Natural Gas,28.3544444,-80.6866667,52003,FL
0.7,Natural Gas,28.3544444,-80.6866667,52003,FL
0.7,Natural Gas,28.3544444,-80.6866667,52003,FL
0.7,Natural Gas,28.3544444,-80.6866667,52003,FL
53,Natural Gas,30.3367514,-91.256621,52005,LA
53,Natural Gas,30.3367514,-91.256621,52005,LA
57,Natural Gas,30.3186,-91.2325,52006,LA
88,Natural Gas,30.3186,-91.2325,52006,LA
90,Natural Gas,30.3186,-91.2325,52006,LA
57,Natural Gas,30.3186,-91.2325,52006,LA
70,Natural Gas,30.3186,-91.2325,52006,LA
70,Natural Gas,30.3186,-91.2325,52006,LA
125,Natural Gas,30.3186,-91.2325,52006,LA
125,Natural Gas,30.3186,-91.2325,52006,LA
69.9,Coal,36.6,-78.53,52007,VA
69.9,Coal,36.6,-78.53,52007,VA
39,Other,26.631549,-81.760656,52010,FL
17.1,Natural Gas,29.7199636,-95.2544089,52012,TX
17.1,Natural Gas,29.7199636,-95.2544089,52012,TX
7.1,Natural Gas,29.3688933,-94.9133607,52013,TX
16.2,Natural Gas,29.3688933,-94.9133607,52013,TX
16.2,Natural Gas,29.3688933,-94.9133607,52013,TX
60.5,Other,39.9663,-117.8557,52015,NV
1.5,Coal,45.0975,-87.5958,52017,MI
2.5,Coal,45.0975,-87.5958,52017,MI
2.5,Other,42.2963481,-83.7461424,52018,MI
122,Natural Gas,37.818224,-77.14478,52019,VA
122,Natural Gas,37.818224,-77.14478,52019,VA
132,Natural Gas,37.818224,-77.14478,52019,VA
122,Natural Gas,37.818224,-77.14478,52019,VA
122,Natural Gas,37.818224,-77.14478,52019,VA
132,Natural Gas,37.818224,-77.14478,52019,VA
187,Natural Gas,37.818224,-77.14478,52019,VA
3.7,Natural Gas,41.83442,-87.628465,52021,IL
3.7,Natural Gas,41.83442,-87.628465,52021,IL
1.7,Other,41.8103,-71.41,52024,RI
1.7,Other,41.8103,-71.41,52024,RI
3.5,Other,41.8103,-71.41,52024,RI
3.5,Other,41.8103,-71.41,52024,RI
45,Natural Gas,41.6731,-70.9994,52026,MA
32,Natural Gas,41.6731,-70.9994,52026,MA
3.5,Other,19.478976,-154.888362,52028,HI
3.5,Other,19.478976,-154.888362,52028,HI
3.5,Other,19.478976,-154.888362,52028,HI
3.5,Other,19.478976,-154.888362,52028,HI
3.5,Other,19.478976,-154.888362,52028,HI
3.5,Other,19.478976,-154.888362,52028,HI
3.5,Other,19.478976,-154.888362,52028,HI
3.5,Other,19.478976,-154.888362,52028,HI
3.5,Other,19.478976,-154.888362,52028,HI
3.5,Other,19.478976,-154.888362,52028,HI
6,Natural Gas,29.6833,-89.975,52031,LA
19,Natural Gas,29.6833,-89.975,52031,LA
3.8,Natural Gas,41.519543,-88.054406,52032,IL
1.2,Hydroelectric,44.285945,-72.710324,52033,VT
3.5,Natural Gas,41.15461,-87.85478,52034,IL
6.1,Hydroelectric,39.801637,-79.368214,52036,PA
6.1,Hydroelectric,39.801637,-79.368214,52036,PA
2.3,Hydroelectric,37.1854,-113.3583,52039,UT
12.6,Other,43.1915245,-71.7480917,52041,NH
6.5,Coal,36.145896,-86.803833,52048,TN
4.5,Coal,36.145896,-86.803833,52048,TN
5.2,Natural Gas,36.145896,-86.803833,52048,TN
5.2,Natural Gas,36.145896,-86.803833,52048,TN
0.7,Hydroelectric,34.9953,-81.8344,52049,SC
0.5,Hydroelectric,34.9953,-81.8344,52049,SC
0.8,Other,38.6892,-77.2375,52051,VA
0.8,Other,38.6892,-77.2375,52051,VA
0.8,Other,38.6892,-77.2375,52051,VA
0.8,Other,38.6892,-77.2375,52051,VA
1.5,Natural Gas,40.7577022,-73.7163287,52052,NY
1.5,Natural Gas,40.7577022,-73.7163287,52052,NY
1.5,Natural Gas,40.7577022,-73.7163287,52052,NY
1.5,Natural Gas,40.7577022,-73.7163287,52052,NY
1.5,Natural Gas,40.7577022,-73.7163287,52052,NY
1.3,Natural Gas,40.7577022,-73.7163287,52052,NY
3.4,Hydroelectric,44.092689,-94.108817,52054,MN
3.4,Hydroelectric,44.092689,-94.108817,52054,MN
43,Natural Gas,40.7264,-73.5892,52056,NY
12,Natural Gas,40.7264,-73.5892,52056,NY
0.4,Hydroelectric,43.033577,-74.983391,52057,NY
0.4,Hydroelectric,43.033577,-74.983391,52057,NY
0.4,Hydroelectric,43.033577,-74.983391,52057,NY
0.4,Hydroelectric,43.033577,-74.983391,52057,NY
0.4,Hydroelectric,43.033577,-74.983391,52057,NY
0.7,Hydroelectric,44.704089,-75.487049,52058,NY
0.7,Hydroelectric,44.704089,-75.487049,52058,NY
0.7,Hydroelectric,44.704089,-75.487049,52058,NY
0.7,Hydroelectric,44.704089,-75.487049,52058,NY
0.7,Hydroelectric,44.704089,-75.487049,52058,NY
4.2,Natural Gas,41.7631,-72.6733,52061,CT
6.2,Natural Gas,41.7631,-72.6733,52061,CT
4,Natural Gas,38.0314,-122.1139,52063,CA
5,Natural Gas,33.8431,-118.2347,52064,CA
6,Other,29.71977,-95.270562,52065,TX
1.5,Other,29.71977,-95.270562,52065,TX
3.6,Hydroelectric,40.915319,-74.180986,52068,NJ
3.6,Hydroelectric,40.915319,-74.180986,52068,NJ
3.6,Hydroelectric,40.915319,-74.180986,52068,NJ
16,Natural Gas,28.652709,-96.559997,52069,TX
16,Natural Gas,28.652709,-96.559997,52069,TX
16,Natural Gas,28.652709,-96.559997,52069,TX
15.1,Natural Gas,28.652709,-96.559997,52069,TX
121,Coal,30.567086,-97.0652342,52071,TX
121,Coal,30.567086,-97.0652342,52071,TX
121,Coal,30.567086,-97.0652342,52071,TX
6,Coal,37.180441,-80.542767,52072,VA
6,Coal,37.180441,-80.542767,52072,VA
6,Coal,37.180441,-80.542767,52072,VA
6,Coal,37.180441,-80.542767,52072,VA
14.5,Natural Gas,34.0692,-118.4439,52073,CA
14.5,Natural Gas,34.0692,-118.4439,52073,CA
14,Natural Gas,34.0692,-118.4439,52073,CA
3.2,Natural Gas,35.3161,-119.6597,52076,CA
3.2,Natural Gas,35.3161,-119.6597,52076,CA
3.2,Natural Gas,35.3161,-119.6597,52076,CA
3.5,Natural Gas,35.666111,-119.766944,52077,CA
3.5,Natural Gas,35.666111,-119.766944,52077,CA
3.5,Natural Gas,35.666111,-119.766944,52077,CA
3.5,Natural Gas,35.2761,-119.5986,52078,CA
3.5,Natural Gas,35.2761,-119.5986,52078,CA
3.5,Natural Gas,35.2761,-119.5986,52078,CA
1.5,Natural Gas,37.9721152,-122.0587913,52080,CA
1.5,Natural Gas,37.9721152,-122.0587913,52080,CA
3.4,Natural Gas,35.3639,-119.6592,52081,CA
3.4,Natural Gas,35.3639,-119.6592,52081,CA
3.4,Natural Gas,35.346102,-119.643431,52082,CA
3.4,Natural Gas,35.346102,-119.643431,52082,CA
3.4,Natural Gas,36.2097,-120.3828,52083,CA
3.4,Natural Gas,36.2097,-120.3828,52083,CA
6,Natural Gas,30.3417,-88.4833,52084,MS
3.1,Natural Gas,35.1133,-119.4706,52085,CA
3.1,Natural Gas,35.1133,-119.4706,52085,CA
3.1,Natural Gas,35.1133,-119.4706,52085,CA
3.1,Natural Gas,35.1133,-119.4706,52085,CA
3.4,Natural Gas,36.1556,-120.3972,52086,CA
3.4,Natural Gas,36.1556,-120.3972,52086,CA
3.4,Natural Gas,36.1556,-120.3972,52086,CA
3.4,Natural Gas,36.1556,-120.3972,52086,CA
129.6,Natural Gas,36.775,-76.3083,52087,VA
129.6,Natural Gas,36.775,-76.3083,52087,VA
129.6,Natural Gas,36.775,-76.3083,52087,VA
141,Natural Gas,29.378697,-94.943829,52088,TX
103,Natural Gas,29.378697,-94.943829,52088,TX
103,Natural Gas,29.378697,-94.943829,52088,TX
103,Natural Gas,29.378697,-94.943829,52088,TX
2.6,Other,37.3439,-80.765,52089,VA
6,Coal,37.3439,-80.765,52089,VA
6,Coal,37.3439,-80.765,52089,VA
6,Coal,37.3439,-80.765,52089,VA
9.2,Coal,37.3439,-80.765,52089,VA
0.9,Natural Gas,40.6681,-73.9822,52091,NY
0.9,Natural Gas,40.6681,-73.9822,52091,NY
3.7,Natural Gas,35.440481,-119.007726,52092,CA
2.8,Natural Gas,35.22925,-119.582857,52093,CA
2.8,Natural Gas,35.22925,-119.582857,52093,CA
3.7,Natural Gas,35.459849,-119.013573,52094,CA
3.7,Natural Gas,35.459849,-119.013573,52094,CA
4.2,Natural Gas,35.464253,-118.996337,52095,CA
3.7,Natural Gas,35.464253,-118.996337,52095,CA
21.4,Natural Gas,34.38407,-118.494882,52096,CA
21.4,Natural Gas,34.38407,-118.494882,52096,CA
3,Other,33.6433,-117.9556,52099,CA
3,Other,33.6433,-117.9556,52099,CA
3,Other,33.6433,-117.9556,52099,CA
3,Other,33.6433,-117.9556,52099,CA
3,Other,33.6433,-117.9556,52099,CA
1,Natural Gas,33.6433,-117.9556,52099,CA
3.1,Natural Gas,35.3633,-119.6756,52104,CA
3.1,Natural Gas,35.3633,-119.6756,52104,CA
3.1,Natural Gas,35.3633,-119.6756,52104,CA
3.1,Natural Gas,35.3633,-119.6756,52104,CA
4,Natural Gas,37.932222,-122.389722,52105,CA
4,Natural Gas,37.932222,-122.389722,52105,CA
4,Natural Gas,37.932222,-122.389722,52105,CA
9,Natural Gas,37.932222,-122.389722,52105,CA
10,Natural Gas,39.9058,-75.2122,52106,PA
10,Natural Gas,39.9058,-75.2122,52106,PA
10,Natural Gas,39.9058,-75.2122,52106,PA
24.4,Natural Gas,35.4406,-118.9617,52107,CA
24.4,Natural Gas,35.4406,-118.9617,52107,CA
17.2,Natural Gas,29.867431,-93.965775,52108,TX
13.7,Natural Gas,29.867431,-93.965775,52108,TX
13.7,Natural Gas,29.867431,-93.965775,52108,TX
10,Natural Gas,29.867431,-93.965775,52108,TX
10,Natural Gas,29.867431,-93.965775,52108,TX
10,Natural Gas,29.867431,-93.965775,52108,TX
10,Natural Gas,29.867431,-93.965775,52108,TX
62.6,Natural Gas,37.9418,-122.3909,52109,CA
62.6,Natural Gas,37.9418,-122.3909,52109,CA
2.8,Natural Gas,37.9128,-121.2614,52115,CA
45,Other,37.104141,-79.276958,52118,VA
45,Other,37.104141,-79.276958,52118,VA
0.6,Natural Gas,40.7717633,-111.8389786,52119,UT
0.6,Natural Gas,40.7717633,-111.8389786,52119,UT
0.6,Natural Gas,40.7717633,-111.8389786,52119,UT
50,Natural Gas,28.991289,-95.407481,52120,TX
50,Natural Gas,28.991289,-95.407481,52120,TX
49,Natural Gas,28.991289,-95.407481,52120,TX
119,Natural Gas,28.991289,-95.407481,52120,TX
119,Natural Gas,28.991289,-95.407481,52120,TX
75,Natural Gas,28.991289,-95.407481,52120,TX
50,Natural Gas,28.991289,-95.407481,52120,TX
50,Natural Gas,28.991289,-95.407481,52120,TX
119,Natural Gas,28.991289,-95.407481,52120,TX
94.5,Natural Gas,28.991289,-95.407481,52120,TX
94.5,Natural Gas,28.991289,-95.407481,52120,TX
94.5,Natural Gas,28.991289,-95.407481,52120,TX
64.8,Natural Gas,28.991289,-95.407481,52120,TX
111.3,Natural Gas,28.991289,-95.407481,52120,TX
119,Natural Gas,28.991289,-95.407481,52120,TX
119,Natural Gas,28.991289,-95.407481,52120,TX
23.4,Natural Gas,33.009944,-102.756945,52122,TX
1,Natural Gas,44.9806,-108.8428,52127,WY
1,Natural Gas,44.9806,-108.8428,52127,WY
0.5,Natural Gas,44.9806,-108.8428,52127,WY
25.3,Natural Gas,41.2428978,-110.9822065,52129,WY
25.3,Natural Gas,41.2428978,-110.9822065,52129,WY
5,Natural Gas,41.6703,-87.4803,52130,IN
5,Natural Gas,41.6703,-87.4803,52130,IN
12.5,Natural Gas,41.6703,-87.4803,52130,IN
12.5,Natural Gas,41.6703,-87.4803,52130,IN
18.8,Natural Gas,41.6703,-87.4803,52130,IN
10,Natural Gas,41.6703,-87.4803,52130,IN
30,Natural Gas,41.6703,-87.4803,52130,IN
22,Natural Gas,29.3782153,-94.9239344,52131,TX
22,Natural Gas,29.3782153,-94.9239344,52131,TX
15.6,Natural Gas,29.3782153,-94.9239344,52131,TX
22,Natural Gas,29.3782153,-94.9239344,52131,TX
15.6,Natural Gas,29.3782153,-94.9239344,52131,TX
20.7,Natural Gas,29.3782153,-94.9239344,52131,TX
78.2,Natural Gas,29.378164,-94.92195,52132,TX
78.2,Natural Gas,29.378164,-94.92195,52132,TX
34.7,Natural Gas,29.378164,-94.92195,52132,TX
2.5,Natural Gas,46.8492,-100.8808,52133,ND
2.5,Natural Gas,46.8492,-100.8808,52133,ND
2.5,Natural Gas,46.8492,-100.8808,52133,ND
1.3,Other,39.3939,-119.7537,52138,NV
1.3,Other,39.3939,-119.7537,52138,NV
40.5,Other,32.4187,-86.4718,52140,AL
49.3,Other,32.4187,-86.4718,52140,AL
29,Wind,35.0506,-118.2572,52142,CA
23.5,Wind,35.05,-118.2572,52143,CA
22.5,Wind,35.05,-118.2572,52144,CA
2.5,Natural Gas,40.961882,-76.6363978,52146,PA
8,Natural Gas,32.6947,-117.1436,52147,CA
10,Natural Gas,32.6947,-117.1436,52147,CA
10,Natural Gas,32.6947,-117.1436,52147,CA
6.2,Natural Gas,38.3836,-78.6528,52148,VA
38.4,Natural Gas,40.220453,-75.301645,52149,PA
3,Natural Gas,40.220453,-75.301645,52149,PA
25,Natural Gas,40.220453,-75.301645,52149,PA
2.5,Other,40.220453,-75.301645,52149,PA
1.7,Natural Gas,40.220453,-75.301645,52149,PA
1.2,Other,40.220453,-75.301645,52149,PA
1.2,Other,40.220453,-75.301645,52149,PA
0.7,Natural Gas,40.220453,-75.301645,52149,PA
1,Natural Gas,40.220453,-75.301645,52149,PA
1.3,Natural Gas,40.220453,-75.301645,52149,PA
1.3,Natural Gas,40.220453,-75.301645,52149,PA
48.4,Other,33.8872,-80.6397,52151,SC
61.2,Other,33.8872,-80.6397,52151,SC
58.9,Natural Gas,36.6803,-76.9128,52152,VA
5,Other,36.6803,-76.9128,52152,VA
3.7,Other,36.6803,-76.9128,52152,VA
2.5,Other,36.6803,-76.9128,52152,VA
9.3,Other,36.6803,-76.9128,52152,VA
15.6,Other,36.6803,-76.9128,52152,VA
32.4,Other,36.6803,-76.9128,52152,VA
28,Other,36.6803,-76.9128,52152,VA
1,Hydroelectric,44.597518,-122.685441,52155,OR
12.5,Other,38.8339,-122.881,52158,CA
12.5,Other,38.8339,-122.881,52158,CA
22,Wind,35.3111,-118.4319,52160,CA
18.4,Wind,35.0853,-118.3547,52161,CA
14.1,Wind,35.1011,-118.3372,52162,CA
21.2,Wind,35.1011,-118.3372,52163,CA
10.4,Wind,33.9757082,-117.3506644,52164,CA
1.8,Wind,35.0686,-118.3519,52165,CA
0.6,Hydroelectric,42.15725,-72.42281,52166,MA
0.6,Hydroelectric,42.15725,-72.42281,52166,MA
6,Other,40.869889,-73.8292853,52168,NY
78,Natural Gas,35.2269,-119.6294,52169,CA
78,Natural Gas,35.2269,-119.6294,52169,CA
78,Natural Gas,35.2269,-119.6294,52169,CA
1.5,Hydroelectric,44.08687,-70.229294,52171,ME
7.5,Hydroelectric,40.46439,-79.365703,52173,PA
7.5,Hydroelectric,40.46439,-79.365703,52173,PA
1.2,Other,39.557,-118.8383,52174,NV
1.2,Other,39.557,-118.8383,52174,NV
1.2,Other,39.557,-118.8383,52174,NV
1.5,Other,39.557,-118.8383,52174,NV
3.5,Other,39.557,-118.8383,52174,NV
3.5,Other,39.557,-118.8383,52174,NV
3.5,Other,39.557,-118.8383,52174,NV
3.5,Other,39.557,-118.8383,52174,NV
3.5,Other,39.557,-118.8383,52174,NV
3.5,Other,39.557,-118.8383,52174,NV
25,Natural Gas,30.1826,-93.3234,52175,LA
25,Natural Gas,30.1826,-93.3234,52175,LA
25,Natural Gas,30.1826,-93.3234,52175,LA
77.5,Natural Gas,32.273178,-101.422386,52176,TX
77.5,Natural Gas,32.273178,-101.422386,52176,TX
75,Natural Gas,32.273178,-101.422386,52176,TX
1,Coal,35.6923678,-80.4382153,52178,NC
2.5,Coal,35.6923678,-80.4382153,52178,NC
0.8,Natural Gas,32.0766593,-81.0529324,52182,GA
0.8,Natural Gas,32.0766593,-81.0529324,52182,GA
4,Natural Gas,60.677,-151.3815,52184,AK
4,Natural Gas,60.677,-151.3815,52184,AK
49,Natural Gas,39.13667,-121.639846,52186,CA
4.1,Hydroelectric,44.396815,-122.350246,52187,OR
4,Natural Gas,36.6937472,-97.0919446,52188,OK
4,Natural Gas,36.6937472,-97.0919446,52188,OK
10,Natural Gas,36.6937472,-97.0919446,52188,OK
4,Natural Gas,39.0032969,-87.726154,52191,IL
4,Natural Gas,39.0032969,-87.726154,52191,IL
4,Natural Gas,39.0032969,-87.726154,52191,IL
92,Natural Gas,39.5871,-75.6343,52193,DE
92,Natural Gas,39.5871,-75.6343,52193,DE
1.2,Natural Gas,39.5871,-75.6343,52193,DE
27.5,Natural Gas,39.5871,-75.6343,52193,DE
27.5,Natural Gas,39.5871,-75.6343,52193,DE
75,Natural Gas,39.5871,-75.6343,52193,DE
10,Natural Gas,39.5871,-75.6343,52193,DE
92,Natural Gas,39.5871,-75.6343,52193,DE
1.3,Natural Gas,37.3746396,-120.6260648,52198,CA
1.3,Natural Gas,37.3746396,-120.6260648,52198,CA
1.3,Natural Gas,37.3746396,-120.6260648,52198,CA
1.3,Natural Gas,37.3746396,-120.6260648,52198,CA
1.3,Natural Gas,37.3746396,-120.6260648,52198,CA
1.3,Natural Gas,37.3746396,-120.6260648,52198,CA
1.3,Natural Gas,37.3746396,-120.6260648,52198,CA
1.3,Natural Gas,37.3746396,-120.6260648,52198,CA
1.3,Natural Gas,37.79127,-121.600368,52199,CA
1.3,Natural Gas,37.79127,-121.600368,52199,CA
1.3,Natural Gas,37.79127,-121.600368,52199,CA
1.3,Natural Gas,37.79127,-121.600368,52199,CA
1.3,Natural Gas,37.79127,-121.600368,52199,CA
0.8,Other,42.9619625,-78.6164342,52200,NY
0.8,Other,42.9619625,-78.6164342,52200,NY
0.8,Other,42.9619625,-78.6164342,52200,NY
0.8,Other,42.9619625,-78.6164342,52200,NY
0.8,Other,42.9619625,-78.6164342,52200,NY
0.8,Other,42.9619625,-78.6164342,52200,NY
0.8,Other,42.9619625,-78.6164342,52200,NY
1.3,Natural Gas,36.7363503,-121.6657178,52201,CA
1.3,Natural Gas,36.7363503,-121.6657178,52201,CA
1.3,Natural Gas,36.7363503,-121.6657178,52201,CA
1.3,Natural Gas,36.7363503,-121.6657178,52201,CA
1.3,Natural Gas,36.7363503,-121.6657178,52201,CA
1.4,Other,39.1062553,-77.1452358,52203,MD
1.4,Other,39.1062553,-77.1452358,52203,MD
1.8,Other,32.5983,-117.0178,52204,CA
1.8,Other,32.5983,-117.0178,52204,CA
1.4,Other,36.80243,-121.619398,52205,CA
1.8,Other,34.2323173,-119.194371,52206,CA
1.8,Other,34.2323173,-119.194371,52206,CA
1.8,Other,34.2323173,-119.194371,52206,CA
1.4,Other,37.4116932,-121.9698611,52207,CA
20.8,Natural Gas,38.023149,-121.8553397,54001,CA
26.6,Natural Gas,38.023149,-121.8553397,54001,CA
26.6,Natural Gas,38.023149,-121.8553397,54001,CA
45,Other,32.5036,-82.8443,54004,GA
37.1,Natural Gas,32.5036,-82.8443,54004,GA
9.6,Hydroelectric,46.12061,-111.407656,54006,MT
20,Other,34.9925799,-84.3770385,54013,TN
20,Other,34.9925799,-84.3770385,54013,TN
6.8,Other,34.033206,-117.906129,54015,CA
4.9,Other,34.033206,-117.906129,54015,CA
3.9,Hydroelectric,34.204311,-117.855714,54017,CA
1.1,Hydroelectric,34.204311,-117.855714,54017,CA
67.6,Other,26.2878,-80.1581,54033,FL
57.9,Natural Gas,42.625325,-73.749955,54034,NY
45.8,Natural Gas,42.625325,-73.749955,54034,NY
182.3,Coal,36.4364,-77.6167,54035,NC
20,Other,32.7757,-115.2637,54038,CA
48.7,Natural Gas,43.161947,-78.744971,54041,NY
48.7,Natural Gas,43.161947,-78.744971,54041,NY
48.7,Natural Gas,43.161947,-78.744971,54041,NY
75.2,Natural Gas,43.161947,-78.744971,54041,NY
7.8,Natural Gas,41.8675,-87.6524,54044,IL
7.8,Natural Gas,41.8675,-87.6524,54044,IL
7.8,Natural Gas,41.8675,-87.6524,54044,IL
6.3,Natural Gas,41.8675,-87.6524,54044,IL
6.3,Natural Gas,41.8675,-87.6524,54044,IL
3.7,Natural Gas,41.8675,-87.6524,54044,IL
3.7,Natural Gas,41.8675,-87.6524,54044,IL
5.5,Natural Gas,41.8675,-87.6524,54044,IL
5.5,Natural Gas,41.8675,-87.6524,54044,IL
5.5,Natural Gas,41.8675,-87.6524,54044,IL
3,Other,37.2253,-77.4092,54045,VA
3,Other,37.471997,-77.425649,54047,VA
16.3,Hydroelectric,48.0022,-123.6002,54050,WA
3,Hydroelectric,48.0949,-123.5574,54051,WA
3,Hydroelectric,48.0949,-123.5574,54051,WA
3.3,Hydroelectric,48.0949,-123.5574,54051,WA
3.3,Hydroelectric,48.0949,-123.5574,54051,WA
41.8,Natural Gas,41.861531,-71.406856,54056,RI
27,Natural Gas,41.861531,-71.406856,54056,RI
3.3,Other,42.1661,-83.2131,54057,MI
3.3,Other,42.1661,-83.2131,54057,MI
12.5,Other,47.5139058,-94.8757384,54061,MN
46,Natural Gas,42.085944,-78.45425,54076,NY
44.6,Natural Gas,42.085944,-78.45425,54076,NY
67.5,Coal,37.4556,-77.4308,54081,VA
67.5,Coal,37.4556,-77.4308,54081,VA
67.5,Coal,37.4556,-77.4308,54081,VA
67.5,Coal,37.4556,-77.4308,54081,VA
25,Other,44.506273,-70.239474,54085,ME
25,Other,44.506273,-70.239474,54085,ME
30,Other,44.506273,-70.239474,54085,ME
25.6,Other,33.360185,-79.302573,54087,SC
29.5,Other,33.360185,-79.302573,54087,SC
40.5,Other,33.360185,-79.302573,54087,SC
38.4,Natural Gas,43.2423758,-73.8343851,54088,NY
5,Coal,41.126416,-77.452888,54089,PA
5,Coal,41.126416,-77.452888,54089,PA
24.7,Coal,41.126416,-77.452888,54089,PA
21.8,Other,32.7863165,-91.9087669,54090,LA
37.5,Other,32.7863165,-91.9087669,54090,LA
40,Other,32.1575,-93.5562,54091,LA
40,Other,32.1575,-93.5562,54091,LA
30,Other,32.1575,-93.5562,54091,LA
25,Natural Gas,32.1575,-93.5562,54091,LA
16,Natural Gas,30.4057811,-88.4966507,54093,MS
17,Natural Gas,30.4057811,-88.4966507,54093,MS
13,Natural Gas,31.5145699,-91.4244183,54094,MS
9.5,Natural Gas,31.5145699,-91.4244183,54094,MS
30,Natural Gas,31.5145699,-91.4244183,54094,MS
25,Natural Gas,31.3028253,-92.3474603,54095,LA
11.6,Natural Gas,32.426016,-86.870912,54096,AL
37.4,Natural Gas,32.426016,-86.870912,54096,AL
17,Natural Gas,32.426016,-86.870912,54096,AL
38.2,Natural Gas,32.426016,-86.870912,54096,AL
25,Natural Gas,33.2553,-94.0696,54097,TX
40,Natural Gas,33.2553,-94.0696,54097,TX
6,Other,44.2826,-88.2534,54098,WI
11,Other,44.2826,-88.2534,54098,WI
15.6,Other,44.2826,-88.2534,54098,WI
12,Coal,44.2826,-88.2534,54098,WI
42.1,Other,43.891437,-73.396998,54099,NY
2.5,Other,32.5292,-90.7742,54100,MS
48,Other,32.5292,-90.7742,54100,MS
50,Other,31.166,-85.0951,54101,GA
51.2,Other,31.166,-85.0951,54101,GA
1.9,Other,44.3364,-89.8672,54103,WI
5,Other,44.3364,-89.8672,54103,WI
0.4,Hydroelectric,44.3364,-89.8672,54103,WI
0.4,Hydroelectric,44.3364,-89.8672,54103,WI
0.4,Hydroelectric,44.3364,-89.8672,54103,WI
0.4,Hydroelectric,44.3364,-89.8672,54103,WI
0.8,Hydroelectric,44.3364,-89.8672,54103,WI
0.8,Hydroelectric,44.3364,-89.8672,54103,WI
1.3,Hydroelectric,44.3364,-89.8672,54103,WI
0.6,Hydroelectric,44.3364,-89.8672,54103,WI
0.6,Hydroelectric,44.3364,-89.8672,54103,WI
0.4,Hydroelectric,44.3364,-89.8672,54103,WI
0.6,Hydroelectric,44.3364,-89.8672,54103,WI
19.5,Other,33.6417,-94.1083,54104,AR
47,Other,33.6417,-94.1083,54104,AR
45,Other,33.6417,-94.1083,54104,AR
45,Other,33.6417,-94.1083,54104,AR
4.5,Other,32.7144,-115.5356,54111,CA
4.5,Other,32.7144,-115.5356,54111,CA
4.5,Other,32.7144,-115.5356,54111,CA
3.5,Other,32.7144,-115.5356,54111,CA
3.5,Other,32.7144,-115.5356,54111,CA
3.5,Other,32.7144,-115.5356,54111,CA
3.5,Other,32.7144,-115.5356,54111,CA
3.5,Other,32.7144,-115.5356,54111,CA
3.5,Other,32.7144,-115.5356,54111,CA
4.5,Other,32.7144,-115.5356,54111,CA
4.5,Other,32.7144,-115.5356,54111,CA
4.5,Other,32.7144,-115.5356,54111,CA
47.1,Natural Gas,40.6417,-73.7778,54114,NY
47.1,Natural Gas,40.6417,-73.7778,54114,NY
27,Natural Gas,40.6417,-73.7778,54114,NY
1.3,Hydroelectric,44.111236,-70.390673,54123,ME
1,Hydroelectric,44.721371,-69.411992,54124,ME
0.3,Hydroelectric,44.721371,-69.411992,54124,ME
0.4,Hydroelectric,44.721371,-69.411992,54124,ME
38.3,Natural Gas,43.0483,-78.8539,54131,NY
17,Natural Gas,43.0483,-78.8539,54131,NY
1.3,Hydroelectric,45.647179,-68.704368,54134,ME
1.3,Hydroelectric,45.647179,-68.704368,54134,ME
1.8,Hydroelectric,45.647179,-68.704368,54134,ME
5.3,Hydroelectric,45.647179,-68.704368,54134,ME
4.1,Hydroelectric,45.647179,-68.704368,54134,ME
4.1,Hydroelectric,45.647179,-68.704368,54134,ME
3,Hydroelectric,45.647179,-68.704368,54134,ME
1.6,Hydroelectric,45.647179,-68.704368,54134,ME
1.6,Hydroelectric,45.647179,-68.704368,54134,ME
1.6,Hydroelectric,45.647179,-68.704368,54134,ME
1.6,Hydroelectric,45.647179,-68.704368,54134,ME
1.6,Hydroelectric,45.647179,-68.704368,54134,ME
1.6,Hydroelectric,45.647179,-68.704368,54134,ME
12.2,Hydroelectric,45.647179,-68.704368,54134,ME
12.2,Hydroelectric,45.647179,-68.704368,54134,ME
13.2,Hydroelectric,45.647179,-68.704368,54134,ME
4.8,Hydroelectric,45.647179,-68.704368,54134,ME
4.8,Hydroelectric,45.647179,-68.704368,54134,ME
4.8,Hydroelectric,45.647179,-68.704368,54134,ME
4.8,Hydroelectric,45.647179,-68.704368,54134,ME
4.8,Hydroelectric,45.647179,-68.704368,54134,ME
4,Hydroelectric,45.647179,-68.704368,54134,ME
5.4,Hydroelectric,45.647179,-68.704368,54134,ME
5.4,Hydroelectric,45.647179,-68.704368,54134,ME
3.2,Hydroelectric,45.647179,-68.704368,54134,ME
3.2,Hydroelectric,45.647179,-68.704368,54134,ME
3.2,Hydroelectric,45.647179,-68.704368,54134,ME
4.8,Hydroelectric,45.647179,-68.704368,54134,ME
4.8,Hydroelectric,45.647179,-68.704368,54134,ME
4.8,Hydroelectric,45.647179,-68.704368,54134,ME
4.8,Hydroelectric,45.647179,-68.704368,54134,ME
47,Natural Gas,43.3135914,-76.3997384,54138,NY
2,Hydroelectric,39.6419,-104.9138,54142,CO
36.2,Coal,41.1764,-79.4414,54144,PA
7.5,Hydroelectric,44.563031,-69.619162,54148,ME
7.5,Hydroelectric,44.563031,-69.619162,54148,ME
47,Natural Gas,40.916833,-73.129056,54149,NY
3,Coal,42.0275,-93.6394,54201,IA
13.2,Coal,42.0275,-93.6394,54201,IA
6.2,Coal,42.0275,-93.6394,54201,IA
11.5,Coal,42.0275,-93.6394,54201,IA
0.7,Hydroelectric,44.087963,-70.212368,54202,ME
0.5,Hydroelectric,44.087963,-70.212368,54202,ME
0.4,Hydroelectric,44.087963,-70.212368,54202,ME
4.2,Natural Gas,32.3133,-90.1797,54203,MS
2.4,Natural Gas,36.6695658,-107.9631308,54205,NM
2.4,Natural Gas,36.6695658,-107.9631308,54205,NM
3,Natural Gas,41.2119,-80.8176,54207,OH
7.5,Natural Gas,41.2119,-80.8176,54207,OH
10,Natural Gas,41.2119,-80.8176,54207,OH
2.5,Other,31.7599946,-108.5424511,54208,NM
2.5,Other,31.7599946,-108.5424511,54208,NM
2.5,Other,31.7599946,-108.5424511,54208,NM
15,Natural Gas,31.7599946,-108.5424511,54208,NM
15,Natural Gas,31.7599946,-108.5424511,54208,NM
13.3,Coal,47.437562,-97.06311,54210,ND
3,Coal,46.9026,-96.76112,54211,MN
2,Coal,46.9026,-96.76112,54211,MN
3.5,Coal,47.76468,-96.633375,54212,MN
3,Coal,47.76468,-96.633375,54212,MN
6,Coal,48.593158,-97.17608,54213,ND
5,Coal,47.927202,-97.007153,54214,MN
5,Coal,47.927202,-97.007153,54214,MN
5,Coal,33.328107,-86.356825,54216,AL
5,Coal,33.328107,-86.356825,54216,AL
5,Coal,33.328107,-86.356825,54216,AL
5,Coal,33.328107,-86.356825,54216,AL
5,Coal,33.328107,-86.356825,54216,AL
12.5,Other,33.328107,-86.356825,54216,AL
11.4,Other,40.909483,-121.640368,54219,CA
1.5,Natural Gas,36.7329963,-107.9568758,54221,NM
1.5,Natural Gas,36.7329963,-107.9568758,54221,NM
0.6,Other,53.878329,-166.5408687,54222,AK
0.6,Other,53.878329,-166.5408687,54222,AK
0.6,Other,53.878329,-166.5408687,54222,AK
1.5,Other,53.878329,-166.5408687,54222,AK
2,Other,53.878329,-166.5408687,54222,AK
0.6,Other,53.878329,-166.5408687,54222,AK
2,Other,44.020576,-92.465599,54224,MN
2,Other,44.020576,-92.465599,54224,MN
2,Other,44.020576,-92.465599,54224,MN
2.5,Natural Gas,44.020576,-92.465599,54224,MN
2.5,Natural Gas,44.020576,-92.465599,54224,MN
6.3,Natural Gas,44.020576,-92.465599,54224,MN
2.4,Natural Gas,44.020576,-92.465599,54224,MN
2.4,Natural Gas,44.020576,-92.465599,54224,MN
0.5,Other,42.3436,-71.0559,54225,MA
0.5,Other,42.3436,-71.0559,54225,MA
1,Other,42.3436,-71.0559,54225,MA
7.5,Other,42.3436,-71.0559,54225,MA
5,Other,42.3436,-71.0559,54225,MA
25,Natural Gas,35.2816161,-89.9641409,54226,TN
2.5,Other,42.5986959,-72.383355,54228,MA
3,Coal,40.9692,-81.7736,54235,OH
5,Coal,40.9692,-81.7736,54235,OH
6,Coal,40.9692,-81.7736,54235,OH
2.5,Natural Gas,41.3315,-72.0786,54236,CT
2.5,Natural Gas,41.3315,-72.0786,54236,CT
10,Natural Gas,41.3315,-72.0786,54236,CT
10,Natural Gas,41.3315,-72.0786,54236,CT
7.5,Natural Gas,41.3315,-72.0786,54236,CT
54,Coal,37.943633,-121.330433,54238,CA
2.5,Other,30.7917,-81.5333,54239,GA
2.5,Other,30.7917,-81.5333,54239,GA
2.5,Other,30.7917,-81.5333,54239,GA
2.5,Other,30.7917,-81.5333,54239,GA
2.5,Other,30.7917,-81.5333,54239,GA
2.5,Other,30.7917,-81.5333,54239,GA
2.5,Other,30.7917,-81.5333,54239,GA
2.5,Other,30.7917,-81.5333,54239,GA
2.5,Other,30.7917,-81.5333,54239,GA
2.5,Other,30.7917,-81.5333,54239,GA
2.5,Other,30.7917,-81.5333,54239,GA
2.5,Other,30.7917,-81.5333,54239,GA
2.5,Natural Gas,32.5256,-92.6497,54240,LA
5,Natural Gas,32.5256,-92.6497,54240,LA
7.5,Natural Gas,32.5256,-92.6497,54240,LA
2.1,Hydroelectric,32.7814,-117.0411,54242,CA
1.5,Coal,32.813816,-83.5565419,54243,GA
1.1,Other,35.5186,-113.3108,54245,AZ
1.1,Other,35.5186,-113.3108,54245,AZ
6.2,Natural Gas,32.7450811,-96.8071422,54248,TX
18,Hydroelectric,48.959547,-116.557375,54249,ID
18,Hydroelectric,48.959547,-116.557375,54249,ID
2.1,Hydroelectric,48.959547,-116.557375,54249,ID
1.8,Other,40.013993,-75.05283,54250,PA
4.3,Hydroelectric,44.49004,-121.298812,54251,OR
1,Other,37.451066,-122.1059559,54252,CA
1,Other,37.451066,-122.1059559,54252,CA
55,Natural Gas,29.397154,-94.923666,54253,TX
16,Wind,33.9683,-116.5347,54258,CA
2.7,Hydroelectric,38.722141,-123.011188,54261,CA
4.7,Natural Gas,44.09785,-92.479815,54262,MN
3,Natural Gas,44.09785,-92.479815,54262,MN
2.5,Other,44.09785,-92.479815,54262,MN
2.7,Natural Gas,44.09785,-92.479815,54262,MN
2,Other,41.073336,-81.530642,54265,OH
2,Other,41.073336,-81.530642,54265,OH
3.5,Natural Gas,41.7665502,-72.6757236,54266,CT
12,Hydroelectric,48.680178,-121.723294,54267,WA
46.6,Natural Gas,48.4708,-122.56,54268,WA
46.6,Natural Gas,48.4708,-122.56,54268,WA
46.6,Natural Gas,48.4708,-122.56,54268,WA
27,Natural Gas,48.4708,-122.56,54268,WA
45.1,Natural Gas,36.0417,-115.0117,54271,NV
45.1,Natural Gas,36.0417,-115.0117,54271,NV
37,Natural Gas,36.0417,-115.0117,54271,NV
28,Coal,35.9069,-79.0617,54276,NC
12.5,Natural Gas,31.741629,-81.407856,54281,GA
1.3,Hydroelectric,35.484488,-94.392858,54283,AR
1.8,Other,34.08254,-84.237999,54284,GA
1.8,Other,34.08254,-84.237999,54284,GA
1.8,Other,34.08254,-84.237999,54284,GA
1.8,Other,34.08254,-84.237999,54284,GA
1.8,Other,34.08254,-84.237999,54284,GA
1.8,Other,34.08254,-84.237999,54284,GA
2.2,Hydroelectric,44.760249,-92.867743,54285,MN
2.2,Hydroelectric,44.760249,-92.867743,54285,MN
2.5,Natural Gas,39.7398,-86.2118,54286,IN
5,Other,39.7398,-86.2118,54286,IN
4,Natural Gas,39.7398,-86.2118,54286,IN
4,Natural Gas,39.7398,-86.2118,54286,IN
6,Other,40.0288905,-75.226028,54288,PA
6,Other,40.0288905,-75.226028,54288,PA
1.3,Other,33.7533,-84.3889,54290,GA
6,Other,27.883588,-97.26097,54291,TX
6,Other,27.883588,-97.26097,54291,TX
6,Other,27.883588,-97.26097,54291,TX
6,Other,27.883588,-97.26097,54291,TX
1.2,Other,42.9698093,-71.4676372,54293,NH
1.2,Other,42.9698093,-71.4676372,54293,NH
1.2,Other,42.9698093,-71.4676372,54293,NH
1.2,Other,42.9698093,-71.4676372,54293,NH
5,Natural Gas,42.9698093,-71.4676372,54293,NH
1.5,Other,44.8256,-93.1139,54294,MN
1.5,Other,44.8256,-93.1139,54294,MN
2,Other,44.8256,-93.1139,54294,MN
0.6,Natural Gas,33.906953,-118.013105,54296,CA
0.6,Natural Gas,33.906953,-118.013105,54296,CA
1,Natural Gas,33.906953,-118.013105,54296,CA
1,Wind,35.1111736,-118.3237773,54297,CA
3.3,Wind,35.0583,-118.3417,54298,CA
1.4,Wind,35.075,-118.3417,54299,CA
4.5,Wind,35.0583,-118.3083,54300,CA
0.1,Wind,35.0583,-118.3083,54300,CA
1.5,Hydroelectric,42.007778,-73.0356,54301,CT
1.5,Hydroelectric,42.007778,-73.0356,54301,CT
1.6,Hydroelectric,41.988611,-73.0194,54302,CT
1.6,Hydroelectric,41.988611,-73.0194,54302,CT
258.3,Coal,38.2667,-77.3147,54304,VA
2.2,Other,53.8575,-166.5539,54305,AK
2.2,Other,53.8575,-166.5539,54305,AK
2.2,Other,53.8575,-166.5539,54305,AK
4.2,Hydroelectric,42.6289,-114.1748,54306,ID
4.2,Hydroelectric,42.6289,-114.1748,54306,ID
1.3,Hydroelectric,40.199822,-123.523145,54308,CA
1,Natural Gas,40.9,-90.3333,54310,IL
1,Natural Gas,40.9,-90.3333,54310,IL
1,Natural Gas,40.9,-90.3333,54310,IL
1,Natural Gas,34.741442,-92.2442136,54311,AR
1,Natural Gas,34.741442,-92.2442136,54311,AR
1,Natural Gas,34.741442,-92.2442136,54311,AR
1,Natural Gas,34.741442,-92.2442136,54311,AR
4.6,Natural Gas,39.5627695,-89.2725708,54312,IL
0.8,Natural Gas,41.8009645,-87.67905,54313,IL
0.8,Natural Gas,41.8009645,-87.67905,54313,IL
1,Natural Gas,41.8009645,-87.67905,54313,IL
18,Natural Gas,33.9397,-77.9905,54316,NC
17.5,Natural Gas,33.9397,-77.9905,54316,NC
17,Natural Gas,33.9397,-77.9905,54316,NC
15,Coal,41.5933,-109.7542,54318,WY
15,Coal,41.5933,-109.7542,54318,WY
5,Natural Gas,29.9728,-94.2142,54321,TX
14.8,Natural Gas,29.9728,-94.2142,54321,TX
5,Natural Gas,29.9728,-94.2142,54321,TX
5,Natural Gas,29.9728,-94.2142,54321,TX
5,Natural Gas,29.9728,-94.2142,54321,TX
0.6,Hydroelectric,33.487881,-81.99252,54322,GA
0.7,Hydroelectric,33.487881,-81.99252,54322,GA
0.8,Hydroelectric,33.487881,-81.99252,54322,GA
1.5,Other,34.7533,-84.3889,54323,GA
2,Other,34.7533,-84.3889,54323,GA
2,Other,34.7533,-84.3889,54323,GA
2,Other,34.7533,-84.3889,54323,GA
2,Other,34.7533,-84.3889,54323,GA
2,Other,34.7533,-84.3889,54323,GA
1.5,Other,34.7533,-84.3889,54323,GA
82.8,Natural Gas,42.0099,-71.6701,54324,RI
82.8,Natural Gas,42.0099,-71.6701,54324,RI
88.6,Natural Gas,42.0099,-71.6701,54324,RI
1.8,Other,34.2182374,-118.3792545,54326,CA
1.8,Other,34.2182374,-118.3792545,54326,CA
1.8,Other,34.2182374,-118.3792545,54326,CA
1.8,Other,34.2182374,-118.3792545,54326,CA
1.8,Other,34.2182374,-118.3792545,54326,CA
1.8,Other,34.1717,-118.3792,54327,CA
1.8,Other,34.1717,-118.3792,54327,CA
1.8,Other,34.1717,-118.3792,54327,CA
1.8,Other,34.1717,-118.3792,54327,CA
1.8,Other,34.1717,-118.3792,54327,CA
3.7,Natural Gas,29.726017,-95.638249,54330,TX
2.5,Coal,40.001941,-75.7019849,54331,PA
4.7,Natural Gas,40.955015,-76.878843,54333,PA
1.2,Natural Gas,40.955015,-76.878843,54333,PA
1.5,Coal,40.9692,-81.7756,54335,OH
0.8,Other,41.3164856,-73.0931641,54336,CT
0.8,Other,41.3164856,-73.0931641,54336,CT
0.8,Natural Gas,32.71,-117.1619,54337,CA
0.8,Natural Gas,32.71,-117.1619,54337,CA
2.5,Other,26.269683,-97.867012,54338,TX
2.5,Other,26.269683,-97.867012,54338,TX
2.5,Other,26.269683,-97.867012,54338,TX
16.3,Natural Gas,34.0592371,-117.7893162,54339,CA
2.8,Hydroelectric,45.1025,-83.5189,54340,MI
1.2,Hydroelectric,45.1025,-83.5189,54340,MI
0.6,Hydroelectric,45.0933,-83.5025,54341,MI
0.6,Hydroelectric,45.0933,-83.5025,54341,MI
0.6,Hydroelectric,45.0933,-83.5025,54341,MI
0.4,Hydroelectric,45.0717,-83.4381,54342,MI
0.4,Hydroelectric,45.0717,-83.4381,54342,MI
0.4,Hydroelectric,45.0717,-83.4381,54342,MI
20.1,Hydroelectric,36.4156,-119.0069,54343,CA
7.5,Natural Gas,40.4189863,-80.5894768,54344,WV
7.5,Natural Gas,40.4189863,-80.5894768,54344,WV
7.5,Natural Gas,40.4189863,-80.5894768,54344,WV
7.5,Natural Gas,40.4189863,-80.5894768,54344,WV
10,Natural Gas,40.4189863,-80.5894768,54344,WV
10,Natural Gas,40.4189863,-80.5894768,54344,WV
25,Natural Gas,40.4189863,-80.5894768,54344,WV
20,Natural Gas,40.4189863,-80.5894768,54344,WV
1.3,Other,32.687646,-83.3465561,54345,GA
1.6,Other,32.687646,-83.3465561,54345,GA
1.6,Other,32.687646,-83.3465561,54345,GA
0.5,Other,27.9389,-82.4389,54347,FL
0.5,Other,27.9389,-82.4389,54347,FL
0.5,Other,27.9389,-82.4389,54347,FL
0.5,Other,27.9389,-82.4389,54347,FL
0.5,Other,27.9389,-82.4389,54347,FL
22.2,Natural Gas,36.2253,-114.8783,54349,NV
22.2,Natural Gas,36.2253,-114.8783,54349,NV
22.2,Natural Gas,36.2253,-114.8783,54349,NV
29.7,Natural Gas,36.2253,-114.8783,54349,NV
22.2,Natural Gas,36.343229,-114.920686,54350,NV
22.2,Natural Gas,36.343229,-114.920686,54350,NV
22.2,Natural Gas,36.343229,-114.920686,54350,NV
29.7,Natural Gas,36.343229,-114.920686,54350,NV
2.5,Hydroelectric,44.49,-73.1875,54355,VT
2.5,Hydroelectric,44.49,-73.1875,54355,VT
2.5,Hydroelectric,44.49,-73.1875,54355,VT
27,Coal,33.328259,-81.953078,54358,GA
39,Coal,33.328259,-81.953078,54358,GA
18.7,Coal,33.328259,-81.953078,54358,GA
0.9,Other,40.4398819,-80.0034788,54359,PA
0.9,Other,40.4398819,-80.0034788,54359,PA
0.5,Other,40.4398819,-80.0034788,54359,PA
1.2,Other,39.7703,-88.8697,54360,IL
0.7,Other,39.7703,-88.8697,54360,IL
2,Other,39.7703,-88.8697,54360,IL
2,Other,39.7703,-88.8697,54360,IL
0.9,Other,35.3264,-81.6292,54363,NC
0.9,Other,35.3264,-81.6292,54363,NC
1.2,Other,35.3264,-81.6292,54363,NC
1.2,Other,35.3264,-81.6292,54363,NC
2,Other,33.9133,-98.4931,54364,TX
0.9,Other,33.9133,-98.4931,54364,TX
2,Other,33.9133,-98.4931,54364,TX
1.1,Other,33.9133,-98.4931,54364,TX
54,Natural Gas,27.87082,-81.825061,54365,FL
54,Natural Gas,27.87082,-81.825061,54365,FL
28.6,Natural Gas,27.87082,-81.825061,54365,FL
3,Natural Gas,40.1945362,-74.7430734,54367,NJ
42.2,Natural Gas,35.417,-119.0102,54371,CA
16,Natural Gas,40.00759,-105.269204,54372,CO
16,Natural Gas,40.00759,-105.269204,54372,CO
1,Natural Gas,40.00759,-105.269204,54372,CO
5,Natural Gas,42.0736,-72.0219,54373,MA
3,Natural Gas,42.0736,-72.0219,54373,MA
1.3,Natural Gas,42.0736,-72.0219,54373,MA
1.3,Natural Gas,42.0736,-72.0219,54373,MA
1.3,Natural Gas,42.0736,-72.0219,54373,MA
1.3,Natural Gas,42.0736,-72.0219,54373,MA
1.3,Natural Gas,42.0736,-72.0219,54373,MA
0.4,Other,41.77952,-107.10972,54374,WY
0.4,Other,41.77952,-107.10972,54374,WY
1.3,Natural Gas,41.77952,-107.10972,54374,WY
1.1,Other,41.77952,-107.10972,54374,WY
1,Hydroelectric,43.1897,-71.7483,54384,NH
0.8,Hydroelectric,41.3686,-73.0856,54385,CT
1.5,Hydroelectric,41.3686,-73.0856,54385,CT
2.8,Hydroelectric,43.425228,-114.025597,54386,ID
4.3,Hydroelectric,47.43348,-121.6483,54387,WA
9.2,Wind,18.9792988,-155.6878748,54390,HI
1.5,Hydroelectric,44.519153,-73.464752,54391,NY
0.6,Hydroelectric,44.519153,-73.464752,54391,NY
0.8,Other,33.93,-84.2378,54392,GA
0.8,Other,33.93,-84.2378,54392,GA
0.8,Other,33.93,-84.2378,54392,GA
3.6,Hydroelectric,44.027444,-112.719439,54394,ID
1.7,Hydroelectric,42.937465,-73.654393,54395,NY
1.7,Hydroelectric,42.937465,-73.654393,54395,NY
3,Other,21.4043707,-157.7419985,54405,HI
1.5,Coal,43.078512,-89.377261,54406,WI
1.5,Coal,43.078512,-89.377261,54406,WI
1,Coal,43.6233,-88.7297,54407,WI
1,Coal,43.6233,-88.7297,54407,WI
9.7,Coal,43.07,-89.4006,54408,WI
2,Other,43.701916,-72.286735,54409,NH
2,Other,43.701916,-72.286735,54409,NH
3,Other,43.701916,-72.286735,54409,NH
27.7,Natural Gas,35.440539,-119.012861,54410,CA
8.3,Natural Gas,35.440539,-119.012861,54410,CA
1.5,Other,42.5734,-90.6926,54414,IA
3.5,Coal,42.5734,-90.6926,54414,IA
3,Coal,42.5734,-90.6926,54414,IA
7.5,Coal,42.5734,-90.6926,54414,IA
1.5,Other,42.5734,-90.6926,54414,IA
1.5,Other,42.5734,-90.6926,54414,IA
1.5,Other,42.5734,-90.6926,54414,IA
1.5,Other,42.5734,-90.6926,54414,IA
1.5,Other,42.5734,-90.6926,54414,IA
44,Other,44.26169,-85.435224,54415,MI
2.3,Natural Gas,40.8436796,-75.0650138,54416,NJ
38.2,Natural Gas,40.8436796,-75.0650138,54416,NJ
0.7,Hydroelectric,43.236111,-70.817222,54418,NH
0.7,Hydroelectric,43.236111,-70.817222,54418,NH
2.5,Other,53.8892,-166.5583,54422,AK
2.6,Other,53.8892,-166.5583,54422,AK
2.7,Other,53.8892,-166.5583,54422,AK
2.5,Other,53.8892,-166.5583,54422,AK
2.7,Other,53.8892,-166.5583,54422,AK
2.5,Other,53.8892,-166.5583,54422,AK
57.4,Natural Gas,28.9158,-81.676,54423,FL
69.2,Natural Gas,28.9158,-81.676,54423,FL
31.1,Natural Gas,28.9158,-81.676,54423,FL
1.2,Other,28.374622,-82.188887,54424,FL
1.2,Other,28.374622,-82.188887,54424,FL
48.8,Natural Gas,28.374622,-82.188887,54424,FL
48.8,Natural Gas,28.374622,-82.188887,54424,FL
26.5,Natural Gas,28.374622,-82.188887,54424,FL
49,Natural Gas,43.0391459,-76.1435009,54425,NY
49,Natural Gas,43.0391459,-76.1435009,54425,NY
82,Natural Gas,27.8489,-81.8775,54426,FL
49.5,Natural Gas,27.8489,-81.8775,54426,FL
37,Other,30.7811,-89.8575,54427,LA
25,Other,30.7811,-89.8575,54427,LA
37.5,Other,30.7811,-89.8575,54427,LA
4,Coal,30.7349576,-81.5447406,54428,GA
6.7,Coal,30.7349576,-81.5447406,54428,GA
18.7,Coal,30.7349576,-81.5447406,54428,GA
69,Other,31.5825,-87.4889,54429,AL
43.5,Natural Gas,30.3623114,-81.6552183,54430,FL
0.8,Natural Gas,30.9481909,-88.1684276,54441,AL
0.8,Natural Gas,30.9481909,-88.1684276,54441,AL
1,Natural Gas,30.9481909,-88.1684276,54441,AL
1,Natural Gas,32.6527635,-102.8463647,54443,TX
1,Natural Gas,32.6527635,-102.8463647,54443,TX
1,Natural Gas,32.6527635,-102.8463647,54443,TX
3,Natural Gas,34.2775618,-119.2944725,54445,CA
5,Natural Gas,35.354444,-119.6617,54447,CA
3,Natural Gas,35.220833,-119.583056,54449,CA
3,Natural Gas,35.220833,-119.583056,54449,CA
10,Natural Gas,33.7686,-118.2867,54451,CA
58.5,Natural Gas,33.7686,-118.2867,54451,CA
1.3,Natural Gas,60.6732,-151.3784,54452,AK
1.3,Natural Gas,60.6732,-151.3784,54452,AK
1.3,Natural Gas,60.6732,-151.3784,54452,AK
1.3,Natural Gas,60.6732,-151.3784,54452,AK
1.3,Natural Gas,60.6732,-151.3784,54452,AK
1.3,Natural Gas,60.6732,-151.3784,54452,AK
1.3,Natural Gas,60.6732,-151.3784,54452,AK
2.5,Natural Gas,60.6732,-151.3784,54452,AK
2.5,Natural Gas,60.6732,-151.3784,54452,AK
2.5,Natural Gas,60.6732,-151.3784,54452,AK
2.5,Natural Gas,60.6732,-151.3784,54452,AK
2.5,Natural Gas,60.6732,-151.3784,54452,AK
60,Wind,38.1167,-121.8333,54453,CA
34.5,Wind,33.9228,-116.5422,54454,CA
0.7,Natural Gas,41.8795845,-87.6237133,54455,IL
0.7,Natural Gas,41.8795845,-87.6237133,54455,IL
1,Other,34.0875,-84.8694,54457,GA
1,Other,34.0875,-84.8694,54457,GA
1,Other,34.0875,-84.8694,54457,GA
1,Other,34.0875,-84.8694,54457,GA
1,Other,34.0875,-84.8694,54457,GA
1,Natural Gas,31.3403,-101.7653,54458,TX
1,Natural Gas,31.3403,-101.7653,54458,TX
1.2,Natural Gas,31.6488637,-101.7689581,54459,TX
1.2,Natural Gas,31.6488637,-101.7689581,54459,TX
1.2,Natural Gas,31.6488637,-101.7689581,54459,TX
0.6,Hydroelectric,33.477027,-81.982732,54462,GA
0.6,Hydroelectric,33.477027,-81.982732,54462,GA
7.5,Other,32.7714,-83.6281,54464,GA
5,Other,32.7714,-83.6281,54464,GA
5,Other,32.7714,-83.6281,54464,GA
15.9,Other,32.7714,-83.6281,54464,GA
122.4,Natural Gas,28.442623,-81.412343,54466,FL
11.4,Other,40.2969,-121.0178,54468,CA
9,Other,39.480419,-121.565663,54469,CA
9,Other,39.480419,-121.565663,54469,CA
4.2,Hydroelectric,32.470387,-84.997,54470,GA
0.5,Hydroelectric,43.633373,-72.317162,54471,NH
0.5,Hydroelectric,43.633373,-72.317162,54471,NH
0.5,Hydroelectric,43.633373,-72.317162,54471,NH
11.5,Other,41.5417,-109.1328,54472,WY
87.8,Natural Gas,48.9905,-122.2733,54476,WA
37.7,Natural Gas,48.9905,-122.2733,54476,WA
1.1,Natural Gas,39.5125,-121.5817,54477,CA
1.1,Natural Gas,39.5125,-121.5817,54477,CA
1.1,Natural Gas,39.5125,-121.5817,54477,CA
1.1,Natural Gas,39.5125,-121.5817,54477,CA
1.1,Natural Gas,39.5125,-121.5817,54477,CA
1.1,Natural Gas,39.5125,-121.5817,54477,CA
1.1,Natural Gas,39.5125,-121.5817,54477,CA
10,Other,29.6511773,-95.1371261,54507,TX
4,Other,29.6511773,-95.1371261,54507,TX
5,Natural Gas,29.9468,-90.0018,54512,LA
5,Natural Gas,29.9468,-90.0018,54512,LA
4,Natural Gas,29.9468,-90.0018,54512,LA
0.7,Natural Gas,41.7697,-88.28,54513,IL
0.7,Natural Gas,41.7697,-88.28,54513,IL
0.7,Natural Gas,41.7697,-88.28,54513,IL
0.8,Natural Gas,41.7697,-88.28,54513,IL
1.3,Hydroelectric,42.69984,-114.822603,54514,ID
0.7,Other,43.0056,-71.9517,54515,NH
0.7,Other,43.0056,-71.9517,54515,NH
2.3,Natural Gas,41.8607071,-89.4550271,54516,IL
2.3,Natural Gas,41.8607071,-89.4550271,54516,IL
2.3,Natural Gas,41.8607071,-89.4550271,54516,IL
2.3,Natural Gas,41.8607071,-89.4550271,54516,IL
2.3,Natural Gas,41.8607071,-89.4550271,54516,IL
2.3,Natural Gas,41.8607071,-89.4550271,54516,IL
7.5,Other,37.9624723,-120.3192535,54517,CA
38.2,Natural Gas,30.4992,-91.1872,54518,LA
42.7,Natural Gas,30.4992,-91.1872,54518,LA
38.8,Natural Gas,30.4992,-91.1872,54518,LA
12,Natural Gas,30.4992,-91.1872,54518,LA
12,Natural Gas,30.4992,-91.1872,54518,LA
1.1,Other,32.775093,-97.14209,54520,TX
0.9,Natural Gas,32.775093,-97.14209,54520,TX
0.9,Natural Gas,32.775093,-97.14209,54520,TX
5.3,Natural Gas,32.775093,-97.14209,54520,TX
5.3,Natural Gas,32.775093,-97.14209,54520,TX
1.5,Other,40.4570306,-74.3369674,54522,NJ
3,Other,40.4570306,-74.3369674,54522,NJ
0.8,Natural Gas,40.0008,-88.2981,54523,IL
0.8,Natural Gas,40.0008,-88.2981,54523,IL
0.8,Natural Gas,40.0008,-88.2981,54523,IL
0.8,Natural Gas,40.0008,-88.2981,54523,IL
0.8,Natural Gas,40.0008,-88.2981,54523,IL
0.8,Natural Gas,40.0008,-88.2981,54523,IL
0.8,Natural Gas,40.0008,-88.2981,54523,IL
0.8,Natural Gas,40.0008,-88.2981,54523,IL
0.8,Natural Gas,40.0008,-88.2981,54523,IL
4.7,Hydroelectric,43.904085,-116.244193,54524,ID
4.7,Hydroelectric,43.904085,-116.244193,54524,ID
0.4,Hydroelectric,41.1128,-87.8681,54525,IL
0.4,Hydroelectric,41.1128,-87.8681,54525,IL
0.4,Hydroelectric,41.1128,-87.8681,54525,IL
21.1,Other,43.617965,-75.305443,54526,NY
47.1,Other,28.0274,-81.8475,54529,FL
2.5,Natural Gas,29.7614,-93.6086,54531,LA
5,Natural Gas,40.496344,-80.0777899,54532,PA
6.3,Natural Gas,40.496344,-80.0777899,54532,PA
7.5,Coal,44.796405,-95.179787,54533,MN
1.7,Natural Gas,27.9628,-82.5017,54534,FL
1.3,Natural Gas,30.3069,-81.6892,54535,FL
0.8,Other,42.1781,-83.4853,54536,MI
0.8,Other,42.1781,-83.4853,54536,MI
0.8,Other,42.1781,-83.4853,54536,MI
0.8,Other,42.1781,-83.4853,54536,MI
0.8,Other,42.1781,-83.4853,54536,MI
0.8,Other,42.1781,-83.4853,54536,MI
0.8,Other,42.1781,-83.4853,54536,MI
0.8,Other,42.1781,-83.4853,54536,MI
0.8,Other,42.1781,-83.4853,54536,MI
0.8,Other,42.1781,-83.4853,54536,MI
0.8,Other,42.1781,-83.4853,54536,MI
0.8,Other,42.1781,-83.4853,54536,MI
0.8,Other,42.1781,-83.4853,54536,MI
0.8,Other,42.1781,-83.4853,54536,MI
0.8,Other,42.1781,-83.4853,54536,MI
90.8,Natural Gas,48.828813,-122.686666,54537,WA
90.8,Natural Gas,48.828813,-122.686666,54537,WA
71.8,Natural Gas,48.828813,-122.686666,54537,WA
180,Natural Gas,34.339588,-82.819871,54538,GA
180,Natural Gas,34.339588,-82.819871,54538,GA
0.8,Other,42.985,-83.9764,54539,MI
0.8,Other,42.985,-83.9764,54539,MI
1,Natural Gas,42.3142,-88.4561,54540,IL
1,Natural Gas,42.3142,-88.4561,54540,IL
1,Natural Gas,42.3142,-88.4561,54540,IL
1,Natural Gas,42.3142,-88.4561,54540,IL
1,Natural Gas,42.3142,-88.4561,54540,IL
1,Natural Gas,42.3142,-88.4561,54540,IL
1.3,Natural Gas,40.7392,-73.2597,54541,NY
1.3,Natural Gas,40.7392,-73.2597,54541,NY
1.3,Natural Gas,40.7392,-73.2597,54541,NY
1.3,Other,40.7392,-73.2597,54541,NY
211.5,Natural Gas,43.495,-76.4511,54547,NY
211.5,Natural Gas,43.495,-76.4511,54547,NY
211.5,Natural Gas,43.495,-76.4511,54547,NY
211.5,Natural Gas,43.495,-76.4511,54547,NY
204,Natural Gas,43.495,-76.4511,54547,NY
204,Natural Gas,43.495,-76.4511,54547,NY
3.3,Hydroelectric,43.980806,-75.624677,54548,NY
0.8,Other,42.8153,-84.5075,54549,MI
0.8,Other,42.8153,-84.5075,54549,MI
0.8,Other,42.8153,-84.5075,54549,MI
0.8,Other,42.8153,-84.5075,54549,MI
0.9,Natural Gas,30.43203,-88.18241,54550,AL
3.7,Natural Gas,30.43203,-88.18241,54550,AL
3.7,Natural Gas,30.43203,-88.18241,54550,AL
3.7,Natural Gas,30.43203,-88.18241,54550,AL
2.7,Hydroelectric,38.3914,-120.0008,54554,CA
2.7,Hydroelectric,38.3914,-120.0008,54554,CA
0.5,Hydroelectric,38.3914,-120.0008,54554,CA
126.5,Hydroelectric,38.144636,-120.380497,54555,CA
126.5,Hydroelectric,38.144636,-120.380497,54555,CA
4.8,Natural Gas,41.7775,-87.8233,54556,IL
4.8,Natural Gas,41.7775,-87.8233,54556,IL
22.5,Coal,41.7775,-87.8233,54556,IL
22.5,Coal,41.7775,-87.8233,54556,IL
3.8,Hydroelectric,42.6051,-114.093,54558,ID
3.8,Hydroelectric,42.6051,-114.093,54558,ID
24,Natural Gas,37.368153,-121.943607,54561,CA
3,Natural Gas,37.368153,-121.943607,54561,CA
2.5,Other,46.103887,-122.918429,54562,WA
3.5,Other,46.103887,-122.918429,54562,WA
10,Other,46.103887,-122.918429,54562,WA
6,Other,46.103887,-122.918429,54562,WA
20,Other,46.103887,-122.918429,54562,WA
25,Other,46.103887,-122.918429,54562,WA
68,Natural Gas,46.103887,-122.918429,54562,WA
3.8,Natural Gas,42.870968,-78.875549,54564,NY
0.5,Other,32.8061,-83.5456,54566,GA
1.6,Other,32.8061,-83.5456,54566,GA
1.7,Other,32.8061,-83.5456,54566,GA
1.7,Other,32.8061,-83.5456,54566,GA
0.4,Other,32.8061,-83.5456,54566,GA
0.4,Other,32.8061,-83.5456,54566,GA
0.5,Other,32.8061,-83.5456,54566,GA
0.6,Other,38.6794,-121.7642,54567,CA
0.6,Other,38.6794,-121.7642,54567,CA
0.6,Other,38.6794,-121.7642,54567,CA
0.6,Other,38.6794,-121.7642,54567,CA
0.4,Other,38.6794,-121.7642,54567,CA
0.3,Other,39.909424,-74.178041,54569,NJ
0.3,Other,39.909424,-74.178041,54569,NJ
0.3,Other,39.909424,-74.178041,54569,NJ
1.5,Other,39.909424,-74.178041,54569,NJ
1.5,Other,39.909424,-74.178041,54569,NJ
1.5,Other,39.909424,-74.178041,54569,NJ
1.5,Other,39.909424,-74.178041,54569,NJ
0.6,Other,39.909424,-74.178041,54569,NJ
34.8,Natural Gas,42.201966,-79.842006,54571,PA
34.8,Natural Gas,42.201966,-79.842006,54571,PA
18.6,Natural Gas,42.201966,-79.842006,54571,PA
0.3,Hydroelectric,43.473238,-71.533623,54572,NH
0.3,Hydroelectric,43.473238,-71.533623,54572,NH
0.3,Hydroelectric,43.473238,-71.533623,54572,NH
0.3,Hydroelectric,43.473238,-71.533623,54572,NH
1,Hydroelectric,41.598395,-73.922036,54573,NY
1,Hydroelectric,41.598395,-73.922036,54573,NY
95.2,Natural Gas,44.7132,-73.4557,54574,NY
95.2,Natural Gas,44.7132,-73.4557,54574,NY
95.2,Natural Gas,44.7132,-73.4557,54574,NY
10.4,Natural Gas,42.953989,-115.293739,54578,ID
10.4,Natural Gas,42.6056,-113.6839,54579,ID
2.6,Hydroelectric,43.2469,-73.8281,54580,NY
2.6,Hydroelectric,43.2469,-73.8281,54580,NY
2.6,Hydroelectric,43.2469,-73.8281,54580,NY
1,Hydroelectric,43.2469,-73.8281,54580,NY
1,Hydroelectric,43.2469,-73.8281,54580,NY
24.6,Hydroelectric,43.2469,-73.8281,54580,NY
24.6,Hydroelectric,43.2469,-73.8281,54580,NY
65.5,Natural Gas,42.632124,-71.313235,54586,MA
27.1,Natural Gas,42.632124,-71.313235,54586,MA
2.5,Other,45.3669,-68.5106,54587,ME
4,Other,45.3669,-68.5106,54587,ME
65,Other,26.8553233,-80.6301484,54590,FL
66.5,Natural Gas,44.9503,-74.8928,54592,NY
35.3,Natural Gas,44.9503,-74.8928,54592,NY
47.7,Natural Gas,42.9828,-78.1592,54593,NY
18.5,Natural Gas,42.9828,-78.1592,54593,NY
1.1,Other,42.9828,-78.1592,54593,NY
1.5,Other,32.578011,-110.852608,54594,AZ
1.6,Natural Gas,32.578011,-110.852608,54594,AZ
0.6,Natural Gas,40.9689163,-73.8863038,54595,NY
0.6,Natural Gas,40.9689163,-73.8863038,54595,NY
3.3,Natural Gas,40.3379993,-104.9272044,54596,CO
1.3,Other,41.4639394,-87.0438893,54598,IN
0.5,Natural Gas,42.4376439,-83.0840084,54602,MI
0.5,Natural Gas,42.4376439,-83.0840084,54602,MI
0.5,Natural Gas,42.2492884,-83.2885932,54603,MI
0.5,Natural Gas,42.2492884,-83.2885932,54603,MI
1.5,Other,42.299332,-83.705318,54604,MI
3,Natural Gas,42.299332,-83.705318,54604,MI
1,Other,42.299332,-83.705318,54604,MI
25.8,Natural Gas,41.748327,-72.636693,54605,CT
3.4,Natural Gas,29.5889,-98.6139,54606,TX
3.5,Natural Gas,32.9883,-96.7489,54607,TX
12,Coal,43.8762836,-116.9905218,54612,OR
1.5,Coal,43.8762836,-116.9905218,54612,OR
0.5,Coal,43.8762836,-116.9905218,54612,OR
0.9,Other,36.033761,-80.227404,54618,NC
7.5,Other,36.033761,-80.227404,54618,NC
18,Other,42.5428,-71.8528,54620,MA
1.2,Other,25.7111,-80.155,54623,FL
1.2,Other,25.7111,-80.155,54623,FL
1.2,Other,25.7111,-80.155,54623,FL
1.2,Other,25.7111,-80.155,54623,FL
0.9,Other,25.5664,-80.3325,54624,FL
0.9,Other,25.5664,-80.3325,54624,FL
0.9,Other,25.5664,-80.3325,54624,FL
32.1,Other,40.0967,-75.3103,54625,PA
62,Coal,35.576323,-119.006245,54626,CA
74.9,Other,26.5769,-80.7469,54627,FL
3.5,Natural Gas,31.764458,-106.391314,54628,TX
3.5,Natural Gas,31.764458,-106.391314,54628,TX
4.2,Natural Gas,31.764458,-106.391314,54628,TX
4.2,Natural Gas,31.764458,-106.391314,54628,TX
4.2,Natural Gas,31.764458,-106.391314,54628,TX
1.6,Other,39.648565,-106.949394,54630,CO
1.6,Other,39.648565,-106.949394,54630,CO
3.2,Natural Gas,39.648565,-106.949394,54630,CO
3.2,Natural Gas,39.648565,-106.949394,54630,CO
4.3,Natural Gas,30.235767,-93.216767,54632,LA
117,Coal,40.8222,-76.1736,54634,PA
38.6,Natural Gas,29.963502,-93.929737,54637,TX
38.6,Natural Gas,29.963502,-93.929737,54637,TX
60,Other,41.491466,-78.675759,54638,PA
2.4,Hydroelectric,44.3889,-71.1645,54639,NH
2.4,Hydroelectric,44.3889,-71.1645,54639,NH
2.4,Hydroelectric,44.3889,-71.1645,54639,NH
1.2,Hydroelectric,44.3889,-71.1645,54639,NH
1.2,Hydroelectric,44.3889,-71.1645,54639,NH
1.2,Hydroelectric,44.3889,-71.1645,54639,NH
1.2,Hydroelectric,44.3889,-71.1645,54639,NH
3.8,Hydroelectric,44.3889,-71.1645,54639,NH
3.8,Hydroelectric,44.3889,-71.1645,54639,NH
0.9,Hydroelectric,44.3889,-71.1645,54639,NH
0.9,Hydroelectric,44.3889,-71.1645,54639,NH
1.8,Hydroelectric,44.3889,-71.1645,54639,NH
0.7,Hydroelectric,44.3889,-71.1645,54639,NH
0.8,Hydroelectric,44.3889,-71.1645,54639,NH
0.7,Hydroelectric,44.3889,-71.1645,54639,NH
0.8,Hydroelectric,44.3889,-71.1645,54639,NH
0.6,Hydroelectric,44.3889,-71.1645,54639,NH
0.6,Hydroelectric,44.3889,-71.1645,54639,NH
0.6,Hydroelectric,44.3889,-71.1645,54639,NH
0.5,Hydroelectric,44.3889,-71.1645,54639,NH
0.7,Hydroelectric,44.3889,-71.1645,54639,NH
77.9,Natural Gas,40.0613,-74.1686,54640,NJ
77.9,Natural Gas,40.0613,-74.1686,54640,NJ
82.7,Natural Gas,40.0613,-74.1686,54640,NJ
0.6,Natural Gas,32.9769915,-117.0826326,54645,CA
0.6,Natural Gas,32.9769915,-117.0826326,54645,CA
119.2,Other,21.302106,-158.096318,54646,HI
119.2,Other,21.302106,-158.096318,54646,HI
61,Other,21.302106,-158.096318,54646,HI
28.7,Wind,35.05,-118.2572,54647,CA
9.1,Wind,33.9211,-116.5642,54650,CA
9.6,Wind,33.9211,-116.5642,54650,CA
1,Hydroelectric,48.706502,-122.1787684,54652,WA
1,Hydroelectric,48.706502,-122.1787684,54652,WA
1,Hydroelectric,48.706502,-122.1787684,54652,WA
1,Hydroelectric,48.706502,-122.1787684,54652,WA
1.1,Hydroelectric,39.558897,-121.296117,54653,CA
4.9,Hydroelectric,40.0941,-123.508983,54654,CA
1.5,Hydroelectric,36.576778,-79.432503,54655,VA
1.5,Hydroelectric,36.576778,-79.432503,54655,VA
1.5,Hydroelectric,36.576778,-79.432503,54655,VA
7.5,Other,34.3533,-78.2137,54656,NC
10,Other,34.3533,-78.2137,54656,NC
44,Other,34.3533,-78.2137,54656,NC
20,Other,41.6242,-72.041667,54657,CT
121.5,Natural Gas,28.0542,-81.8058,54658,FL
52,Natural Gas,28.0542,-81.8058,54658,FL
0.8,Other,41.0333,-87.8678,54659,IL
0.8,Other,41.0333,-87.8678,54659,IL
0.8,Other,43.026551,-75.1311874,54660,NY
0.8,Other,43.026551,-75.1311874,54660,NY
0.8,Other,42.5825,-88.0436,54661,WI
0.8,Other,42.5825,-88.0436,54661,WI
0.8,Other,42.5825,-88.0436,54661,WI
0.8,Other,42.5825,-88.0436,54661,WI
0.8,Other,42.5825,-88.0436,54661,WI
0.8,Other,42.5825,-88.0436,54661,WI
0.8,Other,42.5825,-88.0436,54661,WI
0.8,Other,42.5825,-88.0436,54661,WI
0.8,Other,42.5825,-88.0436,54661,WI
0.8,Other,42.5825,-88.0436,54661,WI
0.8,Other,42.5825,-88.0436,54661,WI
0.8,Other,41.9786,-88.2975,54662,IL
0.8,Other,41.9786,-88.2975,54662,IL
0.8,Other,43.241555,-70.966404,54663,NH
0.8,Other,43.241555,-70.966404,54663,NH
0.8,Other,43.241555,-70.966404,54663,NH
0.8,Other,43.241555,-70.966404,54663,NH
3,Other,43.241555,-70.966404,54663,NH
3,Other,43.241555,-70.966404,54663,NH
1.5,Natural Gas,40.553423,-89.6646706,54664,IL
11.3,Other,39.3951,-119.7471,54665,NV
11.3,Other,39.3951,-119.7471,54665,NV
11.3,Other,39.3951,-119.7471,54666,NV
11.3,Other,39.3951,-119.7471,54666,NV
7.5,Natural Gas,32.6956,-108.1225,54667,NM
10,Natural Gas,32.6956,-108.1225,54667,NM
16.5,Natural Gas,32.6956,-108.1225,54667,NM
30,Natural Gas,32.6956,-108.1225,54667,NM
37.5,Natural Gas,32.6956,-108.1225,54667,NM
4.5,Hydroelectric,44.0597,-111.3535,54668,ID
4.5,Hydroelectric,44.0597,-111.3535,54668,ID
0.4,Hydroelectric,46.383828,-115.949338,54674,ID
0.4,Hydroelectric,46.383828,-115.949338,54674,ID
0.4,Hydroelectric,46.383828,-115.949338,54674,ID
1.6,Other,35.1103,-81.9675,54675,SC
0.5,Hydroelectric,35.1103,-81.9675,54675,SC
0.5,Hydroelectric,35.1103,-81.9675,54675,SC
99,Natural Gas,28.9802,-95.342,54676,TX
99,Natural Gas,28.9802,-95.342,54676,TX
99,Natural Gas,28.9802,-95.342,54676,TX
200.9,Natural Gas,28.9802,-95.342,54676,TX
23,Other,29.9327,-89.9782,54677,LA
23,Other,29.9327,-89.9782,54677,LA
24,Hydroelectric,31.088011,-91.618853,54678,LA
24,Hydroelectric,31.088011,-91.618853,54678,LA
24,Hydroelectric,31.088011,-91.618853,54678,LA
24,Hydroelectric,31.088011,-91.618853,54678,LA
24,Hydroelectric,31.088011,-91.618853,54678,LA
24,Hydroelectric,31.088011,-91.618853,54678,LA
24,Hydroelectric,31.088011,-91.618853,54678,LA
24,Hydroelectric,31.088011,-91.618853,54678,LA
3.5,Hydroelectric,40.0111,-105.3347,54679,CO
3,Hydroelectric,40.0111,-105.3347,54680,CO
7.3,Wind,33.9603,-116.5364,54681,CA
5.5,Wind,33.9603,-116.5364,54682,CA
11.7,Wind,33.9211,-116.5642,54685,CA
27.1,Wind,35.0506,-118.1714,54686,CA
15,Wind,35.0506,-118.1714,54687,CA
1.2,Hydroelectric,41.99897,-71.517434,54688,RI
52,Other,32.7146,-115.518,54689,CA
0.5,Coal,43.6058,-116.5753,54690,ID
2.2,Coal,43.6058,-116.5753,54690,ID
6,Coal,43.6058,-116.5753,54690,ID
0.5,Hydroelectric,43.8860855,-75.4285818,54691,NY
0.5,Hydroelectric,43.8860855,-75.4285818,54691,NY
43.4,Natural Gas,33.9912,-118.234343,54692,CA
8.3,Natural Gas,39.985641,-76.676158,54693,PA
8.3,Natural Gas,39.985641,-76.676158,54693,PA
8.3,Natural Gas,39.985641,-76.676158,54693,PA
8.3,Natural Gas,39.985641,-76.676158,54693,PA
8.3,Natural Gas,39.985641,-76.676158,54693,PA
8.3,Natural Gas,39.985641,-76.676158,54693,PA
9.5,Natural Gas,39.985641,-76.676158,54693,PA
9.5,Natural Gas,39.985641,-76.676158,54693,PA
44.1,Natural Gas,32.728822,-114.654053,54694,AZ
18.5,Natural Gas,32.728822,-114.654053,54694,AZ
0.8,Other,41.5542,-93.2361,54700,IA
0.8,Other,41.5542,-93.2361,54700,IA
0.8,Other,41.5542,-93.2361,54700,IA
0.8,Other,41.5542,-93.2361,54700,IA
0.8,Other,41.5542,-93.2361,54700,IA
0.8,Other,41.5542,-93.2361,54700,IA
0.8,Other,41.5542,-93.2361,54700,IA
0.8,Other,41.5542,-93.2361,54700,IA
0.8,Natural Gas,36.4326127,-98.2453197,54702,OK
0.7,Natural Gas,36.4326127,-98.2453197,54702,OK
0.8,Natural Gas,36.4326127,-98.2453197,54702,OK
0.2,Natural Gas,32.516196,-93.531728,54704,LA
0.4,Natural Gas,32.516196,-93.531728,54704,LA
0.4,Natural Gas,32.516196,-93.531728,54704,LA
0.2,Natural Gas,32.516196,-93.531728,54704,LA
0.8,Natural Gas,29.8667,-89.8261,54705,LA
0.5,Natural Gas,29.8667,-89.8261,54705,LA
0.8,Natural Gas,29.8667,-89.8261,54705,LA
0.7,Natural Gas,29.8667,-89.8261,54705,LA
4.1,Natural Gas,40.627823,-74.935979,54707,NJ
4.1,Natural Gas,40.865724,-74.194532,54708,NJ
1.6,Other,40.4906,-90.745,54710,IA
1.3,Other,40.4906,-90.745,54710,IA
1.1,Other,43.0906,-91.5542,54712,IA
1,Other,42.025177,-93.441834,54713,IA
1,Other,42.0308,-91.7069,54714,IA
1,Other,42.0308,-91.7069,54714,IA
1.1,Other,42.0308,-91.7069,54714,IA
1.6,Other,42.056,-92.8971,54715,IA
1.6,Other,42.056,-92.8971,54715,IA
1.6,Other,42.056,-92.8971,54715,IA
1.6,Other,42.056,-92.8971,54715,IA
1.6,Other,42.056,-92.8971,54715,IA
1.6,Other,42.056,-92.8971,54715,IA
1.8,Other,42.056,-92.8971,54715,IA
1.5,Other,42.0289,-91.5975,54716,IA
1.5,Other,42.0289,-91.5975,54716,IA
1.1,Other,42.0289,-91.5975,54716,IA
1.5,Other,42.0289,-91.5975,54716,IA
1.6,Other,42.0356,-91.6458,54717,IA
1.6,Other,42.0356,-91.6458,54717,IA
1.6,Other,42.0356,-91.6458,54717,IA
1.6,Other,42.0356,-91.6458,54717,IA
1.6,Other,42.0356,-91.6458,54717,IA
1.6,Other,42.0356,-91.6458,54717,IA
1.6,Other,42.0356,-91.6458,54717,IA
1.6,Other,42.0356,-91.6458,54717,IA
1.6,Other,42.0356,-91.6458,54717,IA
1.6,Other,42.0356,-91.6458,54717,IA
1.6,Other,43.3744,-92.1331,54718,IA
1.8,Other,41.935,-91.6361,54719,IA
1.8,Other,41.935,-91.6361,54719,IA
1.5,Other,41.7958,-92.0592,54720,IA
1,Other,41.7958,-92.0592,54720,IA
1.1,Other,41.7958,-92.0592,54720,IA
19.6,Hydroelectric,44.724242,-121.247729,54721,OR
1.5,Natural Gas,43.180562,-78.680677,54722,NY
0.8,Other,38.6892,-77.2375,54723,VA
0.8,Other,38.6892,-77.2375,54723,VA
0.8,Other,38.6892,-77.2375,54723,VA
0.8,Other,38.6892,-77.2375,54723,VA
1.2,Other,32.7881,-115.2481,54724,CA
1.2,Other,32.7881,-115.2481,54724,CA
1.2,Other,32.7881,-115.2481,54724,CA
1.2,Other,32.7881,-115.2481,54724,CA
1.2,Other,32.7881,-115.2481,54724,CA
1.2,Other,32.7881,-115.2481,54724,CA
1.2,Other,32.7881,-115.2481,54724,CA
1.2,Other,32.7881,-115.2481,54724,CA
1.2,Other,32.7881,-115.2481,54724,CA
1.2,Other,32.7881,-115.2481,54724,CA
1.2,Other,32.7881,-115.2481,54724,CA
1.2,Other,32.7881,-115.2481,54724,CA
1.2,Other,32.7881,-115.2481,54724,CA
1.2,Other,32.7881,-115.2481,54724,CA
1.2,Other,32.7881,-115.2481,54724,CA
1.2,Other,32.7881,-115.2481,54724,CA
1.2,Other,32.7881,-115.2481,54724,CA
1.2,Other,32.7881,-115.2481,54724,CA
1.2,Other,32.7881,-115.2481,54724,CA
1.2,Other,32.7881,-115.2481,54724,CA
2.3,Hydroelectric,40.106269,-108.711161,54729,CO
3.4,Natural Gas,30.403538,-88.12833,54730,AL
0.5,Other,39.76,-86.5144,54731,IN
0.5,Other,39.76,-86.5144,54731,IN
0.3,Other,39.76,-86.5144,54731,IN
1,Other,39.76,-86.5144,54731,IN
1,Other,39.76,-86.5144,54731,IN
3,Natural Gas,32.66176,-108.3628,54734,NM
3,Natural Gas,32.66176,-108.3628,54734,NM
3.1,Natural Gas,32.66176,-108.3628,54734,NM
3.1,Natural Gas,32.66176,-108.3628,54734,NM
3,Natural Gas,32.66176,-108.3628,54734,NM
3,Natural Gas,32.66176,-108.3628,54734,NM
3.1,Natural Gas,32.66176,-108.3628,54734,NM
3,Natural Gas,32.66176,-108.3628,54734,NM
3,Natural Gas,32.66176,-108.3628,54734,NM
3,Natural Gas,32.66176,-108.3628,54734,NM
3,Natural Gas,32.66176,-108.3628,54734,NM
3,Natural Gas,32.66176,-108.3628,54734,NM
3,Natural Gas,32.66176,-108.3628,54734,NM
3,Natural Gas,32.66176,-108.3628,54734,NM
3.1,Natural Gas,32.66176,-108.3628,54734,NM
1.8,Other,42.53,-90.6847,54735,IA
1.1,Other,42.53,-90.6847,54735,IA
0.8,Natural Gas,32.6595749,-86.717761,54743,AL
0.8,Natural Gas,32.6595749,-86.717761,54743,AL
0.8,Natural Gas,31.24793,-90.19914,54744,MS
0.8,Natural Gas,31.24793,-90.19914,54744,MS
2.5,Other,31.89738,-85.151596,54745,AL
53.3,Other,40.162633,-74.768164,54746,PA
38,Natural Gas,29.97876,-93.952294,54748,TX
41.2,Natural Gas,33.1185,-117.0995,54749,CA
10.2,Natural Gas,33.1185,-117.0995,54749,CA
6.9,Wind,35.0663,-118.339444,54750,CA
39.5,Other,43.08511,-83.669386,54751,MI
40,Other,31.9698,-87.4806,54752,AL
32.9,Other,31.9698,-87.4806,54752,AL
2.4,Hydroelectric,42.647376,-114.89031,54753,ID
57.8,Coal,36.4364,-77.6167,54755,NC
0.8,Other,43.0969,-85.9489,54756,MI
0.8,Other,43.0969,-85.9489,54756,MI
0.8,Other,43.0969,-85.9489,54756,MI
0.8,Other,43.0969,-85.9489,54756,MI
0.8,Other,43.0969,-85.9489,54756,MI
0.8,Other,43.0969,-85.9489,54756,MI
0.8,Other,42.9172,-83.7286,54757,MI
0.8,Other,42.9172,-83.7286,54757,MI
0.8,Other,42.9172,-83.7286,54757,MI
0.8,Other,42.9172,-83.7286,54757,MI
0.8,Other,42.9172,-83.7286,54757,MI
14.6,Other,41.584429,-72.041629,54758,CT
106.1,Natural Gas,45.8042,-119.37,54761,OR
204.5,Natural Gas,45.8042,-119.37,54761,OR
106.1,Natural Gas,45.8042,-119.37,54761,OR
204.5,Natural Gas,45.8042,-119.37,54761,OR
12.5,Other,32.4541,-87.9759,54763,AL
19,Other,32.4541,-87.9759,54763,AL
10,Other,32.4541,-87.9759,54763,AL
3,Other,37.193584,-77.467185,54766,VA
0.6,Natural Gas,40.7765008,-73.7687372,54767,NY
0.6,Natural Gas,40.7765008,-73.7687372,54767,NY
46,Natural Gas,35.4837,-119.0298,54768,CA
0.8,Natural Gas,40.6467,-74.0211,54769,NY
0.8,Natural Gas,40.6467,-74.0211,54769,NY
6.9,Hydroelectric,43.304413,-73.63993,54772,NY
6.9,Hydroelectric,43.304413,-73.63993,54772,NY
1.7,Other,41.6572,-91.54,54775,IA
3,Coal,41.6572,-91.54,54775,IA
3,Coal,41.6572,-91.54,54775,IA
15,Coal,41.6572,-91.54,54775,IA
1.5,Natural Gas,36.1261,-97.07,54779,OK
1.5,Natural Gas,36.1261,-97.07,54779,OK
1.5,Natural Gas,36.1261,-97.07,54779,OK
5,Natural Gas,36.1261,-97.07,54779,OK
3,Natural Gas,40.105169,-88.241528,54780,IL
12.5,Coal,40.105169,-88.241528,54780,IL
12.5,Coal,40.105169,-88.241528,54780,IL
7,Coal,40.105169,-88.241528,54780,IL
3,Natural Gas,40.105169,-88.241528,54780,IL
3,Natural Gas,40.105169,-88.241528,54780,IL
3,Natural Gas,40.105169,-88.241528,54780,IL
3,Natural Gas,40.105169,-88.241528,54780,IL
7.5,Coal,40.105169,-88.241528,54780,IL
7.5,Coal,40.105169,-88.241528,54780,IL
13,Natural Gas,40.105169,-88.241528,54780,IL
13,Natural Gas,40.105169,-88.241528,54780,IL
0.8,Other,36.7589,-76.4961,54781,VA
0.8,Other,36.7589,-76.4961,54781,VA
0.8,Other,36.7589,-76.4961,54781,VA
0.8,Other,36.7589,-76.4961,54781,VA
0.8,Other,42.9281,-76.8408,54782,NY
0.8,Other,42.9281,-76.8408,54782,NY
0.8,Other,42.9281,-76.8408,54782,NY
0.8,Other,42.9281,-76.8408,54782,NY
0.8,Other,42.9281,-76.8408,54782,NY
0.8,Other,42.9281,-76.8408,54782,NY
0.8,Other,42.9281,-76.8408,54782,NY
0.8,Other,42.9281,-76.8408,54782,NY
0.8,Other,42.9281,-76.8408,54782,NY
0.8,Other,42.9281,-76.8408,54782,NY
0.8,Other,42.9281,-76.8408,54782,NY
0.8,Other,42.9281,-76.8408,54782,NY
0.8,Other,42.9281,-76.8408,54782,NY
0.8,Other,42.9281,-76.8408,54782,NY
57.6,Natural Gas,39.942219,-75.188069,54785,PA
135,Natural Gas,39.942219,-75.188069,54785,PA
0.8,Natural Gas,42.0358,-87.6992,54788,IL
0.8,Natural Gas,42.0358,-87.6992,54788,IL
0.8,Natural Gas,42.0358,-87.6992,54788,IL
12.5,Natural Gas,31.077,-87.1116,54789,AL
12.5,Natural Gas,31.077,-87.1116,54789,AL
13.9,Natural Gas,31.077,-87.1116,54789,AL
4.2,Natural Gas,41.1603,-87.8542,54790,IL
112.5,Wind,42.6878,-95.405,54793,IA
21.9,Wind,44.2733,-96.0728,54794,MN
5,Natural Gas,39.2744,-76.5956,54795,MD
2.5,Natural Gas,39.2744,-76.5956,54795,MD
2.5,Natural Gas,39.2744,-76.5956,54795,MD
10,Natural Gas,39.2744,-76.5956,54795,MD
0.7,Natural Gas,42.0000675,-88.1713032,54798,IL
0.7,Natural Gas,42.0000675,-88.1713032,54798,IL
3.5,Natural Gas,36.8347,-119.7667,54800,CA
3.5,Natural Gas,36.8347,-119.7667,54800,CA
0.7,Natural Gas,36.8347,-119.7667,54800,CA
0.8,Hydroelectric,36.423715,-79.952494,54801,NC
0.3,Hydroelectric,36.423715,-79.952494,54801,NC
0.1,Hydroelectric,36.423715,-79.952494,54801,NC
32,Other,32.1761,-85.0272,54802,AL
55.5,Other,32.1761,-85.0272,54802,AL
25,Natural Gas,32.1761,-85.0272,54802,AL
1.2,Other,43.7644,-71.6881,54803,NH
1.6,Other,43.7644,-71.6881,54803,NH
24.7,Other,42.277306,-83.2639812,54804,MI
128.9,Natural Gas,42.129361,-71.511496,54805,MA
49.1,Natural Gas,42.129361,-71.511496,54805,MA
2.3,Natural Gas,30.3954013,-88.1641004,54806,AL
42.5,Natural Gas,39.4595536,-75.0401558,54807,NJ
11.9,Natural Gas,39.4595536,-75.0401558,54807,NJ
0.8,Other,40.7899,-73.9233,54808,NY
0.8,Other,40.7899,-73.9233,54808,NY
0.8,Other,40.7899,-73.9233,54808,NY
0.8,Other,40.7899,-73.9233,54808,NY
0.8,Other,40.7899,-73.9233,54808,NY
0.8,Other,40.7899,-73.9233,54808,NY
0.8,Other,40.7899,-73.9233,54808,NY
2.4,Other,40.7899,-73.9233,54808,NY
5,Natural Gas,47.6539,-122.3036,54809,WA
0.9,Natural Gas,39.1909742,-96.5830333,54811,KS
2.5,Natural Gas,39.1909742,-96.5830333,54811,KS
1.5,Natural Gas,39.1909742,-96.5830333,54811,KS
0.7,Hydroelectric,42.740139,-114.161173,54812,ID
0.7,Hydroelectric,42.740139,-114.161173,54812,ID
0.6,Other,33.8111,-84.3928,54813,GA
0.6,Other,33.8111,-84.3928,54813,GA
0.2,Other,33.8111,-84.3928,54813,GA
0.3,Other,33.8111,-84.3928,54813,GA
30.4,Natural Gas,36.7367,-107.9417,54814,NM
30.4,Natural Gas,36.7367,-107.9417,54814,NM
30.4,Natural Gas,36.7367,-107.9417,54814,NM
30.4,Natural Gas,36.7367,-107.9417,54814,NM
1.1,Other,33.8775,-84.4603,54816,GA
178.2,Natural Gas,32.3994,-97.4078,54817,TX
104.4,Natural Gas,32.3994,-97.4078,54817,TX
1.2,Other,33.7583,-84.3869,54818,GA
1.2,Other,33.7583,-84.3869,54818,GA
1.5,Other,34.5789,-78.7928,54823,NC
1.5,Other,34.5789,-78.7928,54823,NC
1.5,Other,34.5789,-78.7928,54823,NC
1.5,Other,34.5789,-78.7928,54823,NC
1.5,Other,34.5789,-78.7928,54823,NC
1.5,Other,34.5789,-78.7928,54823,NC
1.5,Other,34.5789,-78.7928,54823,NC
1.5,Other,34.5789,-78.7928,54823,NC
1.5,Other,34.5789,-78.7928,54823,NC
1.5,Other,34.5789,-78.7928,54823,NC
1.5,Other,34.5789,-78.7928,54823,NC
1.5,Other,34.5789,-78.7928,54823,NC
1.5,Other,34.5789,-78.7928,54823,NC
1.5,Other,34.5789,-78.7928,54823,NC
1.5,Other,34.5789,-78.7928,54823,NC
1.5,Other,34.5789,-78.7928,54823,NC
1.5,Other,34.5789,-78.7928,54823,NC
1.5,Other,34.5789,-78.7928,54823,NC
1.5,Other,34.5789,-78.7928,54823,NC
0.7,Other,33.9260395,-84.3410586,54825,GA
0.7,Other,33.9260395,-84.3410586,54825,GA
0.7,Other,33.9260395,-84.3410586,54825,GA
5.2,Hydroelectric,19.712994,-155.14857,54827,HI
5.2,Hydroelectric,19.712994,-155.14857,54827,HI
1.2,Other,33.914381,-84.460818,54828,GA
9.5,Natural Gas,40.475724,-74.446199,54829,NJ
1,Natural Gas,40.475724,-74.446199,54829,NJ
1.5,Other,33.7919,-84.2831,54830,GA
1.2,Other,33.7919,-84.2831,54830,GA
1.2,Other,33.7919,-84.2831,54830,GA
98.7,Natural Gas,38.6681,-76.8678,54832,MD
98.7,Natural Gas,38.6681,-76.8678,54832,MD
91.4,Natural Gas,38.6681,-76.8678,54832,MD
1,Other,63.0947,-145.7172,54834,AK
1,Other,63.0947,-145.7172,54834,AK
1,Other,63.0947,-145.7172,54834,AK
1.2,Other,63.0947,-145.7172,54834,AK
1.2,Other,63.0947,-145.7172,54834,AK
1.2,Other,40.3158,-86.8742,54835,IN
0.5,Natural Gas,33.2954557,-111.887367,54838,AZ
0.5,Natural Gas,33.2954557,-111.887367,54838,AZ
1.7,Other,30.9103,-83.2358,54839,GA
1.2,Other,32.9708,-82.8028,54841,GA
1.2,Other,32.9708,-82.8028,54841,GA
0.8,Other,44.2869,-88.3339,54842,WI
0.8,Other,44.2869,-88.3339,54842,WI
0.8,Other,44.2869,-88.3339,54842,WI
97.2,Natural Gas,38.117909,-78.213778,54844,VA
97.2,Natural Gas,38.117909,-78.213778,54844,VA
53,Natural Gas,38.117909,-78.213778,54844,VA
53,Natural Gas,38.117909,-78.213778,54844,VA
1.2,Other,33.7625,-84.3872,54845,GA
1.2,Other,33.7625,-84.3872,54845,GA
0.4,Other,30.8625,-83.2894,54848,GA
0.4,Other,30.8625,-83.2894,54848,GA
0.4,Other,30.8625,-83.2894,54848,GA
0.7,Other,30.8625,-83.2894,54848,GA
1.1,Other,33.2708,-82.4569,54849,GA
1.1,Other,33.2708,-82.4569,54849,GA
4,Other,37.3208,-85.3611,54850,KY
1,Other,37.3208,-85.3611,54850,KY
17.5,Natural Gas,43.0214,-87.9014,54851,WI
17.5,Natural Gas,43.0214,-87.9014,54851,WI
15.6,Other,45.4542,-69.61,54852,ME
74,Natural Gas,36.1375,-115.0339,54854,NV
74,Natural Gas,36.1375,-115.0339,54854,NV
74,Natural Gas,36.1375,-115.0339,54854,NV
3.5,Natural Gas,41.91708,-87.79218,54855,IL
1.1,Natural Gas,31.78319,-83.801396,54856,GA
1.8,Hydroelectric,45.7725,-87.9936,54857,WI
2.5,Coal,45.7725,-87.9936,54857,WI
2.2,Hydroelectric,45.7725,-87.9936,54857,WI
9.3,Coal,45.7725,-87.9936,54857,WI
2.6,Hydroelectric,45.7725,-87.9936,54857,WI
2.6,Hydroelectric,45.7725,-87.9936,54857,WI
1,Hydroelectric,45.7725,-87.9936,54857,WI
2.5,Hydroelectric,45.7725,-87.9936,54857,WI
2,Other,38.627566,-90.193377,54858,MO
2,Other,38.627566,-90.193377,54858,MO
2,Other,38.627566,-90.193377,54858,MO
3.7,Hydroelectric,47.534465,-121.702596,54860,WA
0.8,Other,42.6944,-74.9242,54863,NY
0.8,Other,42.6944,-74.9242,54863,NY
0.8,Other,42.6944,-74.9242,54863,NY
1.6,Other,42.6944,-74.9242,54863,NY
1.7,Hydroelectric,43.227058,-76.302137,54865,NY
1.7,Hydroelectric,43.227058,-76.302137,54865,NY
1,Other,41.406545,-71.750927,54866,RI
1,Other,41.406545,-71.750927,54866,RI
0.3,Other,41.406545,-71.750927,54866,RI
6.2,Coal,46.4094,-86.6443,54867,MI
1.3,Other,43.443798,-72.048236,54870,NH
1.3,Other,43.443798,-72.048236,54870,NH
1.3,Other,43.443798,-72.048236,54870,NH
0.2,Other,43.443798,-72.048236,54870,NH
0.7,Other,43.443798,-72.048236,54870,NH
1.3,Other,43.443798,-72.048236,54870,NH
0.5,Other,53.8568622,-166.5614958,54871,AK
0.5,Other,53.8568622,-166.5614958,54871,AK
1,Hydroelectric,33.689362,-83.990333,54872,GA
1.2,Other,33.7611,-84.3892,54877,GA
0.4,Hydroelectric,44.336358,-75.50274,54878,NY
0.3,Hydroelectric,44.336358,-75.50274,54878,NY
0.3,Hydroelectric,44.336358,-75.50274,54878,NY
2,Natural Gas,33.273835,-82.407813,54880,GA
2,Natural Gas,33.273835,-82.407813,54880,GA
2,Natural Gas,33.273835,-82.407813,54880,GA
1,Natural Gas,33.273835,-82.407813,54880,GA
1.1,Other,33.273835,-82.407813,54880,GA
1.1,Other,33.273835,-82.407813,54880,GA
1.2,Other,33.273835,-82.407813,54880,GA
1,Other,33.273835,-82.407813,54880,GA
1,Natural Gas,33.9733813,-84.0976585,54881,GA
1,Natural Gas,33.9733813,-84.0976585,54881,GA
1,Other,35.9678,-78.5211,54882,NC
1,Other,35.9678,-78.5211,54882,NC
5,Natural Gas,40.7138718,-73.9672738,54884,NY
1.5,Natural Gas,40.7138718,-73.9672738,54884,NY
5,Natural Gas,40.7138718,-73.9672738,54884,NY
0.7,Hydroelectric,44.519444,-88.3319878,54885,WI
0.7,Hydroelectric,44.519444,-88.3319878,54885,WI
0.7,Hydroelectric,44.519444,-88.3319878,54885,WI
15.9,Natural Gas,44.519444,-88.3319878,54885,WI
19.3,Natural Gas,44.519444,-88.3319878,54885,WI
0.8,Natural Gas,41.9031,-87.6831,54886,IL
0.8,Natural Gas,41.9031,-87.6831,54886,IL
0.8,Natural Gas,41.9031,-87.6831,54886,IL
4,Other,35.665961,-77.35744,54887,NC
0.3,Other,35.665961,-77.35744,54887,NC
1.1,Other,35.665961,-77.35744,54887,NC
1.2,Other,35.665961,-77.35744,54887,NC
1,Other,35.665961,-77.35744,54887,NC
1.2,Other,35.665961,-77.35744,54887,NC
3.2,Other,43.2208,-83.7925,54890,MI
24.7,Hydroelectric,35.4189,-80.0917,54894,NC
24.7,Hydroelectric,35.4189,-80.0917,54894,NC
29,Hydroelectric,35.4189,-80.0917,54894,NC
29,Hydroelectric,35.4189,-80.0917,54894,NC
9,Hydroelectric,35.3944,-80.0753,54895,NC
11.2,Hydroelectric,35.3944,-80.0753,54895,NC
11.2,Hydroelectric,35.3944,-80.0753,54895,NC
11,Hydroelectric,35.6008,-80.2339,54896,NC
11,Hydroelectric,35.6008,-80.2339,54896,NC
11,Hydroelectric,35.6008,-80.2339,54896,NC
14,Hydroelectric,35.4856,-80.1758,54897,NC
14,Hydroelectric,35.4856,-80.1758,54897,NC
14,Hydroelectric,35.4856,-80.1758,54897,NC
22.5,Hydroelectric,35.4475,-83.8639,54898,NC
22.5,Hydroelectric,35.4475,-83.8639,54898,NC
20,Hydroelectric,35.4478,-83.9383,54899,NC
20,Hydroelectric,35.4478,-83.9383,54899,NC
20,Hydroelectric,35.4478,-83.9383,54899,NC
20,Hydroelectric,35.4478,-83.9383,54899,NC
30,Hydroelectric,35.4478,-83.9383,54899,NC
40.5,Hydroelectric,35.4923,-83.9806,54900,TN
40.5,Hydroelectric,35.4923,-83.9806,54900,TN
40.5,Hydroelectric,35.4923,-83.9806,54900,TN
16.6,Hydroelectric,35.5453,-84.0503,54901,TN
16.6,Hydroelectric,35.5453,-84.0503,54901,TN
16.6,Hydroelectric,35.5453,-84.0503,54901,TN
0.8,Other,41.8992,-84.0411,54903,MI
0.8,Other,41.8992,-84.0411,54903,MI
0.8,Other,41.8992,-84.0411,54903,MI
5,Natural Gas,31.8271036,-106.5760857,54905,TX
0.7,Other,33.7614,-84.3875,54906,GA
0.7,Other,33.7614,-84.3875,54906,GA
21.2,Natural Gas,42.360986,-71.093876,54907,MA
5.1,Other,46.6144,-97.5765,54908,ND
4.7,Other,46.6144,-97.5765,54908,ND
8.3,Wind,35.1061,-118.3114,54909,CA
14.1,Wind,35.1061,-118.3114,54909,CA
0.8,Other,43.1767,-83.9,54910,MI
0.8,Other,43.1767,-83.9,54910,MI
40,Natural Gas,38.0169,-122.1117,54912,CA
40,Natural Gas,38.0169,-122.1117,54912,CA
20,Natural Gas,38.0169,-122.1117,54912,CA
6.5,Natural Gas,40.6950358,-74.1897283,54913,NJ
6.5,Natural Gas,40.6950358,-74.1897283,54913,NJ
121,Natural Gas,40.699357,-73.976392,54914,NY
121,Natural Gas,40.699357,-73.976392,54914,NY
40,Natural Gas,40.699357,-73.976392,54914,NY
40,Natural Gas,40.699357,-73.976392,54914,NY
58,Natural Gas,43.9375,-86.425,54915,MI
96.1,Natural Gas,43.9375,-86.425,54915,MI
4.8,Natural Gas,32.388271,-90.908344,54918,MS
1,Coal,39.3261804,-82.1068082,54923,OH
0.8,Natural Gas,41.8794,-88.22,54924,IL
0.8,Natural Gas,41.8794,-88.22,54924,IL
0.8,Natural Gas,41.8794,-88.22,54924,IL
0.8,Natural Gas,41.8794,-88.22,54924,IL
0.8,Natural Gas,41.8794,-88.22,54924,IL
0.8,Natural Gas,41.8794,-88.22,54924,IL
0.8,Natural Gas,41.8794,-88.22,54924,IL
0.8,Natural Gas,41.8794,-88.22,54924,IL
0.8,Other,39.7658,-86.5208,54925,IN
0.8,Other,39.7658,-86.5208,54925,IN
0.8,Other,39.7658,-86.5208,54925,IN
0.8,Other,39.7658,-86.5208,54925,IN
0.8,Other,41.4936,-86.1658,54926,IN
0.8,Other,41.4936,-86.1658,54926,IN
0.8,Other,41.4936,-86.1658,54926,IN
0.8,Other,41.4936,-86.1658,54926,IN
3,Natural Gas,29.2213,-90.02005,54927,LA
3,Natural Gas,29.2213,-90.02005,54927,LA
3,Natural Gas,29.2213,-90.02005,54927,LA
1.6,Other,41.9167,-91.6542,54929,IA
1.1,Other,41.9167,-91.6542,54929,IA
1.5,Other,41.9167,-91.6542,54929,IA
1.6,Other,40.584669,-91.423299,54930,IA
1.6,Other,40.584669,-91.423299,54930,IA
1.6,Other,40.584669,-91.423299,54930,IA
1.6,Other,40.584669,-91.423299,54930,IA
1.6,Other,40.584669,-91.423299,54930,IA
46.8,Wind,35.0697,-118.3167,54931,CA
0.7,Natural Gas,41.5769,-87.7819,54932,IL
0.7,Natural Gas,41.5769,-87.7819,54932,IL
4.7,Natural Gas,42.3156,-89.0356,54933,IL
0.8,Other,41.4369,-75.5897,54934,PA
0.8,Other,41.4369,-75.5897,54934,PA
0.8,Other,41.4369,-75.5897,54934,PA
0.8,Other,41.4369,-75.5897,54934,PA
0.8,Other,41.4369,-75.5897,54934,PA
0.8,Other,41.4369,-75.5897,54934,PA
0.8,Other,41.4369,-75.5897,54934,PA
1.2,Other,39.403936,-76.317161,54935,MD
2.6,Natural Gas,32.583571,-116.930907,54936,CA
1.3,Natural Gas,42.2958,-71.2997,54937,MA
1.3,Natural Gas,42.2958,-71.2997,54937,MA
1.3,Natural Gas,42.2958,-71.2997,54937,MA
1.3,Natural Gas,42.2958,-71.2997,54937,MA
1.9,Natural Gas,42.2958,-71.2997,54937,MA
1.6,Other,44.8202475,-93.4513334,54938,MN
1.6,Other,44.8202475,-93.4513334,54938,MN
1.6,Other,44.8202475,-93.4513334,54938,MN
1.6,Other,44.7806,-93.3094,54939,MN
1.6,Other,44.7806,-93.3094,54939,MN
0.9,Other,44.7806,-93.3094,54939,MN
1,Natural Gas,30.3083408,-97.7355015,54940,TX
0.8,Natural Gas,41.7597296,-87.6834914,54942,IL
0.8,Natural Gas,41.7597296,-87.6834914,54942,IL
0.8,Natural Gas,41.7597296,-87.6834914,54942,IL
51,Natural Gas,44.68033,-123.056979,54944,OR
45,Natural Gas,44.68033,-123.056979,54944,OR
45,Other,41.750521,-72.652982,54945,CT
45,Other,41.750521,-72.652982,54945,CT
1.2,Other,35.2629382,-77.6724189,54947,NC
0.5,Natural Gas,32.4348322,-102.8262905,54948,TX
0.5,Natural Gas,32.4348322,-102.8262905,54948,TX
0.5,Natural Gas,32.4348322,-102.8262905,54948,TX
0.5,Natural Gas,32.4348322,-102.8262905,54948,TX
0.5,Natural Gas,32.4348322,-102.8262905,54948,TX
0.5,Natural Gas,32.4348322,-102.8262905,54948,TX
1.5,Natural Gas,44.0484138,-123.0739977,54950,OR
1.5,Natural Gas,44.0484138,-123.0739977,54950,OR
2.5,Natural Gas,44.0484138,-123.0739977,54950,OR
0.5,Other,36.7056,-121.7714,54951,CA
0.5,Other,36.7056,-121.7714,54951,CA
0.5,Other,36.7056,-121.7714,54951,CA
22,Hydroelectric,43.2958,-73.5956,54953,NY
22,Hydroelectric,43.2958,-73.5956,54953,NY
1.5,Natural Gas,41.751446,-103.320149,54955,NE
0.8,Other,41.6514,-86.9036,54956,IN
0.8,Other,41.6514,-86.9036,54956,IN
0.8,Other,41.6514,-86.9036,54956,IN
0.8,Other,41.6514,-86.9036,54956,IN
3,Natural Gas,32.609812,-95.1988775,54962,TX
3.4,Natural Gas,32.609812,-95.1988775,54962,TX
2.5,Natural Gas,32.609812,-95.1988775,54962,TX
0.1,Natural Gas,32.609812,-95.1988775,54962,TX
0.5,Natural Gas,32.609812,-95.1988775,54962,TX
0.5,Natural Gas,32.609812,-95.1988775,54962,TX
0.5,Natural Gas,32.609812,-95.1988775,54962,TX
2,Coal,42.8183,-82.4856,54965,MI
1.2,Coal,42.8183,-82.4856,54965,MI
0.7,Coal,42.8183,-82.4856,54965,MI
33.6,Wind,31.7333,-104.75,54966,TX
1.2,Other,42.0264,-91.7042,54967,IA
1.8,Other,42.83815,-93.60325,54968,IA
1.8,Other,42.83815,-93.60325,54968,IA
1.8,Other,42.83815,-93.60325,54968,IA
0.6,Hydroelectric,41.845306,-89.481286,54969,IL
0.6,Hydroelectric,41.845306,-89.481286,54969,IL
0.6,Hydroelectric,41.845306,-89.481286,54969,IL
0.6,Hydroelectric,41.845306,-89.481286,54969,IL
0.6,Hydroelectric,41.845306,-89.481286,54969,IL
3.7,Natural Gas,40.683046,-74.233117,54970,NJ
4.4,Natural Gas,40.683046,-74.233117,54970,NJ
15.6,Natural Gas,32.9198413,-94.7147558,54971,TX
15.6,Natural Gas,32.9198413,-94.7147558,54971,TX
2,Coal,32.5357124,-94.3975705,54972,TX
3.6,Other,41.515211,-84.293549,54974,OH
3.6,Other,41.515211,-84.293549,54974,OH
4.7,Natural Gas,32.164818,-106.451281,54975,NM
1.5,Natural Gas,32.6574049,-95.7057521,54976,TX
0.5,Other,39.113599,-82.99094,54978,OH
0.5,Other,39.113599,-82.99094,54978,OH
34.3,Wind,32.2853,-101.4494,54979,TX
0.8,Other,40.0081,-74.3306,54980,NJ
0.8,Other,40.0081,-74.3306,54980,NJ
0.8,Other,40.0081,-74.3306,54980,NJ
0.8,Other,40.0081,-74.3306,54980,NJ
0.8,Other,40.0081,-74.3306,54980,NJ
0.8,Other,40.0081,-74.3306,54980,NJ
0.3,Hydroelectric,42.205236,-72.592862,54981,MA
0.5,Hydroelectric,42.205236,-72.592862,54981,MA
0.3,Hydroelectric,42.205236,-72.592862,54981,MA
0.3,Hydroelectric,42.205236,-72.592862,54981,MA
0.5,Hydroelectric,42.205236,-72.592862,54981,MA
0.4,Hydroelectric,42.205236,-72.592862,54981,MA
0.5,Hydroelectric,42.205236,-72.592862,54981,MA
0.5,Hydroelectric,42.205236,-72.592862,54981,MA
4.5,Other,36.1911,-80.2914,54984,NC
1,Other,31.262356,-85.402737,54985,AL
1,Other,31.262356,-85.402737,54985,AL
2,Other,31.262356,-85.402737,54985,AL
1,Other,31.262356,-85.402737,54985,AL
1,Other,31.262356,-85.402737,54985,AL
0.6,Other,31.262356,-85.402737,54985,AL
2,Other,31.262356,-85.402737,54985,AL
5,Natural Gas,31.262356,-85.402737,54985,AL
1.5,Natural Gas,41.74,-88.06,54987,IL
0.8,Other,42.7417,-82.7975,54989,MI
0.8,Other,42.7417,-82.7975,54989,MI
0.8,Other,42.7417,-82.7975,54989,MI
0.8,Other,42.7417,-82.7975,54989,MI
0.8,Other,42.7417,-82.7975,54989,MI
0.8,Other,42.7417,-82.7975,54989,MI
0.8,Other,42.7417,-82.7975,54989,MI
0.7,Other,42.451692,-71.089354,54992,MA
1,Other,42.451692,-71.089354,54992,MA
0.8,Natural Gas,42.451692,-71.089354,54992,MA
0.2,Other,42.451692,-71.089354,54992,MA
81.9,Natural Gas,41.6844,-87.4214,54995,IN
51,Other,33.157,-115.6386,54996,CA
20,Other,36.8083,-76.3036,54998,VA
20,Other,36.8083,-76.3036,54998,VA
20,Other,36.8083,-76.3036,54998,VA
2.5,Other,32.004943,-81.0960309,54999,GA
3,Other,32.004943,-81.0960309,54999,GA
1.2,Other,32.004943,-81.0960309,54999,GA
0.5,Hydroelectric,29.129714,-97.311236,55000,TX
0.5,Hydroelectric,29.129714,-97.311236,55000,TX
0.5,Hydroelectric,29.129714,-97.311236,55000,TX
1.2,Other,34.9944,-78.1583,55002,NC
1.2,Other,34.9944,-78.1583,55002,NC
0.7,Natural Gas,41.5839,-87.6047,55004,IL
0.7,Natural Gas,41.5839,-87.6047,55004,IL
0.5,Natural Gas,41.6225,-87.5978,55005,IL
0.5,Natural Gas,41.6225,-87.5978,55005,IL
2.2,Other,42.7353,-71.5228,55006,NH
0.8,Other,42.7353,-71.5228,55006,NH
0.1,Hydroelectric,42.59483,-114.435295,55007,ID
0.1,Hydroelectric,42.59483,-114.435295,55007,ID
0.1,Hydroelectric,42.59483,-114.435295,55007,ID
0.1,Hydroelectric,42.59483,-114.435295,55007,ID
0.1,Hydroelectric,42.59483,-114.435295,55007,ID
0.1,Hydroelectric,42.59483,-114.435295,55007,ID
0.2,Hydroelectric,42.59483,-114.435295,55007,ID
0.2,Hydroelectric,42.59483,-114.435295,55007,ID
0.2,Hydroelectric,42.59483,-114.435295,55007,ID
0.2,Hydroelectric,42.59483,-114.435295,55007,ID
2.6,Hydroelectric,40.846806,-121.956446,55009,CA
185,Natural Gas,44.7956,-92.9119,55010,MN
102,Natural Gas,44.7956,-92.9119,55010,MN
177.3,Natural Gas,42.855463,-88.72992,55011,WI
106,Natural Gas,42.855463,-88.72992,55011,WI
1.5,Other,42.7673617,-71.0668576,55012,MA
2.5,Other,42.7673617,-71.0668576,55012,MA
0.8,Other,42.649722,-88.723056,55013,WI
0.8,Other,42.649722,-88.723056,55013,WI
0.8,Other,42.649722,-88.723056,55013,WI
3.3,Other,41.73379,-88.084908,55014,IL
3.3,Other,41.73379,-88.084908,55014,IL
3.3,Other,41.73379,-88.084908,55014,IL
143,Natural Gas,29.0728,-95.745,55015,TX
143,Natural Gas,29.0728,-95.745,55015,TX
143,Natural Gas,29.0728,-95.745,55015,TX
143,Natural Gas,29.0728,-95.745,55015,TX
6.5,Other,36.5384421,-85.8522575,55021,TN
2.8,Natural Gas,30.8847,-101.9208,55025,TX
2.8,Natural Gas,30.8847,-101.9208,55025,TX
200,Natural Gas,41.8312,-71.1239,55026,MA
0.5,Other,41.0772,-95.87,55027,NE
0.5,Other,41.0772,-95.87,55027,NE
0.5,Other,41.0772,-95.87,55027,NE
3.8,Natural Gas,36.5480638,-87.403772,55028,TN
187.2,Natural Gas,44.44861,-88.07204,55029,WI
54.5,Natural Gas,44.506315,-70.242312,55031,ME
54.5,Natural Gas,44.506315,-70.242312,55031,ME
54.5,Natural Gas,44.506315,-70.242312,55031,ME
1,Other,41.2033,-95.9292,55033,NE
1,Other,41.2033,-95.9292,55033,NE
1,Other,41.2033,-95.9292,55033,NE
1.3,Other,44.8061,-70.2186,55034,ME
0.7,Other,44.8061,-70.2186,55034,ME
0.8,Other,41.4928,-90.6275,55035,IA
0.8,Other,41.4928,-90.6275,55035,IA
5,Natural Gas,35.949209,-83.926065,55036,TN
4.5,Natural Gas,36.211389,-86.694444,55037,TN
1.2,Natural Gas,41.2654914,-96.0682689,55038,NE
1.2,Natural Gas,41.2654914,-96.0682689,55038,NE
1.2,Natural Gas,41.2654914,-96.0682689,55038,NE
1,Other,41.2654914,-96.0682689,55038,NE
150,Natural Gas,35.026,-106.644,55039,NM
106.5,Natural Gas,32.4856,-83.6039,55040,GA
106.5,Natural Gas,32.4856,-83.6039,55040,GA
110,Natural Gas,32.4856,-83.6039,55040,GA
180,Natural Gas,42.0476,-72.6478,55041,MA
92,Natural Gas,42.0476,-72.6478,55041,MA
170,Natural Gas,41.1692,-73.1844,55042,CT
170,Natural Gas,41.1692,-73.1844,55042,CT
180,Natural Gas,41.1692,-73.1844,55042,CT
60,Natural Gas,35.0727,-81.613,55043,SC
41.2,Natural Gas,35.0727,-81.613,55043,SC
18,Natural Gas,31.4894,-87.8989,55044,AL
1,Natural Gas,42.040141,-71.213784,55046,MA
1,Natural Gas,42.040141,-71.213784,55046,MA
1,Natural Gas,42.040141,-71.213784,55046,MA
175,Natural Gas,29.72475,-95.176479,55047,TX
185,Natural Gas,29.72475,-95.176479,55047,TX
185,Natural Gas,29.72475,-95.176479,55047,TX
85,Natural Gas,29.72475,-95.176479,55047,TX
185,Natural Gas,29.72475,-95.176479,55047,TX
179.3,Natural Gas,41.6422,-71.1706,55048,RI
93.2,Natural Gas,41.6422,-71.1706,55048,RI
4,Other,40.4731,-122.3206,55049,CA
102,Natural Gas,30.2586,-91.185,55051,LA
102,Natural Gas,30.2586,-91.185,55051,LA
102,Natural Gas,30.2586,-91.185,55051,LA
0.3,Natural Gas,32.05,-100.6917,55052,TX
0.3,Natural Gas,32.05,-100.6917,55052,TX
0.5,Natural Gas,32.05,-100.6917,55052,TX
0.5,Natural Gas,32.05,-100.6917,55052,TX
0.3,Natural Gas,33.1964,-97.9208,55053,TX
0.3,Natural Gas,33.1964,-97.9208,55053,TX
0.3,Natural Gas,33.1964,-97.9208,55053,TX
0.3,Natural Gas,33.1964,-97.9208,55053,TX
0.8,Natural Gas,33.1964,-97.9208,55053,TX
0.8,Natural Gas,33.1964,-97.9208,55053,TX
0.8,Natural Gas,33.1964,-97.9208,55053,TX
0.8,Natural Gas,33.1964,-97.9208,55053,TX
0.8,Natural Gas,33.1964,-97.9208,55053,TX
0.8,Natural Gas,33.1964,-97.9208,55053,TX
0.8,Natural Gas,33.1964,-97.9208,55053,TX
0.8,Natural Gas,33.1964,-97.9208,55053,TX
5,Other,40.9314,-88.6548,55054,IL
5,Other,40.9314,-88.6548,55054,IL
5,Other,40.9314,-88.6548,55054,IL
5,Other,41.387554,-87.638868,55055,IL
5,Other,41.8702443,-87.8872359,55056,IL
5,Other,41.8702443,-87.8872359,55056,IL
5,Other,41.8702443,-87.8872359,55056,IL
0.8,Other,40.7942,-89.8436,55057,IL
0.8,Other,40.7942,-89.8436,55057,IL
0.8,Other,40.7942,-89.8436,55057,IL
0.8,Other,40.7942,-89.8436,55057,IL
0.8,Other,40.7942,-89.8436,55057,IL
0.6,Other,41.564672,-87.53887,55058,IL
0.7,Natural Gas,41.564672,-87.53887,55058,IL
0.7,Natural Gas,41.564672,-87.53887,55058,IL
0.6,Other,39.8601531,-89.606249,55059,IL
0.6,Other,39.8601531,-89.606249,55059,IL
0.6,Other,39.8601531,-89.606249,55059,IL
0.6,Other,39.8601531,-89.606249,55059,IL
0.6,Other,39.8601531,-89.606249,55059,IL
0.9,Other,41.7989,-87.825,55060,IL
0.9,Other,41.7989,-87.825,55060,IL
0.9,Other,41.7989,-87.825,55060,IL
0.9,Other,41.7989,-87.825,55060,IL
0.9,Other,41.7989,-87.825,55060,IL
183.2,Natural Gas,33.3516,-84.9996,55061,GA
183.2,Natural Gas,33.3516,-84.9996,55061,GA
183.2,Natural Gas,33.3516,-84.9996,55061,GA
183.2,Natural Gas,33.3516,-84.9996,55061,GA
183.2,Natural Gas,33.3516,-84.9996,55061,GA
183.2,Natural Gas,33.3516,-84.9996,55061,GA
183.2,Natural Gas,30.5924,-95.9178,55062,TX
183.2,Natural Gas,30.5924,-95.9178,55062,TX
183.2,Natural Gas,30.5924,-95.9178,55062,TX
390.1,Natural Gas,30.5924,-95.9178,55062,TX
184.5,Natural Gas,34.3356,-89.9275,55063,MS
184.5,Natural Gas,34.3356,-89.9275,55063,MS
184.5,Natural Gas,34.3356,-89.9275,55063,MS
112.5,Natural Gas,34.3356,-89.9275,55063,MS
112.5,Natural Gas,34.3356,-89.9275,55063,MS
112.5,Natural Gas,34.3356,-89.9275,55063,MS
126.9,Natural Gas,35.6957,-101.36,55064,TX
126.9,Natural Gas,35.6957,-101.36,55064,TX
174.2,Natural Gas,32.9728,-102.7417,55065,TX
174.2,Natural Gas,32.9728,-102.7417,55065,TX
172.6,Natural Gas,32.9728,-102.7417,55065,TX
94.6,Other,41.6789,-87.42,55066,IN
1.1,Natural Gas,41.852709,-87.61851,55067,IL
1.1,Natural Gas,41.852709,-87.61851,55067,IL
1.1,Natural Gas,41.852709,-87.61851,55067,IL
177.8,Natural Gas,44.8242,-68.7094,55068,ME
177.8,Natural Gas,44.8242,-68.7094,55068,ME
194.6,Natural Gas,44.8242,-68.7094,55068,ME
0.8,Other,41.5149544,-87.1932459,55073,IN
0.8,Other,41.5149544,-87.1932459,55073,IN
3,Other,42.0786,-80.0708,55074,PA
3,Other,42.0786,-80.0708,55074,PA
180,Natural Gas,34.2181,-91.9025,55075,AR
56,Natural Gas,34.2181,-91.9025,55075,AR
513.7,Coal,33.3761,-89.2183,55076,MS
201,Natural Gas,35.7867,-114.9928,55077,NV
201,Natural Gas,35.7867,-114.9928,55077,NV
230,Natural Gas,35.7867,-114.9928,55077,NV
230,Natural Gas,42.112291,-72.015113,55079,MA
130,Natural Gas,42.112291,-72.015113,55079,MA
71.2,Natural Gas,34.540833,-88.939722,55080,MS
71.2,Natural Gas,34.540833,-88.939722,55080,MS
71.2,Natural Gas,34.540833,-88.939722,55080,MS
71.2,Natural Gas,34.540833,-88.939722,55080,MS
71.2,Natural Gas,34.540833,-88.939722,55080,MS
71.2,Natural Gas,34.540833,-88.939722,55080,MS
112,Natural Gas,35.5438,-89.198,55081,TN
112,Natural Gas,35.5438,-89.198,55081,TN
118,Natural Gas,35.5438,-89.198,55081,TN
118,Natural Gas,35.5438,-89.198,55081,TN
86.5,Natural Gas,33.6802651,-88.3289414,55082,MS
86.5,Natural Gas,33.6802651,-88.3289414,55082,MS
86.5,Natural Gas,33.6802651,-88.3289414,55082,MS
86.5,Natural Gas,33.6802651,-88.3289414,55082,MS
86.5,Natural Gas,33.6802651,-88.3289414,55082,MS
86.5,Natural Gas,33.6802651,-88.3289414,55082,MS
247.4,Natural Gas,38.0569,-122.2161,55084,CA
166,Natural Gas,27.88929,-97.258417,55086,TX
166,Natural Gas,27.88929,-97.258417,55086,TX
100,Natural Gas,27.88929,-97.258417,55086,TX
188,Natural Gas,42.8206,-85.9975,55087,MI
190,Natural Gas,42.8206,-85.9975,55087,MI
184,Natural Gas,42.8206,-85.9975,55087,MI
184,Natural Gas,42.8206,-85.9975,55087,MI
190,Natural Gas,42.8206,-85.9975,55087,MI
170,Natural Gas,42.3026,-83.154,55088,MI
170,Natural Gas,42.3026,-83.154,55088,MI
170,Natural Gas,42.3026,-83.154,55088,MI
250,Natural Gas,42.3026,-83.154,55088,MI
170,Natural Gas,29.9888,-90.4599,55089,LA
170,Natural Gas,29.9888,-90.4599,55089,LA
170,Natural Gas,29.9888,-90.4599,55089,LA
325,Natural Gas,29.9888,-90.4599,55089,LA
6.2,Other,47.331006,-116.890352,55090,ID
289,Natural Gas,32.4302,-97.0537,55091,TX
289,Natural Gas,32.4302,-97.0537,55091,TX
289,Natural Gas,32.4302,-97.0537,55091,TX
289,Natural Gas,32.4302,-97.0537,55091,TX
289,Natural Gas,32.4302,-97.0537,55091,TX
289,Natural Gas,32.4302,-97.0537,55091,TX
9.9,Other,40.464381,-74.3936815,55092,NJ
0.9,Other,41.9111,-71.1289,55093,MA
0.9,Other,41.9111,-71.1289,55093,MA
1.6,Other,32.8067,-117.1683,55094,CA
1.6,Other,32.8067,-117.1683,55094,CA
1.6,Other,32.8067,-117.1683,55094,CA
1.6,Other,32.8067,-117.1683,55094,CA
0.8,Other,42.6263916,-71.3502658,55095,MA
0.8,Other,42.6263916,-71.3502658,55095,MA
50,Natural Gas,41.6317,-87.1728,55096,IN
25.6,Natural Gas,41.6317,-87.1728,55096,IN
171.7,Natural Gas,33.6308,-95.59,55097,TX
171.7,Natural Gas,33.6308,-95.59,55097,TX
171.7,Natural Gas,33.6308,-95.59,55097,TX
171.7,Natural Gas,33.6308,-95.59,55097,TX
202,Natural Gas,33.6308,-95.59,55097,TX
202,Natural Gas,33.6308,-95.59,55097,TX
172,Natural Gas,26.208,-98.3992,55098,TX
172,Natural Gas,26.208,-98.3992,55098,TX
185,Natural Gas,26.208,-98.3992,55098,TX
25,Natural Gas,32.6889,-92.0811,55099,LA
25,Natural Gas,32.6889,-92.0811,55099,LA
25,Natural Gas,32.6889,-92.0811,55099,LA
25,Natural Gas,32.6889,-92.0811,55099,LA
25,Natural Gas,32.6889,-92.0811,55099,LA
25,Natural Gas,32.6889,-92.0811,55099,LA
25,Natural Gas,32.6889,-92.0811,55099,LA
17,Natural Gas,32.6889,-92.0811,55099,LA
17,Natural Gas,32.6889,-92.0811,55099,LA
171,Natural Gas,44.5303,-70.5219,55100,ME
91.9,Natural Gas,44.5303,-70.5219,55100,ME
73.1,Natural Gas,42.281345,-85.494956,55101,MI
42.9,Natural Gas,45.030397,-84.730795,55102,MI
42.4,Natural Gas,45.030397,-84.730795,55102,MI
42.4,Natural Gas,45.030397,-84.730795,55102,MI
42.4,Natural Gas,45.030397,-84.730795,55102,MI
161.5,Natural Gas,42.1739,-121.8106,55103,OR
161.5,Natural Gas,42.1739,-121.8106,55103,OR
178.5,Natural Gas,42.1739,-121.8106,55103,OR
37.2,Natural Gas,30.0444,-93.771389,55104,TX
37.2,Natural Gas,30.0444,-93.771389,55104,TX
27,Natural Gas,30.0444,-93.771389,55104,TX
196,Natural Gas,41.8017,-71.5186,55107,RI
196,Natural Gas,41.8017,-71.5186,55107,RI
204,Natural Gas,41.8017,-71.5186,55107,RI
125.8,Natural Gas,42.0931,-88.2397,55109,IL
125.8,Natural Gas,42.0931,-88.2397,55109,IL
125.8,Natural Gas,42.0931,-88.2397,55109,IL
41.5,Natural Gas,42.0931,-88.2397,55109,IL
85.4,Natural Gas,39.4522,-84.4647,55110,OH
85.4,Natural Gas,39.4522,-84.4647,55110,OH
85.4,Natural Gas,39.4522,-84.4647,55110,OH
85.4,Natural Gas,39.4522,-84.4647,55110,OH
85.4,Natural Gas,39.4522,-84.4647,55110,OH
85.4,Natural Gas,39.4522,-84.4647,55110,OH
85.4,Natural Gas,39.4522,-84.4647,55110,OH
85.4,Natural Gas,39.4522,-84.4647,55110,OH
85.4,Natural Gas,39.922328,-87.446358,55111,IN
85.4,Natural Gas,39.922328,-87.446358,55111,IN
85.4,Natural Gas,39.922328,-87.446358,55111,IN
85.4,Natural Gas,39.922328,-87.446358,55111,IN
85.4,Natural Gas,39.922328,-87.446358,55111,IN
85.4,Natural Gas,39.922328,-87.446358,55111,IN
85.4,Natural Gas,39.922328,-87.446358,55111,IN
85.4,Natural Gas,39.922328,-87.446358,55111,IN
212,Natural Gas,39.053139,-121.695873,55112,CA
212,Natural Gas,39.053139,-121.695873,55112,CA
212,Natural Gas,39.053139,-121.695873,55112,CA
7.5,Natural Gas,39.8618159,-75.1524859,55113,NJ
7.5,Natural Gas,39.8618159,-75.1524859,55113,NJ
7.5,Natural Gas,39.8618159,-75.1524859,55113,NJ
161.8,Natural Gas,36.3297,-79.8297,55116,NC
161.8,Natural Gas,36.3297,-79.8297,55116,NC
161.8,Natural Gas,36.3297,-79.8297,55116,NC
161.8,Natural Gas,36.3297,-79.8297,55116,NC
161.8,Natural Gas,36.3297,-79.8297,55116,NC
103,Natural Gas,30.221,-93.2992,55117,LA
195,Natural Gas,30.221,-93.2992,55117,LA
195,Natural Gas,30.221,-93.2992,55117,LA
180,Natural Gas,30.054478,-93.757435,55120,TX
180,Natural Gas,30.054478,-93.757435,55120,TX
145,Natural Gas,30.054478,-93.757435,55120,TX
41.6,Natural Gas,29.954321,-93.883592,55122,TX
41.6,Natural Gas,29.954321,-93.883592,55122,TX
267,Natural Gas,26.3403,-98.19,55123,TX
267,Natural Gas,26.3403,-98.19,55123,TX
267,Natural Gas,26.3403,-98.19,55123,TX
176,Natural Gas,35.054029,-114.133272,55124,AZ
176.6,Natural Gas,35.054029,-114.133272,55124,AZ
301.8,Natural Gas,35.054029,-114.133272,55124,AZ
25,Wind,45.8792,-118.6372,55125,OR
270,Natural Gas,41.224355,-73.099728,55126,CT
270,Natural Gas,41.224355,-73.099728,55126,CT
150,Natural Gas,40.217143,-103.68504,55127,CO
150,Natural Gas,40.217143,-103.68504,55127,CO
204,Natural Gas,33.8148,-83.6954,55128,GA
204,Natural Gas,33.8148,-83.6954,55128,GA
204,Natural Gas,33.8148,-83.6954,55128,GA
187,Natural Gas,32.9042,-111.7889,55129,AZ
187,Natural Gas,32.9042,-111.7889,55129,AZ
272.1,Natural Gas,32.9042,-111.7889,55129,AZ
180,Natural Gas,41.4797,-88.2581,55131,IL
180,Natural Gas,41.4797,-88.2581,55131,IL
180,Natural Gas,41.4797,-88.2581,55131,IL
180,Natural Gas,41.4797,-88.2581,55131,IL
134,Natural Gas,41.4797,-88.2581,55131,IL
134,Natural Gas,41.4797,-88.2581,55131,IL
134,Natural Gas,41.4797,-88.2581,55131,IL
134,Natural Gas,41.4797,-88.2581,55131,IL
183.2,Natural Gas,32.017826,-94.619743,55132,TX
183.2,Natural Gas,32.017826,-94.619743,55132,TX
183.2,Natural Gas,32.017826,-94.619743,55132,TX
390,Natural Gas,32.017826,-94.619743,55132,TX
2,Other,44.8196,-93.1156,55133,MN
2,Other,44.8196,-93.1156,55133,MN
2,Other,44.8196,-93.1156,55133,MN
2,Other,44.8196,-93.1156,55133,MN
2,Other,44.8196,-93.1156,55133,MN
2,Other,44.8196,-93.1156,55133,MN
2,Other,44.8196,-93.1156,55133,MN
186.6,Natural Gas,44.1936,-88.5064,55135,WI
186.6,Natural Gas,44.1936,-88.5064,55135,WI
175,Natural Gas,29.593056,-97.973215,55137,TX
175,Natural Gas,29.593056,-97.973215,55137,TX
175,Natural Gas,29.593056,-97.973215,55137,TX
300,Natural Gas,29.593056,-97.973215,55137,TX
51.5,Natural Gas,32.54098,-85.038879,55138,AL
51.5,Natural Gas,32.54098,-85.038879,55138,AL
264.8,Natural Gas,32.33422,-97.731686,55139,TX
264.8,Natural Gas,32.33422,-97.731686,55139,TX
280,Natural Gas,32.33422,-97.731686,55139,TX
165,Natural Gas,33.358472,-84.991391,55141,GA
165,Natural Gas,33.358472,-84.991391,55141,GA
165,Natural Gas,33.358472,-84.991391,55141,GA
3,Other,39.9578,-76.7408,55142,PA
3,Other,39.9578,-76.7408,55142,PA
3,Other,39.9578,-76.7408,55142,PA
241.7,Natural Gas,29.7806,-97.9894,55144,TX
241.7,Natural Gas,29.7806,-97.9894,55144,TX
252.8,Natural Gas,29.7806,-97.9894,55144,TX
252.8,Natural Gas,29.7806,-97.9894,55144,TX
179.3,Natural Gas,35.9833,-95.9346,55146,OK
179.3,Natural Gas,35.9833,-95.9346,55146,OK
179.3,Natural Gas,35.9833,-95.9346,55146,OK
122,Natural Gas,35.9833,-95.9346,55146,OK
122,Natural Gas,35.9833,-95.9346,55146,OK
122,Natural Gas,35.9833,-95.9346,55146,OK
60.5,Natural Gas,39.0708,-87.0128,55148,IN
60.5,Natural Gas,39.0708,-87.0128,55148,IN
60.5,Natural Gas,39.0708,-87.0128,55148,IN
60.5,Natural Gas,39.0708,-87.0128,55148,IN
280,Natural Gas,41.872043,-71.895799,55149,CT
280,Natural Gas,41.872043,-71.895799,55149,CT
280,Natural Gas,41.872043,-71.895799,55149,CT
300,Natural Gas,35.2956,-119.5919,55151,CA
300,Natural Gas,35.2956,-119.5919,55151,CA
300,Natural Gas,35.2956,-119.5919,55151,CA
300,Natural Gas,35.2956,-119.5919,55151,CA
1.5,Other,33.7708,-84.3861,55152,GA
1.5,Other,33.7708,-84.3861,55152,GA
184.6,Natural Gas,29.6244,-98.1419,55153,TX
184.6,Natural Gas,29.6244,-98.1419,55153,TX
184.6,Natural Gas,29.6244,-98.1419,55153,TX
184.6,Natural Gas,29.6244,-98.1419,55153,TX
201.9,Natural Gas,29.6244,-98.1419,55153,TX
201.9,Natural Gas,29.6244,-98.1419,55153,TX
195.5,Natural Gas,30.1478,-97.2714,55154,TX
195.5,Natural Gas,30.1478,-97.2714,55154,TX
204,Natural Gas,30.1478,-97.2714,55154,TX
0.9,Other,42.6975,-73.8514,55155,NY
0.9,Other,42.6975,-73.8514,55155,NY
0.9,Other,38.3633,-77.4317,55156,VA
0.9,Other,38.3633,-77.4317,55156,VA
0.9,Other,47.2317882,-122.5014789,55157,WA
0.9,Other,47.2317882,-122.5014789,55157,WA
1.9,Other,40.7726296,-74.1239748,55159,NJ
1.9,Other,40.7726296,-74.1239748,55159,NJ
0.9,Other,36.3809261,-119.394546,55160,CA
0.9,Other,36.3809261,-119.394546,55160,CA
3,Other,34.2925,-118.389444,55161,CA
3,Other,34.2925,-118.389444,55161,CA
1.9,Other,29.0969,-81.0689,55162,FL
1.9,Other,29.0969,-81.0689,55162,FL
0.9,Other,41.7861,-72.6544,55163,CT
0.9,Other,41.7861,-72.6544,55163,CT
0.9,Other,41.7861,-72.6544,55163,CT
208,Natural Gas,38.3902,-85.4133,55164,KY
208,Natural Gas,38.3902,-85.4133,55164,KY
208,Natural Gas,38.3902,-85.4133,55164,KY
155,Natural Gas,30.1608,-93.345,55165,LA
165,Natural Gas,30.1608,-93.345,55165,LA
197,Natural Gas,35.0786,-81.575,55166,SC
197,Natural Gas,35.0786,-81.575,55166,SC
197,Natural Gas,35.0786,-81.575,55166,SC
197,Natural Gas,35.0786,-81.575,55166,SC
197,Natural Gas,35.0786,-81.575,55166,SC
221.4,Natural Gas,30.1458,-97.55,55168,TX
221.4,Natural Gas,30.1458,-97.55,55168,TX
285,Natural Gas,30.1458,-97.55,55168,TX
300,Natural Gas,42.9042,-71.4261,55170,NH
300,Natural Gas,42.9042,-71.4261,55170,NH
300,Natural Gas,42.9042,-71.4261,55170,NH
154,Natural Gas,31.8594,-97.3586,55172,TX
154,Natural Gas,31.8594,-97.3586,55172,TX
154,Natural Gas,31.8594,-97.3586,55172,TX
95,Natural Gas,31.8594,-97.3586,55172,TX
212,Natural Gas,30.428611,-92.413056,55173,LA
212,Natural Gas,30.428611,-92.413056,55173,LA
212,Natural Gas,30.428611,-92.413056,55173,LA
212,Natural Gas,30.428611,-92.413056,55173,LA
264,Natural Gas,30.428611,-92.413056,55173,LA
264,Natural Gas,30.428611,-92.413056,55173,LA
26,Other,41.5024063,-87.5968189,55174,IL
170,Natural Gas,32.4481,-94.6903,55176,TX
170,Natural Gas,32.4481,-94.6903,55176,TX
127.7,Natural Gas,32.4481,-94.6903,55176,TX
236,Natural Gas,34.8678,-114.5317,55177,AZ
236,Natural Gas,34.8678,-114.5317,55177,AZ
236,Natural Gas,34.8678,-114.5317,55177,AZ
206,Natural Gas,38.7931,-94.3006,55178,MO
206,Natural Gas,38.7931,-94.3006,55178,MO
265,Natural Gas,38.7931,-94.3006,55178,MO
211,Natural Gas,47.7858,-116.9203,55179,ID
143.6,Natural Gas,47.7858,-116.9203,55179,ID
270,Natural Gas,35.2097,-119.585,55182,CA
167.7,Natural Gas,35.2097,-119.585,55182,CA
167.7,Natural Gas,35.2097,-119.585,55182,CA
3,Natural Gas,35.953293,-120.859952,55184,CA
3.2,Natural Gas,35.953293,-120.859952,55184,CA
3,Natural Gas,35.4336947,-119.6871036,55185,CA
3,Natural Gas,35.4336947,-119.6871036,55185,CA
3,Natural Gas,35.4336947,-119.6871036,55185,CA
192.1,Natural Gas,29.836952,-95.121744,55187,TX
192.1,Natural Gas,29.836952,-95.121744,55187,TX
192.1,Natural Gas,29.836952,-95.121744,55187,TX
192.1,Natural Gas,29.836952,-95.121744,55187,TX
149.9,Natural Gas,29.836952,-95.121744,55187,TX
230,Natural Gas,41.712216,-90.279679,55188,IL
230.4,Natural Gas,41.712216,-90.279679,55188,IL
230.4,Natural Gas,41.712216,-90.279679,55188,IL
200,Natural Gas,28.1289,-81.0978,55192,FL
200,Natural Gas,28.1289,-81.0978,55192,FL
200,Natural Gas,28.1289,-81.0978,55192,FL
250,Natural Gas,40.4219,-75.9356,55193,PA
250,Natural Gas,40.4219,-75.9356,55193,PA
228,Natural Gas,40.4219,-75.9356,55193,PA
43.8,Natural Gas,40.546667,-79.768333,55196,PA
43.8,Natural Gas,40.546667,-79.768333,55196,PA
161,Natural Gas,33.6464,-88.2717,55197,MS
161,Natural Gas,33.6464,-88.2717,55197,MS
161,Natural Gas,33.6464,-88.2717,55197,MS
106,Natural Gas,33.6464,-88.2717,55197,MS
106,Natural Gas,33.6464,-88.2717,55197,MS
106,Natural Gas,33.6464,-88.2717,55197,MS
230,Natural Gas,38.191661,-82.604586,55198,KY
230,Natural Gas,38.191661,-82.604586,55198,KY
230,Natural Gas,38.191661,-82.604586,55198,KY
230,Natural Gas,38.191661,-82.604586,55198,KY
230,Natural Gas,38.191661,-82.604586,55198,KY
192,Natural Gas,41.4388,-88.1236,55199,IL
192,Natural Gas,41.4388,-88.1236,55199,IL
192,Natural Gas,41.4388,-88.1236,55199,IL
192,Natural Gas,41.4388,-88.1236,55199,IL
192,Natural Gas,41.4388,-88.1236,55199,IL
192,Natural Gas,41.4388,-88.1236,55199,IL
192,Natural Gas,41.4388,-88.1236,55199,IL
192,Natural Gas,41.4388,-88.1236,55199,IL
192,Natural Gas,41.4388,-88.1236,55199,IL
71.1,Natural Gas,39.6692,-105.0018,55200,CO
71.1,Natural Gas,39.6692,-105.0018,55200,CO
51.7,Natural Gas,39.6692,-105.0018,55200,CO
135,Natural Gas,40.4705,-88.3987,55201,IL
135,Natural Gas,40.4705,-88.3987,55201,IL
45,Natural Gas,38.1114,-89.3467,55202,IL
45,Natural Gas,38.1114,-89.3467,55202,IL
45,Natural Gas,38.1114,-89.3467,55202,IL
45,Natural Gas,38.1114,-89.3467,55202,IL
50,Natural Gas,38.1114,-89.3467,55202,IL
50,Natural Gas,38.1114,-89.3467,55202,IL
50,Natural Gas,38.1114,-89.3467,55202,IL
50,Natural Gas,38.1114,-89.3467,55202,IL
5.2,Wind,39.9958,-104.8278,55203,CO
135,Natural Gas,38.7619,-89.0128,55204,IL
135,Natural Gas,38.7619,-89.0128,55204,IL
190,Natural Gas,27.8139,-97.4283,55206,TX
190,Natural Gas,27.8139,-97.4283,55206,TX
190,Natural Gas,27.8139,-97.4283,55206,TX
71.1,Natural Gas,40.0205,-105.2009,55207,CO
71.1,Natural Gas,40.0205,-105.2009,55207,CO
107.2,Wind,44.2917,-96.375,55208,MN
55,Natural Gas,40.2419328,-103.6266934,55209,CO
55,Natural Gas,40.2419328,-103.6266934,55209,CO
177,Natural Gas,32.114185,-106.846483,55210,NM
289,Natural Gas,42.110577,-71.453468,55211,MA
289,Natural Gas,42.110577,-71.453468,55211,MA
289,Natural Gas,42.059876,-71.515811,55212,MA
289,Natural Gas,42.059876,-71.515811,55212,MA
171.7,Natural Gas,31.8403,-102.3264,55215,TX
171.7,Natural Gas,31.8403,-102.3264,55215,TX
171.7,Natural Gas,31.8403,-102.3264,55215,TX
171.7,Natural Gas,31.8403,-102.3264,55215,TX
224.2,Natural Gas,31.8403,-102.3264,55215,TX
224.2,Natural Gas,31.8403,-102.3264,55215,TX
62,Natural Gas,41.411944,-88.332778,55216,IL
39,Natural Gas,41.411944,-88.332778,55216,IL
39,Natural Gas,41.411944,-88.332778,55216,IL
39,Natural Gas,41.411944,-88.332778,55216,IL
198.9,Natural Gas,38.030071,-121.873004,55217,CA
198.9,Natural Gas,38.030071,-121.873004,55217,CA
280.5,Natural Gas,38.030071,-121.873004,55217,CA
157,Natural Gas,32.378969,-90.219906,55218,MS
157,Natural Gas,32.378969,-90.219906,55218,MS
188,Natural Gas,32.378969,-90.219906,55218,MS
86,Natural Gas,34.980829,-90.039688,55219,MS
86,Natural Gas,34.980829,-90.039688,55219,MS
86,Natural Gas,34.980829,-90.039688,55219,MS
86,Natural Gas,34.980829,-90.039688,55219,MS
86,Natural Gas,34.980829,-90.039688,55219,MS
86,Natural Gas,34.980829,-90.039688,55219,MS
86,Natural Gas,34.980829,-90.039688,55219,MS
86,Natural Gas,34.980829,-90.039688,55219,MS
160,Natural Gas,33.0147,-89.6753,55220,MS
160,Natural Gas,33.0147,-89.6753,55220,MS
180,Natural Gas,33.0147,-89.6753,55220,MS
51,Natural Gas,34.5923,-92.2166,55221,AR
51,Natural Gas,34.5923,-92.2166,55221,AR
51,Natural Gas,34.5923,-92.2166,55221,AR
51,Natural Gas,34.5923,-92.2166,55221,AR
51,Natural Gas,34.5923,-92.2166,55221,AR
51,Natural Gas,34.5923,-92.2166,55221,AR
83.5,Natural Gas,34.5923,-92.2166,55221,AR
105,Natural Gas,34.5923,-92.2166,55221,AR
105,Natural Gas,34.5923,-92.2166,55221,AR
86.5,Natural Gas,41.393315,-87.943612,55222,IL
86.5,Natural Gas,41.393315,-87.943612,55222,IL
86.5,Natural Gas,41.393315,-87.943612,55222,IL
86.5,Natural Gas,41.393315,-87.943612,55222,IL
86.5,Natural Gas,41.393315,-87.943612,55222,IL
86.5,Natural Gas,41.393315,-87.943612,55222,IL
86.5,Natural Gas,41.393315,-87.943612,55222,IL
86.5,Natural Gas,41.393315,-87.943612,55222,IL
285,Natural Gas,32.32,-96.675,55223,TX
133,Natural Gas,32.32,-96.675,55223,TX
135,Natural Gas,38.6716,-87.2931,55224,IN
135,Natural Gas,38.6716,-87.2931,55224,IN
135,Natural Gas,38.6716,-87.2931,55224,IN
135,Natural Gas,38.6716,-87.2931,55224,IN
176,Natural Gas,36.0119,-95.6967,55225,OK
176,Natural Gas,36.0119,-95.6967,55225,OK
176,Natural Gas,36.0119,-95.6967,55225,OK
176,Natural Gas,36.0119,-95.6967,55225,OK
255,Natural Gas,36.0119,-95.6967,55225,OK
255,Natural Gas,36.0119,-95.6967,55225,OK
166.7,Natural Gas,31.8907,-96.1131,55226,TX
166.7,Natural Gas,31.8907,-96.1131,55226,TX
166.7,Natural Gas,31.8907,-96.1131,55226,TX
166.7,Natural Gas,31.8907,-96.1131,55226,TX
184.6,Natural Gas,31.8907,-96.1131,55226,TX
184.6,Natural Gas,31.8907,-96.1131,55226,TX
59,Natural Gas,40.075783,-84.615136,55228,OH
59,Natural Gas,40.075783,-84.615136,55228,OH
59,Natural Gas,40.075783,-84.615136,55228,OH
59,Natural Gas,40.075783,-84.615136,55228,OH
59,Natural Gas,40.6206,-85.3057,55229,IN
59,Natural Gas,40.6206,-85.3057,55229,IN
59,Natural Gas,40.6206,-85.3057,55229,IN
59,Natural Gas,40.6206,-85.3057,55229,IN
186,Natural Gas,39.8614,-75.3358,55231,PA
186,Natural Gas,39.8614,-75.3358,55231,PA
242,Natural Gas,39.8614,-75.3358,55231,PA
86,Natural Gas,37.0286,-88.3958,55232,KY
86,Natural Gas,37.0286,-88.3958,55232,KY
86,Natural Gas,37.0286,-88.3958,55232,KY
86,Natural Gas,37.0286,-88.3958,55232,KY
86,Natural Gas,37.0286,-88.3958,55232,KY
86,Natural Gas,37.0286,-88.3958,55232,KY
86,Natural Gas,37.0286,-88.3958,55232,KY
86,Natural Gas,37.0286,-88.3958,55232,KY
57,Natural Gas,41.2908,-79.8061,55233,PA
57,Natural Gas,41.2908,-79.8061,55233,PA
57,Natural Gas,41.2908,-79.8061,55233,PA
57,Natural Gas,41.2908,-79.8061,55233,PA
57,Natural Gas,41.2908,-79.8061,55233,PA
101.8,Natural Gas,39.3092,-91.5369,55234,MO
101.8,Natural Gas,39.3092,-91.5369,55234,MO
101.8,Natural Gas,39.3092,-91.5369,55234,MO
101.8,Natural Gas,39.3092,-91.5369,55234,MO
101.8,Natural Gas,39.3092,-91.5369,55234,MO
101.8,Natural Gas,39.3092,-91.5369,55234,MO
101.8,Natural Gas,39.3092,-91.5369,55234,MO
101.8,Natural Gas,39.3092,-91.5369,55234,MO
101.8,Natural Gas,41.8287,-89.4054,55236,IL
101.8,Natural Gas,41.8287,-89.4054,55236,IL
101.8,Natural Gas,41.8287,-89.4054,55236,IL
101.8,Natural Gas,41.8287,-89.4054,55236,IL
101.8,Natural Gas,41.8287,-89.4054,55236,IL
101.8,Natural Gas,41.8287,-89.4054,55236,IL
101.8,Natural Gas,41.8287,-89.4054,55236,IL
101.8,Natural Gas,41.8287,-89.4054,55236,IL
60.5,Natural Gas,39.2794,-88.4772,55237,IL
60.5,Natural Gas,39.2794,-88.4772,55237,IL
60.5,Natural Gas,39.2794,-88.4772,55237,IL
60.5,Natural Gas,39.2794,-88.4772,55237,IL
60.5,Natural Gas,39.2794,-88.4772,55237,IL
60.5,Natural Gas,39.2794,-88.4772,55237,IL
60,Natural Gas,39.2794,-88.4772,55237,IL
60,Natural Gas,39.2794,-88.4772,55237,IL
158,Natural Gas,42.238558,-89.101202,55238,IL
158,Natural Gas,42.238558,-89.101202,55238,IL
212,Natural Gas,40.448674,-74.348879,55239,NJ
212,Natural Gas,40.448674,-74.348879,55239,NJ
212,Natural Gas,40.448674,-74.348879,55239,NJ
330,Natural Gas,40.448674,-74.348879,55239,NJ
235,Natural Gas,30.7478,-88.0575,55241,AL
94,Natural Gas,30.7478,-88.0575,55241,AL
166.5,Natural Gas,30.5664,-87.115,55242,FL
74.5,Natural Gas,30.5664,-87.115,55242,FL
19.2,Other,40.787,-73.9048,55243,NY
19.2,Other,40.787,-73.9048,55243,NY
19.2,Other,40.787,-73.9048,55243,NY
19.2,Other,40.787,-73.9048,55243,NY
31.8,Other,40.787,-73.9048,55243,NY
31.8,Other,40.787,-73.9048,55243,NY
31.8,Other,40.787,-73.9048,55243,NY
31.8,Other,40.787,-73.9048,55243,NY
46.5,Natural Gas,40.787,-73.9048,55243,NY
46.5,Natural Gas,40.787,-73.9048,55243,NY
46.5,Natural Gas,40.787,-73.9048,55243,NY
46.5,Natural Gas,40.787,-73.9048,55243,NY
46.5,Natural Gas,40.787,-73.9048,55243,NY
46.5,Natural Gas,40.787,-73.9048,55243,NY
46.5,Natural Gas,40.787,-73.9048,55243,NY
46.5,Natural Gas,40.787,-73.9048,55243,NY
46.5,Natural Gas,40.787,-73.9048,55243,NY
46.5,Natural Gas,40.787,-73.9048,55243,NY
46.5,Natural Gas,40.787,-73.9048,55243,NY
46.5,Natural Gas,40.787,-73.9048,55243,NY
64,Natural Gas,33.837699,-83.699577,55244,GA
71.8,Natural Gas,33.837699,-83.699577,55244,GA
71.8,Natural Gas,33.837699,-83.699577,55244,GA
100.7,Natural Gas,33.837699,-83.699577,55244,GA
100.7,Natural Gas,33.837699,-83.699577,55244,GA
6,Coal,39.798175,-88.349771,55245,IL
6,Coal,39.798175,-88.349771,55245,IL
6,Natural Gas,39.798175,-88.349771,55245,IL
94,Natural Gas,39.7139,-83.1778,55247,OH
94,Natural Gas,39.7139,-83.1778,55247,OH
94,Natural Gas,39.7139,-83.1778,55247,OH
94,Natural Gas,39.7139,-83.1778,55247,OH
94,Natural Gas,39.7139,-83.1778,55247,OH
94,Natural Gas,39.7139,-83.1778,55247,OH
94,Natural Gas,39.727679,-84.209489,55248,OH
94,Natural Gas,39.727679,-84.209489,55248,OH
94,Natural Gas,39.727679,-84.209489,55248,OH
94,Natural Gas,39.727679,-84.209489,55248,OH
57,Natural Gas,41.440893,-87.753189,55250,IL
57,Natural Gas,41.440893,-87.753189,55250,IL
57,Natural Gas,41.440893,-87.753189,55250,IL
57,Natural Gas,41.440893,-87.753189,55250,IL
57,Natural Gas,41.440893,-87.753189,55250,IL
57,Natural Gas,41.440893,-87.753189,55250,IL
185.4,Natural Gas,36.2454,-88.612,55251,TN
191.2,Natural Gas,36.2454,-88.612,55251,TN
191.2,Natural Gas,36.2454,-88.612,55251,TN
89,Natural Gas,41.429444,-87.6187,55253,IL
89,Natural Gas,41.429444,-87.6187,55253,IL
89,Natural Gas,41.429444,-87.6187,55253,IL
89,Natural Gas,41.429444,-87.6187,55253,IL
0.6,Natural Gas,32.3639,-111.1958,55257,AZ
0.6,Natural Gas,32.3639,-111.1958,55257,AZ
0.6,Natural Gas,32.3639,-111.1958,55257,AZ
0.6,Natural Gas,32.3639,-111.1958,55257,AZ
0.6,Natural Gas,32.3639,-111.1958,55257,AZ
0.6,Natural Gas,32.3639,-111.1958,55257,AZ
0.6,Natural Gas,32.3639,-111.1958,55257,AZ
213,Natural Gas,41.6739,-87.4775,55259,IN
213,Natural Gas,41.6739,-87.4775,55259,IN
213,Natural Gas,41.6739,-87.4775,55259,IN
33,Natural Gas,41.397369,-83.641236,55262,OH
16.5,Natural Gas,41.397369,-83.641236,55262,OH
33,Natural Gas,40.7167,-82.789,55263,OH
16.5,Natural Gas,40.7167,-82.789,55263,OH
33,Natural Gas,41.4079,-84.1095,55264,OH
16.5,Natural Gas,41.4079,-84.1095,55264,OH
103.5,Wind,44.17359,-96.10558,55265,MN
175.3,Natural Gas,32.9111,-84.3064,55267,GA
175.3,Natural Gas,32.9111,-84.3064,55267,GA
175.3,Natural Gas,32.9111,-84.3064,55267,GA
175.3,Natural Gas,32.9111,-84.3064,55267,GA
161,Natural Gas,34.9939,-90.0378,55269,MS
161,Natural Gas,34.9939,-90.0378,55269,MS
161,Natural Gas,34.9939,-90.0378,55269,MS
106,Natural Gas,34.9939,-90.0378,55269,MS
106,Natural Gas,34.9939,-90.0378,55269,MS
106,Natural Gas,34.9939,-90.0378,55269,MS
79,Natural Gas,42.2488,-84.3767,55270,MI
60,Natural Gas,42.2488,-84.3767,55270,MI
60,Natural Gas,42.2488,-84.3767,55270,MI
60,Natural Gas,42.2488,-84.3767,55270,MI
60,Natural Gas,42.2488,-84.3767,55270,MI
60,Natural Gas,42.2488,-84.3767,55270,MI
60,Natural Gas,42.2488,-84.3767,55270,MI
105,Natural Gas,42.2488,-84.3767,55270,MI
105,Natural Gas,42.2488,-84.3767,55270,MI
183.1,Natural Gas,32.6514,-86.7386,55271,AL
183.1,Natural Gas,32.6514,-86.7386,55271,AL
183.1,Natural Gas,32.6514,-86.7386,55271,AL
390.1,Natural Gas,32.6514,-86.7386,55271,AL
1.8,Other,34.0858,-84.2353,55274,GA
1.8,Other,34.0858,-84.2353,55274,GA
1.8,Other,34.0858,-84.2353,55274,GA
1.8,Other,34.0858,-84.2353,55274,GA
1.8,Other,34.0858,-84.2353,55274,GA
1.8,Other,34.0858,-84.2353,55274,GA
86.5,Natural Gas,38.3681,-82.5339,55276,WV
86.5,Natural Gas,38.3681,-82.5339,55276,WV
86.5,Natural Gas,38.3681,-82.5339,55276,WV
86.5,Natural Gas,38.3681,-82.5339,55276,WV
86.5,Natural Gas,38.3681,-82.5339,55276,WV
86.5,Natural Gas,38.3681,-82.5339,55276,WV
86.5,Natural Gas,38.3681,-82.5339,55276,WV
86.5,Natural Gas,38.3681,-82.5339,55276,WV
86.5,Natural Gas,38.3681,-82.5339,55276,WV
2.5,Natural Gas,42.8475,-108.3136,55278,WY
2.5,Natural Gas,42.8475,-108.3136,55278,WY
71,Natural Gas,41.8151,-88.2265,55279,IL
213,Natural Gas,41.8151,-88.2265,55279,IL
213,Natural Gas,41.8151,-88.2265,55279,IL
210,Natural Gas,41.8151,-88.2265,55279,IL
213,Natural Gas,41.8151,-88.2265,55279,IL
71,Natural Gas,41.8151,-88.2265,55279,IL
71,Natural Gas,41.8151,-88.2265,55279,IL
71,Natural Gas,41.8151,-88.2265,55279,IL
71,Natural Gas,41.8151,-88.2265,55279,IL
71,Natural Gas,41.8151,-88.2265,55279,IL
50.9,Natural Gas,41.7181,-87.5449,55281,IL
50.9,Natural Gas,41.7181,-87.5449,55281,IL
50.9,Natural Gas,41.7181,-87.5449,55281,IL
50.9,Natural Gas,41.7181,-87.5449,55281,IL
50.9,Natural Gas,41.7181,-87.5449,55281,IL
50.9,Natural Gas,41.7181,-87.5449,55281,IL
50.9,Natural Gas,41.7181,-87.5449,55281,IL
50.9,Natural Gas,41.7181,-87.5449,55281,IL
198,Natural Gas,33.3417,-112.8897,55282,AZ
198,Natural Gas,33.3417,-112.8897,55282,AZ
317,Natural Gas,33.3417,-112.8897,55282,AZ
154,Natural Gas,38.6281,-104.7069,55283,CO
154,Natural Gas,38.6281,-104.7069,55283,CO
233,Natural Gas,38.6281,-104.7069,55283,CO
57,Natural Gas,38.3441,-82.5938,55284,WV
57,Natural Gas,38.3441,-82.5938,55284,WV
57,Natural Gas,38.3441,-82.5938,55284,WV
57,Natural Gas,38.3441,-82.5938,55284,WV
57,Natural Gas,38.3441,-82.5938,55284,WV
57,Natural Gas,38.3441,-82.5938,55284,WV
57,Natural Gas,36.6644,-82.1044,55285,VA
57,Natural Gas,36.6644,-82.1044,55285,VA
57,Natural Gas,36.6644,-82.1044,55285,VA
57,Natural Gas,36.6644,-82.1044,55285,VA
57,Natural Gas,36.6644,-82.1044,55285,VA
198.9,Other,28.3661,-80.7947,55286,FL
198.9,Other,28.3661,-80.7947,55286,FL
198.9,Other,28.3661,-80.7947,55286,FL
198.9,Natural Gas,28.3661,-80.7947,55286,FL
80.2,Wind,42.8417,-95.405,55287,IA
0.6,Hydroelectric,45.6072,-68.5453,55288,ME
0.6,Hydroelectric,45.6072,-68.5453,55288,ME
0.6,Hydroelectric,45.6072,-68.5453,55288,ME
0.7,Hydroelectric,45.6072,-68.5453,55288,ME
0.7,Hydroelectric,45.6072,-68.5453,55288,ME
180,Natural Gas,34.6292,-87.0214,55292,AL
180,Natural Gas,34.6292,-87.0214,55292,AL
180,Natural Gas,34.6292,-87.0214,55292,AL
171,Natural Gas,34.6292,-87.0214,55292,AL
210,Natural Gas,34.6397,-87.0639,55293,AL
210,Natural Gas,34.6397,-87.0639,55293,AL
210,Natural Gas,34.6397,-87.0639,55293,AL
270,Natural Gas,34.6397,-87.0639,55293,AL
184.2,Natural Gas,43.6575,-70.375,55294,ME
184.2,Natural Gas,43.6575,-70.375,55294,ME
195.5,Natural Gas,43.6575,-70.375,55294,ME
182,Natural Gas,33.6157,-114.6865,55295,CA
182,Natural Gas,33.6157,-114.6865,55295,CA
227,Natural Gas,33.6157,-114.6865,55295,CA
193,Natural Gas,41.6835,-87.5563,55296,IL
193,Natural Gas,41.6835,-87.5563,55296,IL
245,Natural Gas,42.32238,-86.29368,55297,MI
245,Natural Gas,42.32238,-86.29368,55297,MI
245,Natural Gas,42.32238,-86.29368,55297,MI
147,Natural Gas,42.32238,-86.29368,55297,MI
147,Natural Gas,42.32238,-86.29368,55297,MI
147,Natural Gas,42.32238,-86.29368,55297,MI
198.9,Natural Gas,40.1475,-74.7411,55298,PA
198.9,Natural Gas,40.1475,-74.7411,55298,PA
198.9,Natural Gas,40.1475,-74.7411,55298,PA
198.9,Natural Gas,40.1475,-74.7411,55298,PA
271.2,Natural Gas,40.1475,-74.7411,55298,PA
271.2,Natural Gas,40.1475,-74.7411,55298,PA
215,Natural Gas,29.7189,-95.2319,55299,TX
215,Natural Gas,29.7189,-95.2319,55299,TX
285,Natural Gas,29.7189,-95.2319,55299,TX
1.6,Other,41.1097,-111.9554,55302,UT
93.3,Natural Gas,32.2849345,-90.9284266,55303,MS
93.3,Natural Gas,32.2849345,-90.9284266,55303,MS
93.3,Natural Gas,32.2849345,-90.9284266,55303,MS
93.3,Natural Gas,32.2849345,-90.9284266,55303,MS
60,Natural Gas,31.3869,-84.08,55304,GA
60,Natural Gas,31.3869,-84.08,55304,GA
60,Natural Gas,31.3869,-84.08,55304,GA
60,Natural Gas,31.3869,-84.08,55304,GA
174,Natural Gas,32.975,-112.6944,55306,AZ
174,Natural Gas,32.975,-112.6944,55306,AZ
174,Natural Gas,32.975,-112.6944,55306,AZ
174,Natural Gas,32.975,-112.6944,55306,AZ
174,Natural Gas,32.975,-112.6944,55306,AZ
174,Natural Gas,32.975,-112.6944,55306,AZ
174,Natural Gas,32.975,-112.6944,55306,AZ
174,Natural Gas,32.975,-112.6944,55306,AZ
271,Natural Gas,32.975,-112.6944,55306,AZ
271,Natural Gas,32.975,-112.6944,55306,AZ
271,Natural Gas,32.975,-112.6944,55306,AZ
271,Natural Gas,32.975,-112.6944,55306,AZ
26.7,Natural Gas,37.048333,-88.353889,55308,KY
37.6,Natural Gas,29.866497,-93.96515,55309,TX
3,Natural Gas,29.866497,-93.96515,55309,TX
81,Natural Gas,29.002,-95.394,55311,TX
11.7,Natural Gas,29.002,-95.394,55311,TX
0.8,Other,32.8561,-108.0847,55312,NM
0.8,Other,32.8561,-108.0847,55312,NM
0.8,Other,32.8561,-108.0847,55312,NM
160,Natural Gas,27.883076,-97.24556,55313,TX
160,Natural Gas,27.883076,-97.24556,55313,TX
208,Natural Gas,27.883076,-97.24556,55313,TX
1,Other,42.0421724,-91.6748099,55315,IA
0.8,Natural Gas,42.234913,-89.08417,55316,IL
0.8,Natural Gas,42.234913,-89.08417,55316,IL
0.8,Natural Gas,42.234913,-89.08417,55316,IL
0.8,Natural Gas,42.234913,-89.08417,55316,IL
0.8,Natural Gas,42.234913,-89.08417,55316,IL
0.8,Natural Gas,42.234913,-89.08417,55316,IL
278.6,Natural Gas,42.2422,-70.9661,55317,MA
278.6,Natural Gas,42.2422,-70.9661,55317,MA
315,Natural Gas,42.2422,-70.9661,55317,MA
79,Other,28.493176,-80.780246,55318,FL
213,Other,28.493176,-80.780246,55318,FL
317,Other,28.493176,-80.780246,55318,FL
0.7,Other,33.9625,-83.3981,55319,GA
0.7,Other,33.9625,-83.3981,55319,GA
0.7,Other,33.9625,-83.3981,55319,GA
242,Natural Gas,33.0583,-97.9103,55320,TX
242,Natural Gas,33.0583,-97.9103,55320,TX
262,Natural Gas,33.0583,-97.9103,55320,TX
210,Natural Gas,29.7731,-94.9019,55327,TX
214.8,Natural Gas,29.7731,-94.9019,55327,TX
214.8,Natural Gas,29.7731,-94.9019,55327,TX
275,Natural Gas,29.7731,-94.9019,55327,TX
212.5,Natural Gas,45.794046,-119.313323,55328,OR
212.5,Natural Gas,45.794046,-119.313323,55328,OR
264.4,Natural Gas,45.794046,-119.313323,55328,OR
11,Other,39.8842713,-75.2198275,55331,PA
199.4,Natural Gas,33.092239,-82.979992,55332,GA
199.4,Natural Gas,33.092239,-82.979992,55332,GA
199.4,Natural Gas,33.092239,-82.979992,55332,GA
199.4,Natural Gas,33.092239,-82.979992,55332,GA
212,Natural Gas,38.0169,-121.8439,55333,CA
212,Natural Gas,38.0169,-121.8439,55333,CA
213.5,Natural Gas,38.0169,-121.8439,55333,CA
306,Natural Gas,38.0169,-121.8439,55333,CA
178.5,Natural Gas,39.223144,-88.758406,55334,IL
178.5,Natural Gas,39.223144,-88.758406,55334,IL
345.1,Natural Gas,39.223144,-88.758406,55334,IL
11,Other,39.991189,-75.0851534,55336,PA
259.2,Natural Gas,40.3509,-76.3658,55337,PA
259.2,Natural Gas,40.3509,-76.3658,55337,PA
259.2,Natural Gas,40.3509,-76.3658,55337,PA
2.1,Wind,33.922564,-116.54519,55339,CA
10.2,Wind,43.9939,-96.1133,55342,MN
172,Natural Gas,40.638021,-79.351725,55347,PA
172,Natural Gas,40.638021,-79.351725,55347,PA
172,Natural Gas,40.638021,-79.351725,55347,PA
172,Natural Gas,40.638021,-79.351725,55347,PA
172,Natural Gas,41.47724,-83.45983,55348,OH
172,Natural Gas,41.47724,-83.45983,55348,OH
172,Natural Gas,41.47724,-83.45983,55348,OH
172,Natural Gas,41.47724,-83.45983,55348,OH
172,Natural Gas,39.3325,-81.3642,55349,WV
172,Natural Gas,39.3325,-81.3642,55349,WV
11.2,Wind,44.5442,-96.2089,55353,MN
11.8,Wind,44.5442,-96.2089,55354,MN
200,Natural Gas,29.4731,-95.6244,55357,TX
200,Natural Gas,29.4731,-95.6244,55357,TX
275.6,Natural Gas,29.4731,-95.6244,55357,TX
275,Natural Gas,29.4731,-95.6244,55357,TX
178,Natural Gas,30.2588,-93.7353,55358,TX
178,Natural Gas,30.2588,-93.7353,55358,TX
178,Natural Gas,30.2588,-93.7353,55358,TX
178,Natural Gas,30.2588,-93.7353,55358,TX
156,Natural Gas,30.2588,-93.7353,55358,TX
156,Natural Gas,30.2588,-93.7353,55358,TX
156,Natural Gas,30.2588,-93.7353,55358,TX
156,Natural Gas,30.2588,-93.7353,55358,TX
159,Natural Gas,39.3931,-87.5108,55364,IN
159,Natural Gas,39.3931,-87.5108,55364,IN
237.3,Natural Gas,39.3931,-87.5108,55364,IN
59,Natural Gas,29.7028,-95.0718,55365,TX
59,Natural Gas,29.7028,-95.0718,55365,TX
59,Natural Gas,29.7028,-95.0718,55365,TX
59,Natural Gas,29.7028,-95.0718,55365,TX
75,Wind,31.1392,-102.2253,55367,TX
6.6,Wind,42.6856,-78.2506,55368,NY
23,Other,20.0939,-155.4711,55369,HI
23,Other,20.0939,-155.4711,55369,HI
20,Other,20.0939,-155.4711,55369,HI
10.4,Wind,39.85,-79.0778,55370,PA
240,Natural Gas,33.47596,-113.113434,55372,AZ
313,Natural Gas,33.47596,-113.113434,55372,AZ
313,Natural Gas,33.47596,-113.113434,55372,AZ
160,Natural Gas,33.47596,-113.113434,55372,AZ
160,Natural Gas,33.47596,-113.113434,55372,AZ
160,Natural Gas,33.47596,-113.113434,55372,AZ
86.5,Natural Gas,32.174314,-88.8314379,55373,MS
86.5,Natural Gas,32.174314,-88.8314379,55373,MS
86.5,Natural Gas,32.174314,-88.8314379,55373,MS
86.5,Natural Gas,32.174314,-88.8314379,55373,MS
86.5,Natural Gas,32.174314,-88.8314379,55373,MS
86.5,Natural Gas,32.174314,-88.8314379,55373,MS
86.5,Natural Gas,32.174314,-88.8314379,55373,MS
86.5,Natural Gas,32.174314,-88.8314379,55373,MS
43.8,Natural Gas,39.7475,-79.838888,55377,PA
43.8,Natural Gas,39.7475,-79.838888,55377,PA
176,Natural Gas,33.296146,-92.589364,55380,AR
176,Natural Gas,33.296146,-92.589364,55380,AR
176,Natural Gas,33.296146,-92.589364,55380,AR
176,Natural Gas,33.296146,-92.589364,55380,AR
176,Natural Gas,33.296146,-92.589364,55380,AR
176,Natural Gas,33.296146,-92.589364,55380,AR
176,Natural Gas,33.296146,-92.589364,55380,AR
176,Natural Gas,33.296146,-92.589364,55380,AR
255,Natural Gas,33.296146,-92.589364,55380,AR
255,Natural Gas,33.296146,-92.589364,55380,AR
255,Natural Gas,33.296146,-92.589364,55380,AR
255,Natural Gas,33.296146,-92.589364,55380,AR
57.5,Other,37.9892,-75.54,55381,VA
57.5,Other,37.9892,-75.54,55381,VA
57.5,Other,37.9892,-75.54,55381,VA
57.5,Other,37.9892,-75.54,55381,VA
57.5,Other,37.9892,-75.54,55381,VA
57.5,Other,37.9892,-75.54,55381,VA
57.5,Other,37.9892,-75.54,55381,VA
147,Natural Gas,34.7094,-84.9175,55382,GA
147,Natural Gas,34.7094,-84.9175,55382,GA
302,Natural Gas,34.7094,-84.9175,55382,GA
147,Natural Gas,34.7094,-84.9175,55382,GA
147,Natural Gas,34.7094,-84.9175,55382,GA
302,Natural Gas,34.7094,-84.9175,55382,GA
197,Natural Gas,33.8697,-81.0178,55386,SC
197,Natural Gas,33.8697,-81.0178,55386,SC
290,Natural Gas,33.8697,-81.0178,55386,SC
1.8,Other,32.9192,-96.9894,55390,TX
1.8,Other,32.9192,-96.9894,55390,TX
1.8,Other,32.9192,-96.9894,55390,TX
1.8,Other,32.9192,-96.9894,55390,TX
1.8,Other,32.9192,-96.9894,55390,TX
1.8,Other,32.9192,-96.9894,55390,TX
187,Natural Gas,42.9767,-89.0492,55391,WI
187,Natural Gas,42.9767,-89.0492,55391,WI
187,Natural Gas,42.9767,-89.0492,55391,WI
198.9,Natural Gas,42.4776,-87.895,55392,IL
198.9,Natural Gas,42.4776,-87.895,55392,IL
198.9,Natural Gas,42.4776,-87.895,55392,IL
76.6,Natural Gas,34.183,-90.5621,55395,MS
76.6,Natural Gas,34.183,-90.5621,55395,MS
76.6,Natural Gas,34.183,-90.5621,55395,MS
76.6,Natural Gas,34.183,-90.5621,55395,MS
16.5,Wind,33.9014,-116.7167,55396,CA
150,Natural Gas,39.58,-81.6564,55397,OH
150,Natural Gas,39.58,-81.6564,55397,OH
300,Natural Gas,39.58,-81.6564,55397,OH
30,Wind,31.6414,-104.7519,55399,TX
199,Natural Gas,35.280318,-119.470707,55400,CA
199,Natural Gas,35.280318,-119.470707,55400,CA
225,Natural Gas,35.280318,-119.470707,55400,CA
160,Natural Gas,39.0839,-82.3328,55401,OH
160,Natural Gas,39.0839,-82.3328,55401,OH
160,Natural Gas,39.0839,-82.3328,55401,OH
160,Natural Gas,39.0839,-82.3328,55401,OH
160,Natural Gas,39.0839,-82.3328,55401,OH
170,Natural Gas,43.1864,-84.8429,55402,MI
170,Natural Gas,43.1864,-84.8429,55402,MI
170,Natural Gas,43.1864,-84.8429,55402,MI
170,Natural Gas,43.1864,-84.8429,55402,MI
187,Natural Gas,30.2294,-91.065,55404,LA
187,Natural Gas,30.2294,-91.065,55404,LA
196,Natural Gas,30.2294,-91.065,55404,LA
300,Natural Gas,42.2728,-73.8492,55405,NY
300,Natural Gas,42.2728,-73.8492,55405,NY
300,Natural Gas,42.2728,-73.8492,55405,NY
141,Natural Gas,42.2728,-73.8492,55405,NY
141,Natural Gas,42.2728,-73.8492,55405,NY
141,Natural Gas,42.2728,-73.8492,55405,NY
195.5,Natural Gas,32.277252,-81.284411,55406,GA
199.4,Natural Gas,32.277252,-81.284411,55406,GA
199.4,Natural Gas,32.277252,-81.284411,55406,GA
187,Natural Gas,33.5883,-85.9731,55409,AL
187,Natural Gas,33.5883,-85.9731,55409,AL
187,Natural Gas,33.5883,-85.9731,55409,AL
187,Natural Gas,33.5883,-85.9731,55409,AL
226,Natural Gas,28.0525,-81.8083,55412,FL
226,Natural Gas,28.0525,-81.8083,55412,FL
306,Natural Gas,28.0525,-81.8083,55412,FL
182,Natural Gas,28.3665,-82.558611,55414,FL
182,Natural Gas,28.3665,-82.558611,55414,FL
182,Natural Gas,28.3665,-82.558611,55414,FL
182,Natural Gas,27.523607,-81.923951,55415,FL
182,Natural Gas,27.523607,-81.923951,55415,FL
182,Natural Gas,27.523607,-81.923951,55415,FL
182,Natural Gas,27.523607,-81.923951,55415,FL
114,Natural Gas,38.6996,-88.5392,55417,IL
114,Natural Gas,38.6996,-88.5392,55417,IL
114,Natural Gas,38.6996,-88.5392,55417,IL
114,Natural Gas,38.6996,-88.5392,55417,IL
198.9,Natural Gas,34.29759,-92.868344,55418,AR
198.9,Natural Gas,34.29759,-92.868344,55418,AR
317,Natural Gas,34.29759,-92.868344,55418,AR
198,Natural Gas,30.3217,-91.2347,55419,LA
198,Natural Gas,30.3217,-91.2347,55419,LA
198,Natural Gas,30.3217,-91.2347,55419,LA
198,Natural Gas,30.3217,-91.2347,55419,LA
195,Natural Gas,30.3217,-91.2347,55419,LA
199.4,Natural Gas,27.2272,-81.8092,55422,FL
199.4,Natural Gas,27.2272,-81.8092,55422,FL
88,Other,37.8948,-86.6854,55429,KY
110,Natural Gas,30.2825,-92.5997,55433,LA
110,Natural Gas,30.2825,-92.5997,55433,LA
110,Natural Gas,30.2825,-92.5997,55433,LA
110,Natural Gas,30.2825,-92.5997,55433,LA
135,Natural Gas,42.000061,-88.244572,55438,IL
135,Natural Gas,42.000061,-88.244572,55438,IL
135,Natural Gas,42.000061,-88.244572,55438,IL
135,Natural Gas,42.000061,-88.244572,55438,IL
183.3,Natural Gas,37.8667,-78.3813,55439,VA
183.3,Natural Gas,37.8667,-78.3813,55439,VA
183.3,Natural Gas,37.8667,-78.3813,55439,VA
396.2,Natural Gas,37.8667,-78.3813,55439,VA
183.3,Natural Gas,32.6497,-86.74,55440,AL
183.3,Natural Gas,32.6497,-86.74,55440,AL
183.3,Natural Gas,32.6497,-86.74,55440,AL
390.1,Natural Gas,32.6497,-86.74,55440,AL
40.7,Natural Gas,39.0192,-92.2629,55447,MO
40.7,Natural Gas,39.0192,-92.2629,55447,MO
40.7,Natural Gas,39.0192,-92.2629,55447,MO
40.7,Natural Gas,39.0192,-92.2629,55447,MO
178.5,Natural Gas,34.835,-89.2026,55451,MS
178.5,Natural Gas,34.835,-89.2026,55451,MS
178.5,Natural Gas,34.835,-89.2026,55451,MS
156,Natural Gas,34.835,-89.2026,55451,MS
156,Natural Gas,34.835,-89.2026,55451,MS
156,Natural Gas,34.835,-89.2026,55451,MS
38,Natural Gas,38.5569,-104.6875,55453,CO
38,Natural Gas,38.5569,-104.6875,55453,CO
38,Natural Gas,38.5569,-104.6875,55453,CO
38,Natural Gas,38.5569,-104.6875,55453,CO
38,Natural Gas,38.5569,-104.6875,55453,CO
38,Natural Gas,38.5569,-104.6875,55453,CO
182,Natural Gas,33.334562,-112.840641,55455,AZ
182,Natural Gas,33.334562,-112.840641,55455,AZ
182,Natural Gas,33.334562,-112.840641,55455,AZ
182,Natural Gas,33.334562,-112.840641,55455,AZ
204,Natural Gas,33.334562,-112.840641,55455,AZ
204,Natural Gas,33.334562,-112.840641,55455,AZ
152,Natural Gas,35.29774,-97.58985,55457,OK
152,Natural Gas,35.29774,-97.58985,55457,OK
185,Natural Gas,35.29774,-97.58985,55457,OK
178.5,Natural Gas,35.6856,-97.2264,55463,OK
178.5,Natural Gas,35.6856,-97.2264,55463,OK
178.5,Natural Gas,35.6856,-97.2264,55463,OK
178.5,Natural Gas,35.6856,-97.2264,55463,OK
156,Natural Gas,35.6856,-97.2264,55463,OK
156,Natural Gas,35.6856,-97.2264,55463,OK
156,Natural Gas,35.6856,-97.2264,55463,OK
156,Natural Gas,35.6856,-97.2264,55463,OK
180,Natural Gas,29.713414,-95.134508,55464,TX
180,Natural Gas,29.713414,-95.134508,55464,TX
180,Natural Gas,29.713414,-95.134508,55464,TX
180,Natural Gas,29.713414,-95.134508,55464,TX
276,Natural Gas,29.713414,-95.134508,55464,TX
179.3,Natural Gas,32.7061,-92.0683,55467,LA
179.3,Natural Gas,32.7061,-92.0683,55467,LA
179.3,Natural Gas,32.7061,-92.0683,55467,LA
122,Natural Gas,32.7061,-92.0683,55467,LA
122,Natural Gas,32.7061,-92.0683,55467,LA
122,Natural Gas,32.7061,-92.0683,55467,LA
110,Natural Gas,29.378097,-94.932773,55470,TX
167,Natural Gas,29.378097,-94.932773,55470,TX
167,Natural Gas,29.378097,-94.932773,55470,TX
167,Natural Gas,29.378097,-94.932773,55470,TX
40,Natural Gas,44.285,-105.3786,55477,WY
40,Natural Gas,44.1203,-103.26,55478,SD
88,Coal,44.2858,-105.3833,55479,WY
382.5,Natural Gas,32.7563,-96.4916,55480,TX
382.5,Natural Gas,32.7563,-96.4916,55480,TX
169.8,Natural Gas,32.7563,-96.4916,55480,TX
169.8,Natural Gas,32.7563,-96.4916,55480,TX
169.8,Natural Gas,32.7563,-96.4916,55480,TX
169.8,Natural Gas,32.7563,-96.4916,55480,TX
169.8,Natural Gas,32.7563,-96.4916,55480,TX
169.8,Natural Gas,32.7563,-96.4916,55480,TX
170,Natural Gas,33.345047,-112.864227,55481,AZ
170,Natural Gas,33.345047,-112.864227,55481,AZ
170,Natural Gas,33.345047,-112.864227,55481,AZ
170,Natural Gas,33.345047,-112.864227,55481,AZ
285,Natural Gas,33.345047,-112.864227,55481,AZ
285,Natural Gas,33.345047,-112.864227,55481,AZ
166,Natural Gas,45.8114,-120.833,55482,WA
89.6,Natural Gas,45.8114,-120.833,55482,WA
1,Other,35.6067,-81.3006,55488,NC
1,Other,35.6067,-81.3006,55488,NC
0.9,Other,35.6067,-81.3006,55488,NC
64,Natural Gas,39.55715,-119.517834,55494,NV
64,Natural Gas,39.55715,-119.517834,55494,NV
64,Natural Gas,39.55715,-119.517834,55494,NV
64,Natural Gas,39.55715,-119.517834,55494,NV
62,Natural Gas,39.55715,-119.517834,55494,NV
62,Natural Gas,39.55715,-119.517834,55494,NV
114,Natural Gas,40.106931,-88.599867,55496,IL
114,Natural Gas,40.106931,-88.599867,55496,IL
114,Natural Gas,40.106931,-88.599867,55496,IL
114,Natural Gas,40.106931,-88.599867,55496,IL
114,Natural Gas,40.106931,-88.599867,55496,IL
114,Natural Gas,40.106931,-88.599867,55496,IL
49.5,Natural Gas,38.398867,-121.923973,55499,CA
183.9,Natural Gas,34.6831,-95.9349,55501,OK
183.9,Natural Gas,34.6831,-95.9349,55501,OK
183.9,Natural Gas,34.6831,-95.9349,55501,OK
183.9,Natural Gas,34.6831,-95.9349,55501,OK
317.2,Natural Gas,34.6831,-95.9349,55501,OK
317.2,Natural Gas,34.6831,-95.9349,55501,OK
268,Natural Gas,39.0911,-84.8669,55502,IN
268,Natural Gas,39.0911,-84.8669,55502,IN
174,Natural Gas,39.0911,-84.8669,55502,IN
174,Natural Gas,39.0911,-84.8669,55502,IN
174,Natural Gas,39.0911,-84.8669,55502,IN
174,Natural Gas,39.0911,-84.8669,55502,IN
174.2,Natural Gas,39.5333,-81.7178,55503,OH
174.2,Natural Gas,39.5333,-81.7178,55503,OH
174.2,Natural Gas,39.5333,-81.7178,55503,OH
399,Natural Gas,39.5333,-81.7178,55503,OH
77.1,Natural Gas,39.2038,-103.7005,55504,CO
77.1,Natural Gas,39.2038,-103.7005,55504,CO
77.1,Natural Gas,39.941129,-104.682015,55505,CO
77.1,Natural Gas,39.941129,-104.682015,55505,CO
49.5,Natural Gas,36.652905,-120.580609,55508,CA
49.5,Natural Gas,32.562448,-116.943869,55510,CA
48.7,Natural Gas,32.796491,-116.972071,55512,CA
49,Natural Gas,33.121943,-117.117441,55513,CA
174,Natural Gas,36.415999,-114.960916,55514,NV
174,Natural Gas,36.415999,-114.960916,55514,NV
252.6,Natural Gas,36.415999,-114.960916,55514,NV
180,Natural Gas,39.8592,-79.9182,55516,PA
180,Natural Gas,39.8592,-79.9182,55516,PA
317,Natural Gas,39.8592,-79.9182,55516,PA
50,Natural Gas,41.448694,-72.835364,55517,CT
50,Natural Gas,41.448694,-72.835364,55517,CT
50,Natural Gas,41.448694,-72.835364,55517,CT
50,Natural Gas,41.448694,-72.835364,55517,CT
50,Natural Gas,41.448694,-72.835364,55517,CT
173,Natural Gas,34.5953,-117.3647,55518,CA
173,Natural Gas,34.5953,-117.3647,55518,CA
173,Natural Gas,34.5953,-117.3647,55518,CA
333,Natural Gas,34.5953,-117.3647,55518,CA
196.8,Natural Gas,35.6532486,-89.3934696,55519,TN
196.8,Natural Gas,35.6532486,-89.3934696,55519,TN
196.8,Natural Gas,35.6532486,-89.3934696,55519,TN
42,Wind,33.9806005,-117.3754942,55521,CA
45,Natural Gas,32.9285,-111.5899,55522,AZ
45,Natural Gas,32.9285,-111.5899,55522,AZ
45,Natural Gas,32.9285,-111.5899,55522,AZ
45,Natural Gas,32.9285,-111.5899,55522,AZ
45,Natural Gas,32.9285,-111.5899,55522,AZ
45,Natural Gas,32.9285,-111.5899,55522,AZ
45,Natural Gas,32.9285,-111.5899,55522,AZ
45,Natural Gas,32.9285,-111.5899,55522,AZ
45,Natural Gas,32.9285,-111.5899,55522,AZ
45,Natural Gas,32.9285,-111.5899,55522,AZ
1.5,Other,42.8869,-87.8422,55525,WI
1.3,Other,29.9522,-95.2422,55526,TX
1.3,Other,29.9522,-95.2422,55526,TX
1.3,Other,29.9522,-95.2422,55526,TX
1.3,Other,29.9522,-95.2422,55526,TX
1.3,Other,29.9522,-95.2422,55526,TX
1.6,Other,35.737748,-81.7278,55534,NC
1.8,Other,31.9022,-106.5806,55536,TX
1.8,Other,31.9022,-106.5806,55536,TX
1.8,Other,31.9022,-106.5806,55536,TX
1.8,Other,31.9022,-106.5806,55536,TX
4,Natural Gas,41.6903675,-87.5159568,55537,IN
11.5,Natural Gas,41.6903675,-87.5159568,55537,IN
44,Natural Gas,33.1261,-117.1172,55538,CA
44,Natural Gas,32.5912689,-117.0586751,55540,CA
49.9,Natural Gas,33.910873,-116.552994,55541,CA
49.9,Natural Gas,33.910873,-116.552994,55541,CA
49.9,Natural Gas,33.910873,-116.552994,55541,CA
49.9,Natural Gas,32.567041,-116.944197,55542,CA
49.9,Natural Gas,32.567041,-116.944197,55542,CA
29.4,Natural Gas,42.172718,-121.814393,55544,OR
29.4,Natural Gas,42.172718,-121.814393,55544,OR
29.4,Natural Gas,42.172718,-121.814393,55544,OR
29.4,Natural Gas,42.172718,-121.814393,55544,OR
207,Natural Gas,26.34172,-98.175759,55545,TX
207,Natural Gas,26.34172,-98.175759,55545,TX
233,Natural Gas,26.34172,-98.175759,55545,TX
1.1,Other,35.5404147,-79.7730901,55546,NC
1.3,Other,35.5404147,-79.7730901,55546,NC
1.3,Other,29.6744,-94.9139,55551,TX
1.3,Other,29.6744,-94.9139,55551,TX
1.3,Other,29.6744,-94.9139,55551,TX
1.3,Other,29.6744,-94.9139,55551,TX
1,Other,29.8108,-95.2539,55552,TX
1,Other,29.8108,-95.2539,55552,TX
1,Other,29.8108,-95.2539,55552,TX
1,Other,29.8108,-95.2539,55552,TX
1.3,Other,29.425,-95.1872,55554,TX
1.3,Other,29.425,-95.1872,55554,TX
1.3,Other,29.425,-95.1872,55554,TX
1.3,Other,29.425,-95.1872,55554,TX
1,Other,30.3375,-95.4108,55555,TX
1,Other,30.3375,-95.4108,55555,TX
1,Other,30.3375,-95.4108,55555,TX
1.3,Other,30.3225,-95.2681,55556,TX
1.3,Other,30.3225,-95.2681,55556,TX
1.3,Other,30.3225,-95.2681,55556,TX
31.9,Natural Gas,33.7803,-118.24,55557,CA
48,Natural Gas,44.2717,-88.3011,55558,WI
5,Natural Gas,44.2717,-88.3011,55558,WI
180.2,Wind,46.06,-118.917,55560,WA
1.9,Wind,44.42,-96.4347,55561,MN
1.9,Wind,44.4289,-96.4358,55562,MN
1.9,Wind,44.4231,-96.4458,55563,MN
1.9,Wind,44.4278,-96.43,55564,MN
1.9,Wind,44.4233,-96.4411,55565,MN
1.9,Wind,44.4131,-96.4325,55566,MN
1.9,Wind,44.2081,-96.1989,55567,MN
1.9,Wind,44.2258,-96.2789,55568,MN
1.9,Wind,44.2358,-96.2383,55569,MN
1.9,Wind,44.2364,-96.2331,55570,MN
1.9,Wind,44.2128,-96.2131,55571,MN
1.9,Wind,44.2275,-96.2192,55572,MN
1.9,Wind,44.2253,-96.235,55573,MN
1.9,Wind,44.2297,-96.225,55574,MN
1.9,Wind,47.0053,-96.4356,55576,MN
1.3,Wind,31.7044,-105.9858,55578,TX
80,Wind,35.4789,-101.2439,55579,TX
278,Wind,31.2092,-102.2417,55581,TX
1,Other,42.0590642,-70.9806194,55584,MA
1,Other,42.0590642,-70.9806194,55584,MA
1,Other,42.0590642,-70.9806194,55584,MA
1,Other,42.0590642,-70.9806194,55584,MA
1,Other,42.0590642,-70.9806194,55584,MA
1,Other,42.0590642,-70.9806194,55584,MA
1,Other,42.1829938,-71.0768742,55585,MA
1,Other,42.1829938,-71.0768742,55585,MA
1,Other,42.1829938,-71.0768742,55585,MA
1,Other,41.993695,-70.894645,55586,MA
1,Other,41.993695,-70.894645,55586,MA
1,Other,41.993695,-70.894645,55586,MA
1,Other,37.5106,-77.37,55587,VA
1,Other,37.5106,-77.37,55587,VA
1,Other,37.5106,-77.37,55587,VA
1,Other,30.3431,-97.6203,55588,TX
1,Other,30.3431,-97.6203,55588,TX
1,Other,30.3431,-97.6203,55588,TX
1,Other,41.748669,-71.106469,55589,MA
1,Other,41.748669,-71.106469,55589,MA
5.3,Other,41.748669,-71.106469,55589,MA
1,Other,42.1742,-72.5311,55590,MA
1,Other,42.1742,-72.5311,55590,MA
1,Other,42.2383373,-89.0668403,55591,IL
1,Other,42.2383373,-89.0668403,55591,IL
5,Other,41.952742,-88.143737,55592,IL
5,Other,41.952742,-88.143737,55592,IL
5,Other,41.952742,-88.143737,55592,IL
10,Natural Gas,41.952742,-88.143737,55592,IL
1,Other,41.3829253,-90.5133412,55593,IL
1,Other,41.3829253,-90.5133412,55593,IL
0.8,Other,42.0797,-88.1386,55594,IL
0.8,Other,42.0797,-88.1386,55594,IL
1,Other,42.5169143,-83.6161697,55595,MI
1,Other,42.5169143,-83.6161697,55595,MI
1,Other,42.5169143,-83.6161697,55595,MI
1,Other,42.5169143,-83.6161697,55595,MI
1,Other,42.5169143,-83.6161697,55595,MI
5,Other,42.395335,-83.557999,55596,MI
5,Other,42.395335,-83.557999,55596,MI
5,Other,42.395335,-83.557999,55596,MI
10,Other,42.395335,-83.557999,55596,MI
1,Other,42.356343,-85.005779,55597,MI
1,Other,42.356343,-85.005779,55597,MI
1,Other,42.356343,-85.005779,55597,MI
5,Other,44.786977,-93.055586,55598,MN
5,Other,44.786977,-93.055586,55598,MN
6.6,Other,44.786977,-93.055586,55598,MN
5.3,Other,35.353269,-80.668024,55599,NC
47.7,Natural Gas,42.107192,-75.927782,55600,NY
3,Other,33.4925,-117.6406,55601,CA
3,Other,33.4925,-117.6406,55601,CA
0.9,Other,32.8817,-117.1958,55602,CA
0.9,Other,32.8817,-117.1958,55602,CA
0.9,Other,32.8817,-117.1958,55602,CA
0.9,Other,32.8817,-117.1958,55602,CA
3,Other,34.4383,-119.9397,55603,CA
0.9,Other,40.7731665,-74.1195915,55604,NJ
0.9,Other,40.7731665,-74.1195915,55604,NJ
0.9,Other,40.7731665,-74.1195915,55604,NJ
1.9,Other,41.3764,-81.4694,55605,OH
1.9,Other,41.3764,-81.4694,55605,OH
41.4,Wind,41.6689,-106.0114,55607,WY
1.8,Wind,41.6689,-106.0114,55608,WY
24.8,Wind,41.6689,-106.0114,55609,WY
16.8,Wind,41.6689,-106.0114,55610,WY
32,Natural Gas,40.3136,-80.6058,55611,OH
10.3,Other,40.246827,-74.117423,55618,NJ
0.7,Natural Gas,41.4919,-73.5778,55619,NY
0.7,Other,41.4919,-73.5778,55619,NY
0.7,Natural Gas,41.4919,-73.5778,55619,NY
172.9,Natural Gas,32.6908,-92.0183,55620,LA
210.5,Natural Gas,32.6908,-92.0183,55620,LA
210.5,Natural Gas,32.6908,-92.0183,55620,LA
237,Natural Gas,32.6908,-92.0183,55620,LA
4.6,Natural Gas,37.4083485,-102.6143616,55621,CO
43.4,Natural Gas,40.6667,-112.0317,55622,UT
43.4,Natural Gas,40.6667,-112.0317,55622,UT
43.4,Natural Gas,40.6667,-112.0317,55622,UT
43.4,Natural Gas,40.6667,-112.0317,55622,UT
43.4,Natural Gas,40.6667,-112.0317,55622,UT
47,Natural Gas,38.242158,-121.854722,55625,CA
47,Natural Gas,38.221577,-121.868333,55626,CA
47,Natural Gas,38.226752,-121.843271,55627,CA
1.8,Other,31.8978,-106.5781,55637,TX
2,Coal,48.908944,-97.886521,55638,ND
45,Natural Gas,41.4425,-87.7514,55640,IL
45,Natural Gas,41.4425,-87.7514,55640,IL
45,Natural Gas,41.4425,-87.7514,55640,IL
45,Natural Gas,41.4425,-87.7514,55640,IL
45,Natural Gas,41.4425,-87.7514,55640,IL
45,Natural Gas,41.4425,-87.7514,55640,IL
45,Natural Gas,41.4425,-87.7514,55640,IL
45,Natural Gas,41.4425,-87.7514,55640,IL
45,Natural Gas,41.4425,-87.7514,55640,IL
45,Natural Gas,41.4425,-87.7514,55640,IL
45,Natural Gas,41.4425,-87.7514,55640,IL
45,Natural Gas,41.4425,-87.7514,55640,IL
198,Natural Gas,42.582687,-89.035545,55641,WI
198,Natural Gas,42.582687,-89.035545,55641,WI
299.7,Natural Gas,42.582687,-89.035545,55641,WI
234,Natural Gas,39.747875,-104.681404,55645,CO
234,Natural Gas,39.747875,-104.681404,55645,CO
0.9,Other,36.182736,-86.853209,55647,TN
0.9,Other,36.182736,-86.853209,55647,TN
7.1,Natural Gas,39.857499,-105.225967,55650,CO
7.1,Natural Gas,39.857499,-105.225967,55650,CO
7.1,Natural Gas,39.857499,-105.225967,55650,CO
7.1,Natural Gas,39.857499,-105.225967,55650,CO
7.1,Natural Gas,39.857499,-105.225967,55650,CO
7.1,Natural Gas,39.857499,-105.225967,55650,CO
7.1,Natural Gas,39.857499,-105.225967,55650,CO
7.1,Natural Gas,39.857499,-105.225967,55650,CO
7.1,Natural Gas,39.857499,-105.225967,55650,CO
7.1,Natural Gas,39.857499,-105.225967,55650,CO
7.1,Natural Gas,39.857499,-105.225967,55650,CO
7.1,Natural Gas,39.857499,-105.225967,55650,CO
7.1,Natural Gas,39.857499,-105.225967,55650,CO
7.1,Natural Gas,39.857499,-105.225967,55650,CO
7.1,Natural Gas,39.857499,-105.225967,55650,CO
7.1,Natural Gas,39.857499,-105.225967,55650,CO
7.1,Natural Gas,39.857499,-105.225967,55650,CO
7.1,Natural Gas,39.857499,-105.225967,55650,CO
7.1,Natural Gas,39.857499,-105.225967,55650,CO
7.1,Natural Gas,39.857499,-105.225967,55650,CO
84.5,Natural Gas,35.7422,-97.655,55651,OK
84.5,Natural Gas,35.7422,-97.655,55651,OK
84.5,Natural Gas,35.7422,-97.655,55651,OK
84.5,Natural Gas,35.7422,-97.655,55651,OK
43.8,Natural Gas,39.866944,-77.685833,55654,PA
43.8,Natural Gas,39.866944,-77.685833,55654,PA
45,Natural Gas,35.0833,-98.2264,55655,OK
45,Natural Gas,35.0833,-98.2264,55655,OK
185.6,Natural Gas,43.1047,-70.8061,55661,NH
185.6,Natural Gas,43.1047,-70.8061,55661,NH
234.3,Natural Gas,43.1047,-70.8061,55661,NH
230,Natural Gas,46.6225,-122.9131,55662,WA
234,Natural Gas,46.6225,-122.9131,55662,WA
234,Natural Gas,46.6225,-122.9131,55662,WA
170,Natural Gas,32.3958,-94.4367,55664,TX
170,Natural Gas,32.3958,-94.4367,55664,TX
230,Natural Gas,32.3958,-94.4367,55664,TX
213,Natural Gas,40.801924,-75.107563,55667,PA
213,Natural Gas,40.801924,-75.107563,55667,PA
232,Natural Gas,40.801924,-75.107563,55667,PA
86.5,Natural Gas,33.1189,-82.8608,55672,GA
86.5,Natural Gas,33.1189,-82.8608,55672,GA
86.5,Natural Gas,33.1189,-82.8608,55672,GA
86.5,Natural Gas,33.1189,-82.8608,55672,GA
86.5,Natural Gas,33.1189,-82.8608,55672,GA
86.5,Natural Gas,33.1189,-82.8608,55672,GA
86.5,Natural Gas,33.1189,-82.8608,55672,GA
86.5,Natural Gas,33.1189,-82.8608,55672,GA
1,Hydroelectric,45.8683,-90.5844,55684,WI
0.5,Hydroelectric,45.8683,-90.5844,55684,WI
0.4,Hydroelectric,45.913526,-90.44746,55685,WI
0.4,Hydroelectric,45.913526,-90.44746,55685,WI
0.4,Hydroelectric,45.913526,-90.44746,55685,WI
178,Natural Gas,35.6139,-115.3561,55687,NV
178,Natural Gas,35.6139,-115.3561,55687,NV
332.4,Natural Gas,35.6139,-115.3561,55687,NV
140,Natural Gas,40.6175,-75.3147,55690,PA
140,Natural Gas,40.6175,-75.3147,55690,PA
140,Natural Gas,40.6175,-75.3147,55690,PA
140,Natural Gas,40.6175,-75.3147,55690,PA
140,Natural Gas,40.6175,-75.3147,55690,PA
140,Natural Gas,40.6175,-75.3147,55690,PA
230,Natural Gas,40.6175,-75.3147,55690,PA
230,Natural Gas,40.6175,-75.3147,55690,PA
46.1,Natural Gas,36.270072,-119.648055,55698,CA
46.1,Natural Gas,36.270072,-119.648055,55698,CA
58,Natural Gas,40.610654,-73.762218,55699,NY
85,Natural Gas,35.0865543,-90.079549,55703,TN
22,Natural Gas,47.0863587,-122.3656545,55704,WA
22,Natural Gas,47.0863587,-122.3656545,55704,WA
22,Natural Gas,47.0863587,-122.3656545,55704,WA
22,Natural Gas,47.0863587,-122.3656545,55704,WA
22,Natural Gas,47.0863587,-122.3656545,55704,WA
22,Natural Gas,47.0863587,-122.3656545,55704,WA
22,Natural Gas,47.0863587,-122.3656545,55704,WA
179,Natural Gas,33.2881,-89.4201,55706,MS
179,Natural Gas,33.2881,-89.4201,55706,MS
179,Natural Gas,33.2881,-89.4201,55706,MS
362,Natural Gas,33.2881,-89.4201,55706,MS
184,Natural Gas,40.545278,-79.768611,55710,PA
184,Natural Gas,40.545278,-79.768611,55710,PA
188,Natural Gas,40.545278,-79.768611,55710,PA
89.4,Natural Gas,42.7725,-82.4953,55718,MI
89.4,Natural Gas,42.7725,-82.4953,55718,MI
89.4,Natural Gas,42.7725,-82.4953,55718,MI
89.4,Natural Gas,42.7725,-82.4953,55718,MI
44.4,Wind,33.9211,-116.5642,55719,CA
22.2,Wind,33.9069819,-116.5516776,55720,CA
112,Wind,37.8833,-100.64,55734,KS
172,Natural Gas,38.5731,-82.7833,55736,OH
172,Natural Gas,38.5731,-82.7833,55736,OH
300,Natural Gas,38.5731,-82.7833,55736,OH
172,Natural Gas,38.5731,-82.7833,55736,OH
172,Natural Gas,38.5731,-82.7833,55736,OH
300,Natural Gas,38.5731,-82.7833,55736,OH
44,Natural Gas,37.175278,-81.961388,55738,VA
44,Natural Gas,37.175278,-81.961388,55738,VA
24.6,Wind,45.2369,-120.2036,55739,OR
25.2,Wind,45.2369,-120.2036,55739,OR
50,Wind,41.9508,-105.6756,55740,WY
29.7,Wind,40.9619,-103.1153,55741,CO
30,Wind,43.1017,-89.5056,55742,WI
82.5,Wind,30.8125,-102.8125,55747,TX
45,Natural Gas,37.425,-121.9319,55748,CA
45,Natural Gas,37.425,-121.9319,55748,CA
45,Natural Gas,37.425,-121.9319,55748,CA
45,Natural Gas,37.425,-121.9319,55748,CA
0.8,Other,38.3017,-122.7489,55752,CA
0.8,Other,38.3017,-122.7489,55752,CA
0.8,Other,38.3017,-122.7489,55752,CA
0.8,Other,38.3017,-122.7489,55752,CA
0.8,Other,38.3017,-122.7489,55753,CA
0.8,Other,38.3017,-122.7489,55753,CA
0.8,Other,38.3017,-122.7489,55753,CA
0.8,Other,38.3017,-122.7489,55753,CA
0.8,Other,43.2094,-78.9836,55757,NY
0.8,Other,43.2094,-78.9836,55757,NY
0.8,Other,43.2094,-78.9836,55757,NY
0.8,Other,43.2094,-78.9836,55757,NY
0.8,Other,43.2094,-78.9836,55757,NY
0.8,Other,43.2094,-78.9836,55757,NY
0.8,Other,43.2094,-78.9836,55757,NY
0.8,Other,39.8239719,-89.0508364,55758,IL
0.8,Other,39.8239719,-89.0508364,55758,IL
1.1,Other,38.8311,-90.0119,55759,IL
1.1,Other,38.8311,-90.0119,55759,IL
1.1,Other,38.8311,-90.0119,55759,IL
1.1,Other,38.8311,-90.0119,55759,IL
1.1,Other,41.0919,-88.8519,55760,IL
1.1,Other,41.6443548,-87.5985245,55761,IL
1.1,Other,41.6443548,-87.5985245,55761,IL
1.1,Other,41.6443548,-87.5985245,55761,IL
1.1,Other,41.6443548,-87.5985245,55761,IL
1.1,Other,41.6443548,-87.5985245,55761,IL
1.1,Other,40.1003,-87.6111,55762,IL
1.1,Other,40.1003,-87.6111,55762,IL
1.1,Other,40.1003,-87.6111,55762,IL
1.1,Other,41.7383,-89.3828,55763,IL
1.1,Other,41.7383,-89.3828,55763,IL
1.1,Other,41.7383,-89.3828,55763,IL
1.1,Other,41.7383,-89.3828,55763,IL
1.1,Other,41.5367,-90.3761,55764,IL
1.1,Other,41.5367,-90.3761,55764,IL
1.1,Other,41.5367,-90.3761,55764,IL
3.3,Other,40.8592,-75.2627,55765,PA
3.3,Other,40.8592,-75.2627,55765,PA
3.3,Other,40.8592,-75.2627,55765,PA
3,Other,38.5136,-121.1944,55766,CA
3,Other,38.5136,-121.1944,55766,CA
3,Other,38.5136,-121.1944,55766,CA
1.1,Other,41.685,-88.05,55767,IL
1.1,Other,41.6739594,-87.5738548,55768,IL
1.1,Other,41.6739594,-87.5738548,55768,IL
1.1,Other,41.6739594,-87.5738548,55768,IL
11.5,Wind,42.894722,-75.451666,55769,NY
0.8,Other,43.0453,-89.2539,55770,WI
0.8,Other,43.0453,-89.2539,55770,WI
0.8,Other,43.0453,-89.2539,55770,WI
0.9,Other,47.1493195,-122.2929396,55772,WA
0.9,Other,47.1493195,-122.2929396,55772,WA
0.9,Other,47.1493195,-122.2929396,55772,WA
1.4,Other,42.321111,-88.031944,55773,IL
1.4,Other,42.321111,-88.031944,55773,IL
1.4,Other,42.321111,-88.031944,55773,IL
1.4,Other,42.321111,-88.031944,55773,IL
1.4,Other,42.321111,-88.031944,55773,IL
1.4,Other,42.321111,-88.031944,55773,IL
1.4,Other,41.381638,-88.400384,55774,IL
1.4,Other,41.381638,-88.400384,55774,IL
1.4,Other,41.381638,-88.400384,55774,IL
0.5,Other,42.4192,-72.1106,55776,MA
0.5,Other,42.4192,-72.1106,55776,MA
1.3,Other,40.7783,-72.9156,55778,NY
1.3,Other,40.7783,-72.9156,55778,NY
1.3,Other,40.7783,-72.9156,55778,NY
1.3,Other,40.7783,-72.9156,55778,NY
0.7,Other,43.02,-71.4944,55779,NH
0.7,Other,43.02,-71.4944,55779,NH
1.5,Wind,43.7547,-95.8556,55782,MN
50,Natural Gas,40.7861,-73.2931,55786,NY
50,Natural Gas,40.7861,-73.2931,55786,NY
50,Other,40.957053,-72.865877,55787,NY
50,Other,40.957053,-72.865877,55787,NY
1.1,Natural Gas,42.9167,-78.7333,55788,NY
1.1,Natural Gas,42.9167,-78.7333,55788,NY
30,Wind,42.9389,-75.8394,55790,NY
78,Wind,31.2928,-102.1956,55795,TX
82,Wind,31.2928,-102.1956,55796,TX
10.6,Natural Gas,42.4628,-85.6961,55799,MI
10.6,Natural Gas,42.4628,-85.6961,55799,MI
188.2,Natural Gas,39.807038,-75.421606,55801,PA
188.2,Natural Gas,39.807038,-75.421606,55801,PA
188.2,Natural Gas,39.807038,-75.421606,55801,PA
271.5,Natural Gas,39.807038,-75.421606,55801,PA
9,Wind,40.0228,-79.1086,55803,PA
80,Wind,43.3833,-93.4167,55804,IA
15,Wind,39.9764,-79.4294,55805,PA
49,Natural Gas,36.2397,-119.9044,55807,CA
49,Natural Gas,36.2397,-119.9044,55807,CA
1.5,Wind,44.0119,-96.1125,55809,MN
45,Natural Gas,36.999,-121.5363,55810,CA
45,Natural Gas,36.999,-121.5363,55810,CA
45,Natural Gas,36.999,-121.5363,55810,CA
47.3,Natural Gas,36.224758,-121.124633,55811,CA
47.3,Natural Gas,39.1392,-121.6387,55813,CA
42,Wind,43.055,-93.672222,55816,IA
1,Other,43.4583,-88.5539,55817,WI
1,Other,43.4583,-88.5539,55817,WI
192,Natural Gas,47.086172,-122.365674,55818,WA
126.3,Natural Gas,47.086172,-122.365674,55818,WA
1.3,Other,33.9583,-117.125,55820,CA
203.2,Natural Gas,28.488246,-81.166944,55821,FL
203.2,Natural Gas,28.488246,-81.166944,55821,FL
281.9,Natural Gas,28.488246,-81.166944,55821,FL
2,Other,44.9544,-93.1056,55824,MN
15.6,Other,45.657608,-68.709526,55829,ME
15.6,Other,45.657608,-68.709526,55829,ME
31.5,Other,45.657608,-68.709526,55829,ME
48,Other,45.657608,-68.709526,55829,ME
15.6,Other,45.6219,-68.5756,55830,ME
15.6,Other,45.6219,-68.5756,55830,ME
30.2,Other,45.6219,-68.5756,55830,ME
130.1,Natural Gas,28.0535,-81.8059,55833,FL
185,Natural Gas,40.0908,-104.5953,55835,CO
185,Natural Gas,40.0908,-104.5953,55835,CO
322,Natural Gas,40.0908,-104.5953,55835,CO
60.5,Natural Gas,44.2761,-88.2658,55836,WI
197,Natural Gas,36.4078,-114.9606,55841,NV
197,Natural Gas,36.4078,-114.9606,55841,NV
270,Natural Gas,36.4078,-114.9606,55841,NV
47,Natural Gas,39.109344,-121.60931,55847,CA
51,Natural Gas,38.0736,-122.1411,55851,CA
47,Natural Gas,38.228522,-122.07525,55855,CA
4.7,Natural Gas,29.811956,-90.00843,55857,LA
4.7,Natural Gas,29.811956,-90.00843,55857,LA
4.7,Natural Gas,29.811956,-90.00843,55857,LA
4.7,Natural Gas,29.811956,-90.00843,55857,LA
4.7,Natural Gas,29.811956,-90.00843,55857,LA
46.2,Natural Gas,40.8079175,-112.7332517,55858,UT
46.2,Natural Gas,40.8079175,-112.7332517,55858,UT
0.1,Hydroelectric,41.798656,-71.886759,55860,CT
0.8,Hydroelectric,41.798656,-71.886759,55860,CT
1.3,Hydroelectric,41.798656,-71.886759,55860,CT
7.6,Natural Gas,44.3528,-89.5836,55861,WI
0.9,Hydroelectric,20.86953,-156.4541654,55863,HI
1.5,Hydroelectric,20.8886,-156.3569,55864,HI
1.5,Hydroelectric,20.8886,-156.3569,55864,HI
1.5,Hydroelectric,20.8886,-156.3569,55864,HI
24.5,Wind,45.5781,-120.5517,55871,OR
49.9,Natural Gas,36.6535,-120.5783,55874,CA
46.5,Natural Gas,36.152715,-120.148245,55875,CA
0.8,Other,38.3017,-122.7489,55880,CA
0.8,Other,38.3017,-122.7489,55880,CA
18,Other,46.9728,-123.7739,55882,WA
2.9,Natural Gas,27.9253,-82.4414,55893,FL
2.9,Natural Gas,27.9253,-82.4414,55893,FL
0.8,Other,44.1119,-87.9494,55925,WI
0.8,Other,44.1119,-87.9494,55925,WI
0.8,Other,44.1119,-87.9494,55925,WI
0.8,Other,44.1119,-87.9494,55925,WI
150,Natural Gas,32.3594,-81.1242,55927,SC
150,Natural Gas,32.3594,-81.1242,55927,SC
170,Natural Gas,32.3594,-81.1242,55927,SC
405,Natural Gas,32.3594,-81.1242,55927,SC
2,Other,35.705,-85.7439,55928,TN
2,Other,35.705,-85.7439,55928,TN
2,Other,35.705,-85.7439,55928,TN
2,Other,35.705,-85.7439,55928,TN
2,Other,35.705,-85.7439,55928,TN
2,Other,35.705,-85.7439,55928,TN
2,Other,35.705,-85.7439,55928,TN
2,Other,35.705,-85.7439,55928,TN
2,Other,35.705,-85.7439,55928,TN
2,Other,35.705,-85.7439,55928,TN
2,Other,35.2464534,-89.0115846,55929,TN
2,Other,35.2464534,-89.0115846,55929,TN
2,Other,35.2464534,-89.0115846,55929,TN
2,Other,35.2464534,-89.0115846,55929,TN
2,Other,35.2464534,-89.0115846,55929,TN
2,Other,35.2464534,-89.0115846,55929,TN
2,Other,35.2464534,-89.0115846,55929,TN
2,Other,35.2464534,-89.0115846,55929,TN
2,Other,35.2464534,-89.0115846,55929,TN
2,Other,35.2464534,-89.0115846,55929,TN
3.3,Hydroelectric,39.991311,-105.50003,55931,CO
84.4,Natural Gas,37.7107,-121.4906,55933,CA
84.4,Natural Gas,37.7107,-121.4906,55933,CA
11.2,Natural Gas,34.0606,-117.3533,55934,CA
11.2,Natural Gas,34.0606,-117.3533,55934,CA
11.2,Natural Gas,34.0606,-117.3533,55934,CA
11.2,Natural Gas,34.0606,-117.3533,55934,CA
11.2,Natural Gas,34.0609,-117.3532,55935,CA
11.2,Natural Gas,34.0609,-117.3532,55935,CA
11.2,Natural Gas,34.0609,-117.3532,55935,CA
11.2,Natural Gas,34.0609,-117.3532,55935,CA
168,Natural Gas,42.2383,-89.1011,55936,IL
191.5,Natural Gas,40.0633,-74.1672,55938,NJ
191.5,Natural Gas,40.0633,-74.1672,55938,NJ
1.8,Wind,45.7644,-84.7381,55944,MI
23.3,Natural Gas,35.479146,-119.737464,55950,CA
23.3,Natural Gas,35.479146,-119.737464,55950,CA
60.5,Natural Gas,34.0414,-117.3603,55951,CA
60.5,Natural Gas,36.232,-115.12375,55952,NV
60.5,Natural Gas,36.232,-115.12375,55952,NV
60.5,Natural Gas,36.232,-115.12375,55952,NV
60.5,Natural Gas,36.232,-115.12375,55952,NV
27.8,Natural Gas,36.232,-115.12375,55952,NV
27.8,Natural Gas,36.232,-115.12375,55952,NV
1.6,Other,36.6786,-76.9392,55953,VA
1.6,Other,36.6786,-76.9392,55953,VA
1.6,Other,36.6786,-76.9392,55954,VA
1.6,Other,36.6786,-76.9392,55954,VA
1,Other,33.3319,-82.4522,55961,GA
1,Other,33.3319,-82.4522,55961,GA
47,Natural Gas,38.014423,-121.790679,55963,CA
1,Other,38.8403,-76.7764,55964,MD
1,Other,38.8403,-76.7764,55964,MD
1,Other,38.8403,-76.7764,55964,MD
1,Other,38.8403,-76.7764,55964,MD
203.1,Natural Gas,33.406385,-85.036988,55965,GA
203.1,Natural Gas,33.406385,-85.036988,55965,GA
203.1,Natural Gas,33.406385,-85.036988,55965,GA
203.1,Natural Gas,33.406385,-85.036988,55965,GA
213.3,Natural Gas,33.406385,-85.036988,55965,GA
213.3,Natural Gas,33.406385,-85.036988,55965,GA
37.9,Natural Gas,60.676539,-151.377713,55966,AK
1,Hydroelectric,44.9167,-68.6333,55967,ME
0.6,Hydroelectric,44.9167,-68.6333,55967,ME
0.5,Hydroelectric,44.9167,-68.6333,55967,ME
1,Hydroelectric,44.9167,-68.6333,55967,ME
1,Hydroelectric,44.9167,-68.6333,55967,ME
0.6,Hydroelectric,44.9167,-68.6333,55967,ME
0.6,Hydroelectric,44.9167,-68.6333,55967,ME
0.7,Hydroelectric,44.9167,-68.6333,55967,ME
0.6,Hydroelectric,44.9167,-68.6333,55967,ME
0.6,Hydroelectric,44.9167,-68.6333,55967,ME
0.5,Hydroelectric,44.9167,-68.6333,55967,ME
150,Wind,32.4301,-100.235652,55968,TX
54,Other,41.10603,-72.376155,55969,NY
206.6,Natural Gas,40.947913,-95.964026,55972,NE
206.6,Natural Gas,40.947913,-95.964026,55972,NE
24.5,Natural Gas,35.2315646,-119.6236782,55974,CA
585,Coal,40.4142379,-79.0200291,55975,PA
179,Natural Gas,39.8725,-77.1672,55976,PA
179,Natural Gas,39.8725,-77.1672,55976,PA
179,Natural Gas,39.8725,-77.1672,55976,PA
361,Natural Gas,39.8725,-77.1672,55976,PA
2,Wind,43.899722,-95.950556,55980,MN
2,Wind,43.505,-95.047222,55981,MN
23.1,Other,64.7935504,-147.9629178,55982,AK
49.9,Other,33.1533,-115.6384,55983,CA
11.5,Other,33.1669,-115.5114,55984,CA
66,Wind,39.1828,-79.5372,55986,WV
2,Other,36.2039,-97.0739,55987,OK
0.6,Other,39.164129,-119.180068,55988,NV
0.8,Other,39.164129,-119.180068,55988,NV
0.8,Other,39.164129,-119.180068,55988,NV
83.2,Wind,45.587778,-118.735277,55989,OR
4.9,Natural Gas,41.890026,-80.7612,55990,OH
4.9,Natural Gas,41.890026,-80.7612,55990,OH
4.9,Natural Gas,41.890026,-80.7612,55990,OH
4.9,Natural Gas,41.890026,-80.7612,55990,OH
4.9,Natural Gas,41.890026,-80.7612,55990,OH
0.8,Natural Gas,41.890026,-80.7612,55990,OH
0.8,Natural Gas,41.890026,-80.7612,55990,OH
6.5,Other,39.796032,-119.010013,55991,NV
9.2,Other,39.796032,-119.010013,55991,NV
9.2,Other,39.796032,-119.010013,55991,NV
8,Other,39.796032,-119.010013,55991,NV
160.5,Wind,30.9178,-102.0867,55992,TX
2.6,Wind,48.2117,-101.2769,55995,ND
1.8,Other,41.97007,-91.66623,55996,IA
1.6,Other,41.97007,-91.66623,55996,IA
1.6,Other,41.97007,-91.66623,55996,IA
1.1,Other,41.97007,-91.66623,55996,IA
5.8,Natural Gas,39.9109,-77.6667,55997,PA
5.8,Natural Gas,39.9109,-77.6667,55997,PA
5.8,Natural Gas,39.9109,-77.6667,55997,PA
5.8,Natural Gas,39.9109,-77.6667,55997,PA
6.7,Other,46.002834,-92.371377,55998,WI
0.5,Other,46.002834,-92.371377,55998,WI
0.6,Other,46.002834,-92.371377,55998,WI
2.9,Natural Gas,42.415,-71.0039,55999,MA
2.9,Natural Gas,42.415,-71.0039,55999,MA
64.5,Wind,41.5533,-75.4542,56001,PA
3.8,Wind,43.5564,-96.303611,56002,MN
2,Other,38.4681,-78.865,56004,VA
2,Other,38.4681,-78.865,56004,VA
2,Other,38.4681,-78.865,56004,VA
14,Other,38.4681,-78.865,56004,VA
2,Other,38.4006,-78.8983,56005,VA
16.5,Other,38.4006,-78.8983,56005,VA
2.5,Natural Gas,38.4319,-78.8642,56006,VA
98,Wind,43.0533,-93.6305,56010,IA
41,Wind,33.9172,-116.735,56011,CA
61.5,Wind,33.9333,-116.6022,56012,CA
60.5,Natural Gas,41.514365,-94.919729,56013,IA
60.5,Natural Gas,41.514365,-94.919729,56013,IA
40,Other,30.910985,-84.547304,56015,GA
40,Other,30.910985,-84.547304,56015,GA
11.4,Natural Gas,46.3069,-119.1139,56017,WA
11.4,Natural Gas,46.3069,-119.1139,56017,WA
11.4,Natural Gas,46.3069,-119.1139,56017,WA
11.4,Natural Gas,46.3069,-119.1139,56017,WA
49.3,Natural Gas,33.1661,-86.2825,56018,AL
49.3,Natural Gas,33.1661,-86.2825,56018,AL
1.6,Other,37.227778,-96.989722,56022,KS
38,Other,43.4851875,-83.9151441,56023,MI
7.5,Other,44.4266006,-71.192814,56024,NH
5,Other,44.4266006,-71.192814,56024,NH
2.5,Other,44.4266006,-71.192814,56024,NH
25,Other,44.4266006,-71.192814,56024,NH
2,Other,42.1817,-92.4663,56025,IA
2,Other,42.1817,-92.4663,56025,IA
60,Natural Gas,40.6439,-73.5683,56032,NY
1.4,Other,35.7269,-77.9228,56035,NC
1.4,Other,35.7269,-77.9228,56035,NC
2.2,Other,37.8258,-122.2961,56036,CA
2.2,Other,37.8258,-122.2961,56036,CA
2.2,Other,37.8258,-122.2961,56036,CA
6.5,Other,44.189036,-88.468492,56037,WI
11,Natural Gas,38.985844,-76.935478,56038,MD
11,Natural Gas,38.985844,-76.935478,56038,MD
5.4,Natural Gas,38.985844,-76.935478,56038,MD
5.9,Natural Gas,33.9986,-118.2219,56039,CA
5.9,Natural Gas,33.9986,-118.2219,56039,CA
5.6,Natural Gas,39.4,-76.7667,56040,MD
5.6,Natural Gas,39.4,-76.7667,56040,MD
1.5,Natural Gas,39.205704,-76.540732,56045,MD
1.5,Natural Gas,39.205704,-76.540732,56045,MD
1.5,Natural Gas,39.205704,-76.540732,56045,MD
1.5,Natural Gas,39.205704,-76.540732,56045,MD
1.5,Natural Gas,39.205704,-76.540732,56045,MD
1.5,Natural Gas,39.205704,-76.540732,56045,MD
1.5,Natural Gas,39.205704,-76.540732,56045,MD
2.1,Natural Gas,39.2833,-76.5,56050,MD
57.4,Natural Gas,33.7684,-118.2141,56051,CA
33,Wind,39.7847,-79.0169,56052,PA
1.8,Other,39.310555,-87.992592,56053,IL
1.8,Other,39.310555,-87.992592,56053,IL
1.8,Other,39.310555,-87.992592,56053,IL
32,Wind,43.9858,-92.8603,56054,MN
8,Wind,43.9858,-92.8603,56054,MN
3,Wind,43.9858,-92.8603,56054,MN
1,Other,20.765833,-155.996111,56055,HI
1,Other,20.765833,-155.996111,56055,HI
1.8,Other,35.947971,-79.935432,56058,NC
1.8,Other,35.9269,-79.9858,56059,NC
1.8,Other,35.2242,-81.1228,56060,NC
1.8,Other,35.223381,-81.13306,56061,NC
1.8,Other,35.798462,-80.942709,56062,NC
1.8,Other,35.3036,-81.5225,56063,NC
1.8,Other,35.7208,-81.66243,56064,NC
1.8,Other,35.5753,-81.2278,56065,NC
1.8,Other,35.8075,-80.2653,56066,NC
1.8,Other,35.8308,-80.2486,56067,NC
0.8,Other,43.9603,-88.9158,56069,WI
0.8,Other,43.9603,-88.9158,56069,WI
0.8,Other,43.9603,-88.9158,56069,WI
54,Other,43.0933,-89.3822,56070,WI
1.1,Other,42.0453,-91.6969,56072,IA
1,Natural Gas,42.02771,-91.7111,56073,IA
1.1,Other,41.9244,-91.63852,56074,IA
145.8,Wind,38.1381,-121.8053,56075,CA
16.2,Wind,38.1381,-121.8053,56075,CA
3.8,Natural Gas,33.582793,-86.779866,56076,AL
18,Other,34.5136,-91.5331,56079,AR
0.8,Other,37.4139,-121.9433,56080,CA
0.8,Other,37.4139,-121.9433,56080,CA
0.8,Other,37.4139,-121.9433,56080,CA
1.8,Other,37.4139,-121.9433,56080,CA
1.8,Other,37.4139,-121.9433,56080,CA
2.8,Natural Gas,37.4139,-121.9433,56080,CA
2.8,Natural Gas,37.4139,-121.9433,56080,CA
2.8,Natural Gas,37.4139,-121.9433,56080,CA
74.3,Wind,35.0914,-98.5547,56081,OK
4,Natural Gas,33.9328,-117.855,56090,CA
3.7,Natural Gas,33.9328,-117.855,56090,CA
40.5,Wind,44.5492,-99.5,56092,SD
144,Wind,41.2874,-110.5556,56093,WY
51,Wind,35.5851,-99.3007,56094,OK
51,Wind,35.5851,-99.3007,56094,OK
204,Wind,34.7383,-103.9786,56097,NM
2,Other,47.396944,-97.060555,56098,ND
2,Other,47.396944,-97.060555,56098,ND
21,Wind,46.2592,-98.7408,56099,ND
40.5,Wind,46.2592,-98.7408,56099,ND
2.2,Other,43.9742,-92.0597,56100,MN
2.2,Other,43.9742,-92.0597,56100,MN
2.2,Other,43.9742,-92.0597,56100,MN
2.2,Other,43.9742,-92.0597,56100,MN
10.5,Wind,41.2736,-103.6983,56106,NE
160,Wind,32.72,-101.285,56111,TX
22.4,Wind,33.9103,-116.5453,56112,CA
1.8,Other,38.7417,-89.6847,56114,IL
1.8,Other,38.7417,-89.6847,56114,IL
1.8,Other,38.3344,-90.1588,56115,IL
1.8,Other,38.3344,-90.1588,56115,IL
1.8,Other,38.3344,-90.1588,56115,IL
1.8,Other,38.6658,-88.4625,56116,IL
1.8,Other,38.6658,-88.4625,56116,IL
1.8,Other,38.6658,-88.4625,56116,IL
1.8,Other,38.6658,-88.4625,56116,IL
1.8,Other,38.6658,-88.4625,56116,IL
1.8,Other,38.6714,-88.4894,56117,IL
1.8,Other,38.6714,-88.4894,56117,IL
1.8,Other,38.6714,-88.4894,56117,IL
1.8,Other,38.6714,-88.4894,56118,IL
1.8,Other,38.6714,-88.4894,56118,IL
6,Other,40.4903,-74.3156,56119,NJ
6,Other,40.4903,-74.3156,56119,NJ
10.5,Other,40.4903,-74.3156,56119,NJ
11.5,Wind,43.6383,-96.391944,56123,MN
51,Natural Gas,45.2879,-122.9627,56124,OR
51,Natural Gas,45.2879,-122.9627,56124,OR
1,Hydroelectric,34.2253,-119.0858,56125,CA
1.8,Other,39.7503,-92.5,56126,MO
1.8,Other,39.7503,-92.5,56126,MO
10,Natural Gas,39.748975,-92.384476,56127,MO
1.8,Other,39.761389,-92.453333,56128,MO
1.8,Other,39.761389,-92.453333,56128,MO
1.8,Other,39.761389,-92.453333,56128,MO
1.8,Other,39.761389,-92.453333,56128,MO
2.9,Other,34.8894,-81.0725,56129,SC
2.9,Other,34.8180324,-82.6988078,56130,SC
2.9,Other,34.4364,-83.0464,56131,SC
2.9,Other,34.4364,-82.3642,56132,SC
1,Other,37.9369,-121.3294,56134,CA
1,Other,37.9369,-121.3294,56134,CA
1,Other,37.9369,-121.3294,56134,CA
2,Other,41.6014,-93.5765,56138,IA
4.5,Natural Gas,29.7336,-91.4431,56139,LA
5,Natural Gas,44.598606,-71.510459,56140,NH
5,Natural Gas,44.598606,-71.510459,56140,NH
60,Other,40.6097,-73.7622,56141,NY
85.5,Wind,44.9669,-96.0542,56142,MN
10,Natural Gas,33.9308,-117.2933,56144,CA
10,Natural Gas,33.9308,-117.2933,56144,CA
10,Natural Gas,33.9308,-117.2933,56144,CA
10,Natural Gas,33.9308,-117.2933,56144,CA
1.3,Other,55.4889,-133.1339,56146,AK
1,Other,55.4886,-133.1408,56147,AK
2,Other,44.368056,-100.380833,56148,SD
2,Other,44.368056,-100.380833,56148,SD
2,Other,44.368056,-100.380833,56148,SD
1,Other,44.8186,-91.3717,56149,WI
1,Other,44.8186,-91.3717,56149,WI
1,Other,44.8186,-91.3717,56149,WI
12,Wind,44.9669,-96.0503,56153,MN
50.4,Wind,41.7194,-89.0492,56160,IL
50,Coal,40.7119,-112.1225,56163,UT
25,Coal,40.7119,-112.1225,56163,UT
25,Other,40.7119,-112.1225,56163,UT
75,Coal,40.7119,-112.1225,56163,UT
31.8,Other,40.7119,-112.1225,56163,UT
1.3,Other,34.0473,-117.3403,56167,CA
1.1,Natural Gas,40.24,-74.2553,56169,NJ
1.1,Natural Gas,40.24,-74.2553,56169,NJ
1.3,Other,34.1425,-117.4274,56170,CA
1.3,Other,34.1425,-117.4274,56170,CA
1.1,Other,34.0372,-117.5569,56171,CA
1.1,Other,34.0372,-117.5569,56171,CA
43.5,Wind,43.4006,-95.2794,56172,IA
162,Wind,37.7033,-102.6231,56173,CO
2.1,Wind,33.922564,-116.54519,56175,CA
2,Other,40.95,-88.3833,56176,IL
65,Natural Gas,40.0614,-111.7294,56177,UT
75,Natural Gas,40.0614,-111.7294,56177,UT
2,Other,41.5092,-83.3606,56181,OH
2,Other,41.5092,-83.3606,56181,OH
2,Other,41.5092,-83.3606,56181,OH
2,Other,36.060514,-91.919802,56182,AR
1.6,Other,41.9268734,-85.0685344,56183,MI
1.8,Other,41.9268734,-85.0685344,56183,MI
1.6,Other,41.9268734,-85.0685344,56183,MI
1.6,Other,41.9268734,-85.0685344,56183,MI
1.8,Other,41.9268734,-85.0685344,56183,MI
1.6,Other,41.9268734,-85.0685344,56183,MI
1.6,Other,41.9268734,-85.0685344,56183,MI
1.6,Other,41.9268734,-85.0685344,56183,MI
1.6,Other,41.9268734,-85.0685344,56183,MI
2.9,Natural Gas,40.1519,-122.2014,56184,CA
2.9,Natural Gas,40.1519,-122.2014,56184,CA
2.9,Natural Gas,40.1519,-122.2014,56184,CA
2.9,Natural Gas,40.1519,-122.2014,56184,CA
2.9,Natural Gas,40.1519,-122.2014,56184,CA
2.9,Natural Gas,40.1519,-122.2014,56184,CA
2.9,Natural Gas,40.1519,-122.2014,56184,CA
2.9,Natural Gas,40.1519,-122.2014,56184,CA
2.9,Natural Gas,40.1519,-122.2014,56184,CA
2.9,Natural Gas,40.1519,-122.2014,56184,CA
2.9,Natural Gas,40.1519,-122.2014,56184,CA
2.9,Natural Gas,40.1519,-122.2014,56184,CA
2.9,Natural Gas,40.1519,-122.2014,56184,CA
2.9,Natural Gas,40.1519,-122.2014,56184,CA
2.9,Natural Gas,40.1519,-122.2014,56184,CA
2.9,Natural Gas,40.1519,-122.2014,56184,CA
3.1,Natural Gas,37.1073,-120.2485,56185,CA
3.1,Natural Gas,37.1073,-120.2485,56185,CA
3.1,Natural Gas,37.1073,-120.2485,56185,CA
3.1,Natural Gas,37.1073,-120.2485,56185,CA
3.1,Natural Gas,37.1073,-120.2485,56185,CA
3.1,Natural Gas,37.1073,-120.2485,56185,CA
3.1,Natural Gas,37.1073,-120.2485,56185,CA
3.1,Natural Gas,37.1073,-120.2485,56185,CA
3.1,Natural Gas,37.1073,-120.2485,56185,CA
3.1,Natural Gas,37.1073,-120.2485,56185,CA
3.1,Natural Gas,37.1073,-120.2485,56185,CA
3.1,Natural Gas,37.1073,-120.2485,56185,CA
3.1,Natural Gas,37.1073,-120.2485,56185,CA
3.1,Natural Gas,37.1073,-120.2485,56185,CA
3.1,Natural Gas,37.1073,-120.2485,56185,CA
3.1,Natural Gas,37.1073,-120.2485,56185,CA
23.2,Other,41.0372,-73.5564,56189,CT
23.2,Other,41.0372,-73.5564,56189,CT
23.2,Other,41.0372,-73.5564,56189,CT
23.2,Other,41.0372,-73.5564,56189,CT
23.2,Other,41.0372,-73.5564,56189,CT
3.8,Natural Gas,43.5969,-84.7669,56190,MI
1,Other,43.5969,-84.7669,56190,MI
6.3,Other,48.399007,-119.508871,56191,WA
9.4,Other,48.399007,-119.508871,56191,WA
36,Other,46.153955,-123.40658,56192,OR
3.5,Other,42.355517,-122.904642,56193,OR
5,Other,42.355517,-122.904642,56193,OR
41,Wind,45.5631,-118.3486,56195,OR
1.8,Other,35.2682643,-77.6590489,56197,NC
1.8,Other,35.2682643,-77.6590489,56197,NC
2,Wind,43.9897,-96.2236,56199,MN
2,Wind,43.9931,-96.2186,56200,MN
2,Wind,43.9803,-96.2236,56201,MN
2,Wind,43.9836,-96.2172,56202,MN
2,Wind,43.9867,-96.2233,56203,MN
2,Wind,44.0364,-96.0736,56204,MN
2,Wind,44.0236,-96.0789,56205,MN
2,Wind,44.0197,-96.1183,56206,MN
2,Wind,43.6517,-95.37,56207,MN
2,Wind,43.6517,-95.37,56208,MN
2,Wind,44.0508,-96.0933,56209,MN
2,Wind,43.6517,-95.3847,56210,MN
37.5,Wind,32.3606,-100.3389,56211,TX
8.1,Wind,37.5,-121.5,56213,CA
13.8,Wind,37.5,-121.5,56213,CA
4.7,Wind,33.875,-116.625,56214,CA
1.2,Wind,43.4,-95.6333,56215,MN
1.8,Wind,43.4147015,-95.6432083,56216,MN
1.6,Wind,44.3989,-96.4178,56217,MN
1.8,Wind,43.4058,-95.6575,56218,MN
0.7,Wind,39.2853244,-96.1170744,56219,KS
0.7,Wind,39.2853244,-96.1170744,56219,KS
10.9,Natural Gas,46.158402,-123.40596,56223,OR
3,Wind,36.4725,-101.3278,56225,TX
1.8,Wind,41.3786,-83.7383,56226,OH
1.8,Wind,41.3786,-83.7383,56226,OH
1.8,Wind,41.3786,-83.7383,56226,OH
1.8,Wind,41.3786,-83.7383,56226,OH
2.1,Solar,34.6584,-112.4008,56228,AZ
9,Natural Gas,32.229922,-110.952797,56229,AZ
1.5,Other,33.7036,-84.1494,56231,GA
2,Other,46.6494,-97.6431,56242,ND
4.5,Other,46.591456,-95.564825,56243,MN
1.7,Other,45.2217,-96.2178,56244,SD
1,Other,45.585,-95.9042,56245,MN
0.5,Natural Gas,35.4666001,-97.5132386,56246,OK
0.3,Other,35.4666001,-97.5132386,56246,OK
0.3,Other,35.4666001,-97.5132386,56246,OK
2,Other,44.8283,-93.1167,56247,MN
2,Other,44.8283,-93.1167,56247,MN
2,Other,44.8283,-93.1167,56247,MN
2,Other,44.8283,-93.1167,56247,MN
40,Natural Gas,30.187508,-90.983963,56248,LA
40,Natural Gas,30.187508,-90.983963,56248,LA
0.8,Other,42.8586,-77.0872,56250,NY
0.8,Other,42.8586,-77.0872,56250,NY
0.8,Other,42.8586,-77.0872,56250,NY
0.8,Other,42.8586,-77.0872,56250,NY
160.5,Wind,42.5539,-95.3283,56251,IA
39.1,Other,21.996451,-159.375803,56258,HI
1.5,Other,45.2214,-96.2197,56274,SD
1.5,Other,45.2214,-96.2197,56274,SD
1.5,Other,45.2214,-96.2197,56274,SD
2.4,Wind,35.0728,-118.3522,56275,CA
1.6,Wind,35.0772,-118.3811,56276,CA
0.8,Other,38.8608,-84.6556,56277,KY
0.8,Other,38.8608,-84.6556,56277,KY
0.8,Other,38.8608,-84.6556,56277,KY
0.8,Other,38.8608,-84.6556,56277,KY
0.8,Other,38.4192,-82.7236,56278,KY
0.8,Other,38.4192,-82.7236,56278,KY
0.8,Other,38.4192,-82.7236,56278,KY
0.8,Other,37.035,-84.0933,56279,KY
0.8,Other,37.035,-84.0933,56279,KY
0.8,Other,37.035,-84.0933,56279,KY
0.8,Other,37.035,-84.0933,56279,KY
1.8,Other,45.418875,-83.8075728,56282,MI
1.8,Other,45.418875,-83.8075728,56282,MI
1.8,Other,45.418875,-83.8075728,56282,MI
1.8,Other,45.418875,-83.8075728,56282,MI
1.8,Other,45.418875,-83.8075728,56282,MI
1.8,Other,45.418875,-83.8075728,56282,MI
1.8,Other,45.418875,-83.8075728,56282,MI
1.8,Other,45.418875,-83.8075728,56282,MI
1.8,Other,45.418875,-83.8075728,56282,MI
1.8,Other,45.418875,-83.8075728,56282,MI
5.8,Natural Gas,35.040463,-120.591179,56284,CA
1.8,Other,45.0728461,-83.5015554,56285,MI
1.8,Other,45.0728461,-83.5015554,56285,MI
1.8,Other,45.0728461,-83.5015554,56285,MI
1.8,Other,45.0728461,-83.5015554,56285,MI
1.8,Other,45.0728461,-83.5015554,56285,MI
1.8,Other,45.0728461,-83.5015554,56285,MI
1.8,Other,45.0728461,-83.5015554,56285,MI
1.8,Other,45.0728461,-83.5015554,56285,MI
1.8,Other,45.0728461,-83.5015554,56285,MI
1.8,Other,45.0728461,-83.5015554,56285,MI
1.8,Other,45.0797113,-83.4316754,56286,MI
1.8,Other,45.0797113,-83.4316754,56286,MI
1.8,Other,45.0797113,-83.4316754,56286,MI
1.8,Other,45.0797113,-83.4316754,56286,MI
1.8,Other,45.0797113,-83.4316754,56286,MI
1.8,Other,45.1858722,-83.4044771,56287,MI
1.8,Other,45.1858722,-83.4044771,56287,MI
1.8,Other,45.1858722,-83.4044771,56287,MI
1.8,Other,45.1858722,-83.4044771,56287,MI
1.8,Other,45.1858722,-83.4044771,56287,MI
60,Wind,35.1386,-103.2667,56293,NM
11.2,Other,40.637554,-74.221219,56294,NJ
60,Wind,35.0833,-118.3333,56302,CA
14,Wind,43.5403,-92.7289,56307,MN
10,Wind,43.5403,-92.7289,56307,MN
7.8,Natural Gas,38.6359,-90.1809,56309,MO
7.8,Natural Gas,38.6359,-90.1809,56309,MO
18.2,Natural Gas,38.6359,-90.1809,56309,MO
0.5,Hydroelectric,37.5035,-79.3006,56313,VA
0.5,Hydroelectric,37.5035,-79.3006,56313,VA
0.5,Hydroelectric,37.5035,-79.3006,56313,VA
0.6,Hydroelectric,37.5035,-79.3006,56314,VA
0.6,Hydroelectric,37.5035,-79.3006,56314,VA
0.6,Hydroelectric,37.5035,-79.3006,56314,VA
